1
2
3
4
5
6
7
8
9
10
11
12
13
14
15
16
17
18
19
20
21
22
23
24
25
26
27
28
29
30
31
32
33
34
36
37
38
39
40
41
42
43
44
45
46
47
48
49
50
51
52
54
55
56
57
58
59
60
61
62
63
64
65
66
68
69
70
71
72
73
74
75
76
77
78
79
80
81
82
83
84
85
86
87
88
89
90
91
92
93
94
95
96
97
98
99
100
101
102
103
104
105
106
107
108
109
110
111
112
113
114
115
116
117
118
119
120
121
122
123
124
125
126
127
128
130
131
133
134
135
136
138
139
140
141
142
143
144
145
146
147
149
152
153
155
156
157
158
160
162
164
166
167
168
169
170
171
175
176
177
178
180
181
182
185
186
187
188
189
190
191
192
196
197
198
199
200
201
203
204
205
206
207
208
209
210
211
212
213
216
218
219
220
224
225
228
229
230
232
233
237
238
239
242
243
245
246
248
249
250
251
254
255
256
257
258
262
263
264
266
267
268
269
270
274
277
278
279
280
281
282
283
284
288
289
291
292
293
298
300
301
303
304
305
306
308
309
312
313
314
315
316
317
321
322
323
326
327
328
329
330
331
332
334
336
337
338
339
340
342
343
344
345
346
350
351
352
355
356
357
358
359
364
365
366
367
368
369
370
371
372
373
374
375
376
377
378
379
382
384
385
386
387
388
389
393
394
397
398
401
402
405
406
409
410
411
412
414
417
418
421
422
425
426
429
430
433
434
437
438
441
443
446
447
448
452
453
454
457
458
460
461
464
465
469
470
471
474
475
476
477
478
479
485
486
487
490
491
495
496
497
500
501
505
506
507
510
511
512
513
515
516
518
519
520
523
524
525
526
527
528
530
532
533
535
536
537
538
539
542
543
544
545
546
547
550
551
552
557
558
559
561
562
565
566
570
571
574
575
576
577
578
579
580
581
582
583
586
587
588
589
590
591
593
597
598
599
600
601
603
604
607
608
609
610
611
612
613
615
616
617
618
619
621
622
623
624
625
626
628
629
630
631
635
636
637
638
639
640
641
643
644
645
646
647
648
650
651
652
653
658
659
660
661
662
663
664
665
666
670
671
672
673
674
675
676
677
678
681
682
684
686
687
688
692
693
696
698
699
700
701
702
705
706
707
708
709
711
712
715
716
717
721
722
723
727
728
729
733
734
735
736
737
738
740
741
745
746
747
748
749
750
751
752
753
756
759
760
762
763
764
765
766
767
768
769
770
771
772
773
774
775
776
777
778
779
780
781
782
783
786
789
790
791
792
793
794
795
798
801
802
803
805
806
807
808
809
810
811
812
813
817
818
820
821
822
823
824
825
826
827
828
829
830
832
833
834
835
837
838
842
845
846
848
849
850
851
853
854
856
857
858
859
860
861
862
863
864
866
867
868
869
871
872
876
879
880
881
882
883
884
885
886
887
888
889
890
892
893
894
895
896
898
899
900
903
904
905
906
907
908
909
910
912
913
914
915
917
918
919
920
925
928
929
931
932
933
935
936
937
941
942
943
945
946
947
951
952
953
954
955
957
958
959
963
966
967
968
969
970
972
973
975
976
977
978
980
981
983
984
985
986
988
989
990
991
992
993
996
997
998
999
1001
1002
1008
1011
1012
1014
1015
1016
1017
1019
1020
1021
1022
1023
1024
1025
1026
1028
1029
1030
1031
1032
1034
1035
1036
1039
1040
1041
1042
1043
1044
1045
1046
1047
1048
1049
1051
1052
1053
1058
1061
1062
1065
1066
1068
1069
1070
1071
1072
1073
1074
1075
1076
1077
1078
1079
1080
1081
1082
1084
1086
1087
1088
1089
1092
1095
1098
1099
1101
1102
1103
1104
1105
1106
1107
1108
1109
1110
1111
1112
1115
1117
1118
1119
1120
1123
1126
1129
1130
1131
1132
1133
1134
1135
1136
1137
1138
1139
1140
1142
1143
1144
1147
1148
1149
1150
1151
1153
1154
1155
1158
1159
1160
1161
1162
1164
1165
1167
1168
1170
1171
1172
1173
1176
1177
1178
1179
1183
1184
1186
1187
1188
1189
1190
1193
1196
1197
1198
1199
1200
1203
1204
1205
1206
1208
1211
1212
1214
1215
1216
1217
1218
1219
1220
1223
1224
1226
1227
1228
1229
1230
1231
1232
1233
1234
1235
1236
1237
1239
1242
1243
1244
1246
1249
1250
1251
1252
1253
1254
1255
1256
1260
1261