1
3
4
6
7
8
9
10
12
13
14
15
16
17
18
19
20
22
23
26
27
28
29
30
31
32
33
34
37
38
41
42
45
46
49
50
51
52
55
56
58
59
61
62
64
65
68
69
70
71
74
75
78
79
82
83
86
87
90
91
92
93
96
97
99
100
102
103
105
106
109
110
111
112
115
116
119
120
123
124
127
128
130
131
133
134
137
146
155
156
157
159
160
161
162
163
164
165
166
167
168
169
171
172
173
175
178
179
180
181
182
185
186
189
190
191
192
194
195
196
197
198
199
202
203
206
207
210
211
212
213
214
215
216
218
219
220
221
222
223
224
225
228
229
230
231
232
233
235
238
239
240
241
242
243
244
246
249
250
251
252
253
254
255
257
260
261
262
263
264
265
266
268
271
272
273
274
275
276
277
278
279
282
283
286
287
288
289
291
292
293
298
299
300
301
302
303
304
305
306
307
308
309
310
311
312
313
314
315
316
317
318
319
320
321
323
324
326
327
328
329
332
335
336
337
338
339
340
341
342
343
345
346
347
348
349
350
351
353
354
355
356
357
358
360
361
362
363
364
365
366
367
369
370
371
372
374
375
376
377
379
382
383
386
387
388
389
390
391
392
393
394
396
397
399
401
402
407
408
409
410
412
413
414
416
417
420
421
422
423
424
425
426
427
430
431
432
434
435
437
438
439
440
441
442
444
446
447
448
449
450
454
455
456
459
460
463
464
465
466
471
472
473
474
475
478
481
482
483
484
486
489
491
493
494
495
496
498
502
504
506
508
509
510
512
513
514
515
517
520
522
524
525
526
527
528
529
531
532
533
536
537
540
541
545
546
547
548
551
554
555
556
559
560
562
564
565
566
567
568
569
570
572
574
575
576
577
579
580
582
583
584
587
588
589
590
591
594
595
598
599
600
602
603
605
606
610
613
614
615
616
617
619
620
621
623
624
628
629
630
631
632
633