1
3
4
5
6
8
10
11
12
13
14
15
16
17
19
20
21
22
23
24
25
28
29
30
31
32
33
34
35
37
38
39
41
43
44
45
46
47
49
50
53
54
56
59
60
61
64
65
66
69
70
71
72
73
76
77
80
83
84
85
88
89
90
91
92
93
94
97
98
99
100
102
103
105
108
109
110
111
115
116
117
120
121
122
123
126
127
128
129
132
133
134
135
136
137
139
140
141
142
144
145
148
149
150
151
152
153
155
158
159
160
161
162
163
164
165
166
167
168
170
173
174
176
179
180
181
182
183
184
189
190
191
192
193
194
195
196
197
200
201
202
203
204
205
207
208
209
211
213
214
215
216
217
218
219
222
223
224
225
227
231
232
233
234
235
236
238
239
240
241
242
244
245
246
248
249
250
252
253
254
255
256
257
258