1
2
3
4
5
6
7
8
9
10
11
12
13
14
15
16
17
18
19
20
21
22
23
24
25
26
27
28
29
30
31
32
33
34
36
38
39
40
41
42
43
44
45
46
47
48
49
50
52
53
54
55
56
58
59
60
61
62
64
65
66
67
68
69
70
71
72
73
74
76
77
78
79
80
81
82
83
84
85
86
88
89
90
92
93
94
95
96
97
99
101
102
103
104
105
106
107
108
111
112
113
114
117
118
121
122
125
126
129
130
133
134
137
138
141
142
145
146
149
150
151
152
153
154
155
156
157
161
162
165
166
168
169
170
171
172
174
175
176
178
179
182
183
185
187
188
191
193
194
197
198
200
202
204
205
206
207
208
210
211
212
213
214
215
216
217
218
219
221
225
226
227
228
231
232
233
234
235
236
237
239
240
241
244
247
248
249
251
254
257
258
259
260
262
263
264
265
266
267
268
270
271
272
273
274
275
276
277
279
280
281
283
284
285
286
287
289
293
296
297
298
299
301
302
303
304
305
306
307
308
310
311
312
313
314
315
316
317
319
321
322
323
325
326
327
328
329
331
335
338
339
340
341
342
343
344
345
346
348
349
350
351
352
355
356
357
358
359
363
364
365
367
368
369
370
372
373
374
375
376
377
378
379
380
381
382
383
384
385
387
388
389
391
393
394
395
396
397
398
399
401
402
404
405
406
409
410
411
414
418
419
420
421
422
423
424
425
427
428
429
432
434
435
436
437
438
440
441
442
443
444
445
446
447
451
454
455
456
457
458
459
460
461
463
464
465
466
469
470
471
473
476
477
478
479
480
481
482
483
484
486
488
489
490
491
494
495
496
497
498
499
500
503
506
507
508
509
510
511
512
515
516
517
518
519
520
521
524
525
526
527
528
529
530
531
534
535
536
537
538
539
540
543
544
545
546
547
548
549
550
551
552
553
555
556
558
559
560
562
563
567
568
569
570
571
572
573
574
576
577
579
580
583
584
585
586
587
588
589
590
591
592
593
594
595
596
600
601
602
603
604
605
606
607
608
609
611
614
615
616
617
618
619
621
622
623
625
626
628
631
632
633
634
635
636
637
638
639
641
642
643
644
645
646
647
648
650
651
652
653
657
658
660
661
662
664
665
668
669
670
671
672
673
676
677
678
679
680
683
684
687
688
689
690
691
692
693
695
696
697
698
702
703
704
705
706
707
708
709
710
711
712
713
714
715
716
718
719
720
721
725
726
727
728
729
730
731
732
733
734
735
736
737
738
739
740
741
742
743
744
745
747
748
749
750
751
752
753
754
755
756
757
759
760
761
762
763
765
766
767
768
769
770
774
775
776
777
778
781
782
783
784
785
786
787
788
789
790
793
794
795
796
797
798
799
800
801
802
803
804
807
808
809
810
811
812
816
817
818
819
820
823
824
825
828
829
830
831
832
833
834
837
838
839
841
843
844
846
847
850
853
854
855
857
859
860
861
862
863
864
865
866
867
868
869
870
871
872
875
876
877
880
882
884
885
886
887
889
890
891
892
893
894
895
896
897
898
899
900
901
902
903
904
905
907
910
911
912
913
914
916
917
918
919
920
923
924
925
926
929
930
931
935
938
939
940
942
943
945
946
947
948
950
951
952
953
954
955
956
957
958
959
960
961
962
963
964
965
968
969
970
971
972
973
974
975
976
977
981
982
983
984
985
987
988
989
990
991
992
993
994
995
996
1000
1001
1004
1007
1008
1010
1011
1012
1013
1014
1015
1016
1019
1022
1023
1024
1025
1026
1027
1028
1029
1031
1032
1034
1035
1038
1039
1040
1042
1043
1045
1048
1050
1053
1054
1055
1056
1057
1058
1059
1060
1062
1063
1065
1066
1067
1069
1070
1071
1072
1074
1077
1079
1082
1083
1084
1085
1086
1087
1088
1089
1091
1093
1095
1097
1100
1101
1102
1103
1104
1106
1107
1108
1109
1110
1111
1113
1114
1115
1116
1117
1118
1122
1123
1124
1125
1126
1127
1128
1129
1130
1131
1132
1133
1134
1135
1139
1140
1141
1142
1143
1144
1146
1147
1150
1151
1152
1156
1157
1158
1159
1160
1161
1162
1163
1164
1165
1166
1167
1168
1169
1170
1171
1172
1173
1174
1177
1180
1181
1182
1186
1187
1190
1191
1192
1195
1196
1198
1199
1201
1204
1205
1206
1209
1211
1213
1214
1215
1218
1221
1222
1225
1226
1229
1230
1231
1233
1234
1236
1238
1239
1240
1241
1242
1243
1244
1246
1247
1248
1249
1253
1254
1258
1259
1260
1261
1262
1263
1264
1268
1269
1270
1271
1275
1276
1278
1279
1282
1283
1284
1285
1286
1287
1288
1289
1290
1293
1294
1295
1296
1300
1301
1303
1304
1306
1307
1310
1311
1312
1313
1314
1315
1319
1320
1323
1324
1326
1329
1330
1331
1333
1334
1335
1336
1339
1340
1341
1342
1346
1347
1350
1351
1352
1354
1355
1356
1357
1358
1359
1364
1365
1368
1369
1370
1372
1373
1374
1375
1378
1380
1381
1384
1385
1386
1387
1388
1390
1392
1393
1394
1396
1397
1398
1399
1403
1404
1406
1408
1410
1414
1415
1418
1419
1422
1423
1424
1426
1429
1430
1431
1433
1435
1438
1439
1442
1443
1445
1446
1449
1450
1451
1452
1453
1454
1455
1456
1457
1462
1463
1466
1467
1468
1469
1471
1472
1474
1475
1478
1479
1480
1481
1482
1483
1484
1485
1486
1487
1488
1489
1491
1492
1493
1494
1498
1499
1502
1503
1504
1505
1509
1510
1511
1512
1516
1517
1518
1519
1520
1522
1523
1528
1529
1531
1532
1535
1536
1537
1538
1539
1540
1543
1544
1547
1548
1549
1550
1552
1553
1556
1557
1558
1559
1561
1562
1563
1564
1565
1566
1567
1569
1570
1571
1572
1576
1577
1580
1581
1586
1587
1588
1589
1590
1592
1593
1597
1598
1599
1600
1601
1603
1604