1
2
3
4
5
6
7
8
9
10
11
12
13
14
15
16
17
18
19
20
21
22
23
24
25
26
27
28
30
31
33
34
35
36
37
38
39
40
42
43
44
45
46
47
48
49
50
52
53
54
56
57
59
60
61
63
65
68
69
70
71
74
75
76
79
80
81
85
86
89
90
91
92
93
95
96
97
98
99
100
101
102
104
107
108
110
111
112
113
114
115
119
122
123
124
125
126
128
130
131
132
133
134
135
138
141
142
143
145
148
149
150
151
153
154
156
159
160
161
162
163
164
166
167
168
169
170
172
173
177
178
180
181
182
186
189
190
191
193
194
195
197
199
200
201
202
203
204
205
206
208
211
212
215
216
217
219
220
222
223
224
225
226
227
228
230
233
234
237
238
239
241
242
244
246
247
248
249
250
251
252
253
254
255
258
261
262
265
266
267
269
270
272
273
274
275
276
277
278
279
281
284
285
288
289
290
291
293
295
296
297
298
299
300
301
304
306
309
310
311
312
313
314
316
317
318
319
322
323
324
325
326
327
328
329
330
332
335
337
340
341
342
343
344
345
348
349
350
351
352
353
354
357
358
359
360
361
362
363
366
367
368
369
370
371
372
373
376
377
378
379
381
382
384
387
388
389
391
392
393
395
396
398
399
400
401
402
403
407
408
409
413
414
415
418
419
420
422
423
424
425
426
427
428
429
433
434
435
439
440
441
444
448
449
450
453
454
455
456
458
459
460
461
462
463
464
465
466
469
470
473
474
475
476
477
478
479
482
487
490
491
494
495
496
497
499
500
501
502
503
504
505
506
508
511
512
515
518
519
520
522
524
527
528
529
531
533
536
537
538
539
541
543
546
547
548
550
552
553
556
557
558
560
562
563
566
567
568
570
571
573
576
577
578
580
581
582
583
584
585
586
589
590
593
596
597
598
600
601
602
603
604
605
606
609
610
613
616
617
618
620
621
622
623
624
625
628
632
635
636
637
640
641
642
645
646
647
649
650
651
652
653
654
657
661
664
665
666
669
670
671
672
674
675
676
677
678
679
680
682
685
686
688
691
692
693
696
697
698
701
702
703
704
706
707
708
709
710
711
713
716
717
718
722
723
724
725
728
729
730
733
734
735
738
739
740
741
743
744
745
746
747
748
749
750
751
752
755
758
759
760
764
765
766
767
769
770
771
772
773
774
776
780
783
784
785
788
789
790
793
794
795
797
799
800
802
803
804
805
806
809
812
813
814
815
817
818
819
820
821
822
824
825
826
830
834
837
838
839
842
843
844
845
847
848
849
852
853
854
858
859
860
863
864
865
868
869
870
873
874
875
878
879
880
883
884
885
886
889
890
891
892
895
896
897
900
901
902
903
905
906
907
908
909
910
911
913
916
917
920
923
924
925
926
927
929
930
931
932
933
934
935
936
938
941
942
943
944
945
946
947
950
955
958
959
960
962
964
965
967
968
969
970
971
972
974
975
976
978
981
984
985
986
987
988
990
991
992
993
994
995
996
997
999
1002
1003
1004
1005
1006
1007
1008
1011
1016
1019
1020
1021
1023
1025
1026
1028
1029
1030
1031
1032
1033
1035
1036
1037
1039
1042
1045
1046
1047
1048
1049
1051
1052
1053
1054
1055
1057
1058
1059
1060
1061
1062
1065
1066
1067
1070
1073
1074
1075
1076
1077
1078
1079
1080
1081
1082
1085
1086
1090
1094
1095
1097
1100
1101
1102
1104
1106
1107
1109
1110
1111
1112
1113
1114
1116
1117
1118
1119
1120
1121
1122
1124
1125
1126
1129
1132
1135
1136
1137
1138
1140
1141
1142
1143
1144
1145
1146
1147
1151
1152
1153
1154
1155
1156
1157
1161
1162
1164
1167
1168
1169
1170
1171
1173
1174
1175
1176
1177
1178
1179
1180
1181
1182
1183
1186
1189
1190
1191
1192
1193
1194
1195
1196
1197
1198
1201
1205
1206
1208
1211
1212
1213
1215
1218
1219
1220
1222
1223
1224
1225
1226
1227
1228
1229
1231
1234
1235
1236
1237
1238
1239
1240
1242
1246
1247
1250
1253
1254
1255
1257
1260
1261
1262
1264
1265
1266
1267
1268
1269
1270
1271
1273
1276
1277
1278
1279
1280
1281
1282
1284
1288
1289
1292
1295
1296
1297
1300
1301
1302
1305
1306
1308
1309
1312
1315
1316
1317
1318
1319
1321
1322
1323
1325
1326
1327
1328
1329
1330
1331
1333
1334
1337
1338
1339
1340
1341
1343
1344
1345
1346
1347
1348
1349
1351
1352
1354
1357
1361
1362
1363
1365
1367
1369
1370
1371
1372
1373
1374
1376
1377
1378
1380
1382
1386
1389
1390
1391
1392
1393
1396
1397
1400
1401
1402
1403
1405
1406
1407
1408
1411
1412
1413
1414
1415
1416
1419
1420
1421
1422
1424
1425
1426
1429
1430
1431
1432
1433
1434
1435
1436
1437
1439
1440
1443
1444
1446
1447
1448
1449
1450
1451
1452
1453
1456
1457
1458
1459
1461
1462
1463
1464
1465
1467
1468
1469
1470
1471
1472
1473
1474
1475
1476
1477
1478
1479
1483
1487
1488
1491
1495
1496
1497
1499
1500
1501
1504
1505
1506
1510
1511
1512
1515
1516
1517