1
2
3
4
5
6
7
8
9
10
11
12
13
14
15
16
17
18
19
20
21
22
23
24
25
26
27
28
29
30
31
32
33
34
35
36
38
39
41
42
43
44
46
47
48
49
50
51
52
53
54
55
56
57
58
59
60
61
62
63
64
65
66
67
68
69
70
71
72
73
74
75
76
77
78
80
81
82
83
84
86
87
88
90
91
92
94
95
98
99
102
103
106
107
110
111
114
115
118
119
122
123
126
127
130
131
134
135
138
139
140
141
142
143
144
146
150
151
152
154
155
156
157
158
159
160
161
162
164
168
169
170
171
172
173
174
177
178
179
180
181
182
183
186
187
188
189
190
191
192
193
194
195
198
199
200
201
202
203
204
205
206
209
210
211
213
214
216
217
218
219
223
224
225
227
229
231
234
235
236
240
241
242
245
246
247
248
251
252
253
254
257
258
259
260
261
262
265
266
267
268
269
272
273
274
277
278
279
280
281
282
286
287
288
289
290
291
295
296
299
300
301
302
303
304
307
308
309
310
311
312
313
316
317
318
319
320
321
322
323
324
325
326
328
331
332
333
334
335
336
337
338
339
340
341
342
343
344
345
346
347
348
349
350
351
352
356
357
358
359
360
361
362
365
366
367
370
371
372
375
376
377
379
380
381
382
383
384
385
386
387
389
390
392
395
396
397
398
399
402
403
404
406
407
408
410
411
412
413
414
415
418
420
421
422
423
424
425
426
427
429
432
433
435
436
437
438
440
441
442
443
444
445
446
447
448
450
451
452
453
454
455
456
457
459
460
461
462
463
464
465
467
468
469
470
471
472
473
474
475
476
479
481
482
484
485
486
487
488
489
490
491
492
493
496
497
498
499
501
503
504
506
507
508
511
512
513
515
516
517
520
521
523
524
526
527
528
529
531
532
534
537
538
539
540
544
545
547
548
549
550
551
552
553
554
555
560
561
563
564
565
566
567
568
569
570
571
572
575
576
579
580
581
582
583
584
585
588
589
591
592
593
594
595
596
597
598
599
600
602
604
605
606
607
609
610
611
612
613
614
617
618
619
620
621
622
623
625
626
627
628
629
630
631
632
634
635
636
637
638
640
641
642
643
644
646
647
648
649
650
653
654
656
657
658
659
660
663
664
665
666
669
670
671
674
675
678
679
680
682
683
684
687
688
689
692
693
694
695
696
697
698
699
700
701
702
705
706
707
708
711
712
713
714
715
718
719
720
721
722
723
724
726
727
728
729
730
731
732
733
735
736
737
738
739
740
741
742
745
746
748
749
750
751
753
754
755
756
757
758
759
762
763
764
765
766
767
768
769
770
771
772
774
777
778
781
782
783
784
785
787
788
789
790
791
792
793
794
795
796
799
800
801
804
805
806
807
808
809
810
811
813
815
816
817
818
820
821
823
824
825
826
827
829
830
831
832
833
834
835
836
837
840
841
842
843
845
846
847
848
849
850
851
852
853
854
855
856
857
858
859
860
861
862
863
864
865
866
867
868
869
870
871
872
873
875
878
879
882
883
884
885
886
887
888
889
890
891
892
893
894
898
899
900
901
902
903
904
905
908
909
910
911
912
913
914
915
918
919
920
921
922
923
924
925
926
927
928
929
930
931
932
933
934
935
936
937
938
940
941
942
947
948
949
950
952
953
954
955
956
957
958
959
960
961
962
963
966
967
968
970
973
974
975
976
977
978
979
980
981
982
983
984
986
989
990
991
994
995
996
998
999
1000
1001
1002
1003
1004
1007
1008
1009
1010
1013
1014
1015
1017
1018
1019
1020
1021
1022
1023
1024
1027
1028
1029
1030
1031
1032
1033
1035
1036
1039
1040
1042
1045
1046
1047
1048
1051
1052
1053
1054
1055
1058
1059
1062
1063
1064
1065
1066
1068
1070
1071
1072
1073
1074
1075
1076
1077
1078
1079
1080
1081
1082
1083
1084
1085
1086
1087
1088
1091
1094
1095
1097
1098
1099
1100
1101
1102
1103
1104
1105
1106
1109
1112
1113
1114
1115
1116
1117
1118
1119
1120
1123
1124
1125
1126
1129
1130
1131
1132
1133
1136
1137
1140
1141
1142
1143
1144
1146
1148
1149
1150
1151
1152
1153
1154
1157
1160
1161
1162
1165
1166
1167
1168
1169
1170
1171
1172
1174
1177
1180
1181
1182
1183
1184
1185
1186
1187
1188
1190
1191
1192
1193
1194
1195
1197
1198
1199
1201
1202
1205
1206
1207
1208
1209
1212
1213
1214
1215
1218
1219
1220
1221
1222
1223
1224
1225
1226
1227
1229
1232
1233
1234
1235
1236
1237
1239
1240
1242
1243
1246
1247
1248
1249
1250
1251
1252
1253
1255
1256
1259
1260
1261
1262
1263
1264
1265
1266
1267
1268
1269
1270
1271
1272
1274
1277
1278
1281
1282
1283
1284
1285
1286
1287
1289
1290
1293
1294
1295
1296
1297
1298
1299
1300
1301
1302
1304
1305
1306
1309
1310
1311
1312
1313
1314
1316
1317
1318
1319
1322
1323
1324
1325
1326
1327
1328
1329
1330
1331
1334
1335
1336
1339
1340
1341
1344
1345
1346
1347
1348
1350
1351
1353
1354
1355
1358
1359
1360
1361
1364
1365
1366
1367
1368
1370
1372
1375
1376
1377
1378
1379
1380
1382
1383
1384
1385
1387
1388
1389
1390
1394
1395
1398
1399
1400
1401
1402
1405
1406
1407
1408
1409
1410
1411
1412
1413
1414
1415
1418
1419
1420
1421
1422
1423
1424
1425
1427
1429
1430
1432
1435
1436
1437
1438
1440
1441
1442
1443
1445
1446
1447
1448
1452
1453
1456
1457
1458
1459
1462
1463
1464
1467
1468
1469
1470
1473
1474
1475
1476
1477
1478
1479
1480
1481
1484
1485
1488
1489
1490
1491
1492
1493
1494
1495
1496
1497
1500
1501
1502
1503
1506
1508
1509
1510
1511
1513
1514
1515
1516
1518
1519
1521
1522
1523
1524
1525
1526
1527
1528
1529
1530
1531
1532
1533
1534
1536
1537
1539
1540
1541
1542
1543
1544
1545
1546
1547
1548
1549
1550
1552
1553
1556
1557
1558
1559
1562
1563
1564
1565
1566
1567
1571
1572
1573
1574
1578
1580
1581
1582
1583
1584
1586
1587
1588
1589
1590
1593
1594
1595
1596
1597
1598
1599
1600
1601
1602
1604
1606
1607
1608
1609
1610
1611
1612
1613
1614
1615
1616
1617
1618
1619
1620
1621
1622
1623
1624
1625
1626
1627
1628
1629
1631
1636
1637
1638
1639
1640
1641
1642
1643
1644
1645
1646
1647
1648
1651
1652
1653
1654
1655
1656
1657
1660
1661
1662
1663
1664
1665
1666
1667
1668
1669
1670
1671
1672
1675
1676
1677
1678
1679
1680
1681
1682
1683
1684
1685
1686
1687
1688
1689
1690
1691
1692
1693
1695
1700
1701
1702
1703
1704
1707
1708
1709
1710
1711
1712
1714
1715
1716
1717
1719
1722
1723
1724
1725
1726
1727
1728
1730
1731
1732
1733
1735
1736
1738
1741
1742
1743
1746
1747
1748
1749
1752
1753
1754
1755
1756
1757
1758
1760
1761
1762
1763
1764
1765
1766
1767
1768
1771
1773
1774
1775
1778
1779
1780
1781
1782
1785
1786
1787
1788
1789
1790
1791
1792
1793
1796
1797
1798
1799
1800
1801
1802
1803
1804
1807
1808
1809
1810
1811
1812
1814
1816
1817
1818
1820
1823
1824
1826
1827
1828
1829
1830
1831
1833
1835
1837
1838
1839
1840
1841
1842
1843
1845
1846
1848
1849
1850
1852
1853
1854
1855
1856
1857
1858
1859
1860
1861
1862
1863
1864
1865
1866
1867
1868
1869
1870
1872
1873
1874
1875
1877
1878
1879
1880
1881
1882
1883
1886
1887
1888
1889
1891
1892
1893
1897
1898
1899
1900
1901
1904
1905
1908
1909
1911
1912
1913
1914
1915
1916
1917
1919
1920
1922
1924
1925
1926
1927
1928
1929
1930
1931
1934
1935
1936
1939
1940
1942
1943
1945
1947
1948
1949
1950
1951
1952
1955
1956
1957
1958
1959
1962
1963
1965
1966
1967
1968
1969
1970
1972
1973
1974
1975
1976
1977
1978
1979
1980
1982
1983
1984
1985
1986
1987
1988
1989
1990
1991
1993
1994
1996
1997
1998
1999
2000
2002
2003
2004
2005
2009
2010
2011
2012
2013
2014
2015
2016
2017
2018
2019
2020
2021
2022
2023
2024
2026
2027
2028
2029
2031
2032
2033
2034
2035
2036
2037
2040
2041
2042
2043
2045
2046
2047
2051
2052
2053
2056
2057
2060
2061
2064
2065
2067
2068
2069
2070
2071
2072
2073
2074
2078
2081
2082
2083
2086
2087
2088
2089
2090
2093
2094
2095
2096
2099
2100
2101
2102