1
2
3
4
5
6
7
8
9
10
11
12
13
14
15
16
17
18
19
20
21
22
23
24
25
26
27
28
29
30
31
32
33
34
35
36
37
39
40
42
44
45
46
47
48
49
50
51
52
53
54
55
56
58
59
60
61
62
63
64
65
67
68
69
70
71
72
73
74
75
77
79
80
81
82
83
84
86
87
88
89
91
92
93
95
96
97
98
99
100
101
102
103
104
107
108
110
111
113
114
115
116
118
119
120
121
122
123
124
125
127
128
129
130
131
133
134
135
136
138
139
140
142
143
144
145
146
147
148
150
151
152
153
155
156
157
158
160
161
162
164
165
166
168
169
170
172
173
174
175
177
178
179
180
182
183
184
186
187
188
189
191
192
193
194
196
197
198
199
200
201
203
204
205
206
207
208
209
210
211
212
214
215
216
217
218
219
220
221
222
224
225
227
228
229
230
231
232
233
234
235
237
238
239
240
242
243
244
245
246
247
248
249
250
251
252
254
255
256
257
258
259
260
261
262
263
264
266
267
268
269
270
271
272
274
275
276
277
278
280
281
282
283
284
286
287
288
289
291
292
293
294
296
297
298
300
301
302
303
305
306
307
308
310
311
312
313
315
316
317
319
320
321
322
323
325
326
327
328
329
330
331
332
334
335
336
337
338
339
340
341
343
344
345
346
347
349
350
351
352
353
355
356
357
358
359
361
362
363
364
366
367
368
369
371
372
373
374
375
377
378
379
380
381
383
384
385
386
387
389
390
391
392
393
395
396
397
398
400
401
402
403
404
406
407
408
409
410
411
412
413
414
415
416
417
418
419
420
421
422
423
424
425
426
427
428
429
430
431
432
433
434
435
436
437
438
439
440
441
442
443
444
446
447
448
449
451
452
453
454
455
456
457
458
460
461
463
464
465
466
467
468
469
470
471
473
475
476
477
478
479
480
481
483
484
485
486
487
488
489
490
491
492
494
495
496
497
498
499
501
502
503
504
505
506
507
509
510
512
514
515
516
517
518
519
520
521
522
523
524
525
527
528
529
530
531
532
533
534
535
536
537
538
539
540
541
542
543
544
545
546
548
550
551
553
554
556
557
558
559
561
562
563
564
566
567
569
570
572
573
574
575
576
577
578
579
581
582
583
584
585
587
588
589
590
591
592
593
595
596
597
598
600
601
602
603
604
605
607
608
609
610
611
612
614
615
616
617
618
619
620
621
623
624
625
626
627
628
629
631
632
633
634
635
636
637
638
639
641
642
643
644
645
646
647
648
649
650
652
653
654
655
656
657
658
659
660
662
663
664
666
667
668
670
671
672
674
675
676
677
678
679
680
681
682
683
684
685
686
687
688
689
690
691
692
693
694
695
696
697
698
699
700
701
703
704
705
706
707
708
709
710
711
712
713
714
715
716
717
718
719
720
721
722
723
724
725
726
727
728
729
730
732
733
734
735
736
737
738
739
740
741
742
744
745
746
747
748
749
750
751
752
753
754
756
757
758
759
760
761
762
763
764
765
767
768
769
770
771
772
774
775
776
777
778
779
781
782
783
784
785
786
787
788
789
791
792
793
795
796
797
799
800
801
802
803
804
805
806
807
808
809
810
811
812
814
815
816
817
818
819
820
821
822
823
824
825
827
828