1
2
3
4
5
6
7
8
9
10
11
12
13
14
15
16
17
18
19
20
21
22
23
24
25
26
27
28
29
30
31
32
33
34
35
36
37
38
40
41
42
43
44
45
46
47
48
50
51
52
53
54
55
56
57
58
59
60
61
62
63
65
66
67
68
69
70
71
72
73
75
76
78
79
81
82
83
84
85
86
88
90
91
92
93
95
96
97
98
102
103
105
107
109
110
111
113
114
115
116
117
119
120
121
122
123
124
125
126
127
128
130
131
133
134
139
140
141
142
143
144
145
146
147
150
151
152
155
156
157
160
161
164
165
166
169
170
171
172
173
174
176
180
181
183
184
186
188
190
192
195
196
199
200
203
204
207
208
211
212
215
216
219
220
221
222
225
226
227
230
231
232
233
234
237
239
240
241
243
246
247
248
251
252
253
254
257
258
259
260
263
264
265
268
269
270
273
274
275
278
279
280
281
282
283
284
287
288
289
290
291
292
295
298
299
300
301
304
307
308
309
310
313
316
317
318
319
322
325
326
327
328
331
334
335
336
337
339
340
341
342
345
348
349
350
352
353
356
357
358
360
362
363
364
365
366
369
370
371
373
376
377
379
381
384
385
386
388
389
390
391
393
395
396
397
398
399
402
403
404
406
409
410
411
412
415
416
417
418
421
424
425
426
427
428
429
431
434
435
436
438
439
440
441
443
444
447
448
449
450
451
452
453
454
457
459
462
463
464
465
466
469
470
471
472
473
476
477
478
481
482
483
484
485
486
487
491
494
495
496
499
500
501
502
503
504
507
508
511
512
513
516
517
518
521
522
523
526
527
528
531
532
533
536
537
538
541
542
543
546
547
548
551
552
553
555
558
559
560
563
564
565
566
567
569
572
573
576
577
580
581
584
585
586
587
588
591
592
593
594
595
598
599
600
601
602
603
604
605
606
607
608
609
610
611
612
614
615
616
618
619
620
622
625
626
627
630
632
633
634
635
636
639
640
641
642
643
644
647
648
649
650
653
654
655
656
657
660
661
662
663
665
666
667
668
669
670
671
673
674
675
677
678
679
680
681
682
683
684
685
686
687
689
690
693
695
698
699
700
702
703
705
706
707
709
710
711
713
714
716
718
721
722
723
726
727
728
731
732
733
736
737
738
739
740
741
742
743
744
745
746
747
748
749
750
751
752
753
754
755
759
760
762
764
765
766
767
769
770
771
772
774
775
777
778
779
780
781
782
783
784
785
786
787
788
789
790
791
793
795
796
799
802
803
804
805
809
810
812
814
815
816
817
819
820
821
822
823
824
825
828
829
830
832
833
834
835
837
838
839
840
841
843
844
848
849
852
853
855
856
857
858
859
860
862
863
864
865
866
867
868
871
872
875
876
880
882
883
884
885
886
889
890
891
893
897
898
899
900
903
904
905
906
908
909
910
911
912
914
916
917
918
919
920
922
923
924
925
927
928
930
931
933
934
937
938
941
942
943
944
945
947
948
949
951
952
955
956