1
2
3
4
5
6
7
8
9
10
11
12
13
14
15
16
17
19
20
21
22
23
24
25
27
29
30
31
32
33
34
35
36
37
38
39
40
41
42
43
44
45
46
47
48
49
50
51
52
53
54
55
56
57
58
59
60
61
62
63
64
65
66
67
68
71
72
73
74
75
76
77
78
79
80
81
82
83
84
85
86
87
88
89
90
91
92
93
94
95
96
97
98
99
100
101
102
103
104
105
106
107
108
109
110
111
112
113
114
115
116
117
118
119
120
121
122
123
124
125
126
127
128
129
130
131
132
133
134
135
136
137
138
139
140
141
142
143
144
145
147
149
150
151
152
153
154
156
159
160
162
163
164
167
168
170
172
174
178
179
180
181
182
183
187
188
189
190
191
192
194
196
197
198
199
200
201
203
206
207
209
211
212
214
216
218
219
221
230
231
232
233
235
236
237
238
240
241
243
244
246
248
250
252
253
254
255
256
257
258
259
260
261
262
263
265
266
267
268
269
271
272
274
275
276
277
278
280
281
282
283
284
286
287
288
289
290
291
292
294
297
298
299
300
301
302
303
304
306
307
310
311
312
313
314
315
316
317
318
319
321
323
325
327
329
333
334
335
336
337
338
339
340
341
342
344
346
347
349
351
352
354
356
358
359
364
366
368
371
377
378
379
380
381
383
384
386
388
390
391
398
399
400
401
402
403
404
405
406
408
411
412
413
414
415
416
417
419
420
422
423
425
426
427
429
430
432
433
434
435
437
439
440
441
443
445
446
447
449
455
458
459
460
461
462
463
464
465
466
467
468
469
470
471
472
473
475
477
479
481
485
486
487
488
489
490
492
494
496
498
502
505
506
507
508
509
510
511
512
513
514
515
516
518
519
520
521
522
523
524
525
527
528
529
531
533
536
537
538
539
540
541
542
543
546
547
548
549
550
551
552
553
555
556
557
558
559
560
561
562
563
565
566
568
570
572
576
578
580
583
584
585
586
587
588
590
591
592
594
595
597
599
602
603
604
605
606
607
608
609
610
611
612
613
614
615
616
617
618
619
621
624
625
626
627
628
629
631
632
634
637
638
639
642
643
644
645
646
647
648
650
653
654
655
656
657
658
660
663
664
665
666
667
668
669
670
672
673
675
676
677
679
680
682
683
684
685
686
687
688
692
695
696
697
698
699
700
701
702
703
705
708
709
710
711
712
713
714
715
716
717
718
719
721
723
725
726
728
729
730
731
733
735
737
738
740
743
744
745
746
748
750
752
753
755
756
758
761
762
766
767
768
770
775
776
777
778
779
780
781
782
783
784
785
786
787
788
789
790
791
793
794
795
797
799
800
802
803
806
807
809
810
812
813
815
816
818
820
821
823
824
826
827
829
830
831
833
834
837
838
841
842
843
844
846
848
850
853
854
856
857
862
863
864
865
866
867
868
870
872
874
875
876
878
880
881
883
884
886
888
895
896
897
898
900
902
904
906
907
909
910
912
917
918
919
920
921
922
923
924
925
926
927
928
929
930
931
932
933
935
937
939
941
945
946
947
948
949
950
951
952
954
957
958
959
960
961
962
963
964
966
968
970
972
976
977
978
979
980
982
984
985
987
989
992
995
996
997
998
999
1000
1001
1002
1003
1004
1006
1009
1010
1011
1012
1013
1014
1015
1016
1017
1018
1019
1020
1022
1025
1026
1027
1028
1029
1030
1032
1033
1035
1037
1039
1044
1047
1048
1049
1050
1051
1052
1053
1054
1055
1056
1058
1059
1060
1061
1062
1063
1065
1066
1067
1069
1071
1075
1076
1077
1078
1079
1081
1083
1085
1090
1091
1092
1093
1094
1095
1096
1097
1098
1099
1100
1101
1102
1103
1106
1108
1109
1111
1112
1114
1115
1116
1117
1118
1119
1120
1121
1123
1124
1126
1129
1130
1131
1132
1133
1134
1138
1139
1140
1141
1142
1143
1144
1145
1146
1147
1148
1149
1150
1151
1152
1153
1154
1155
1156
1157
1159
1161
1162
1164
1165
1167
1169
1173
1174
1176
1178
1181
1182
1184
1186
1189
1192
1195
1196
1197
1198
1199
1200
1201
1203
1206
1207
1208
1209
1210
1211
1212
1213
1214
1215
1216
1218
1219
1222
1223
1224
1225
1226
1227
1229
1232
1233
1234
1235
1237
1239
1242
1243
1245
1247
1248
1250
1251
1253
1256
1258
1259
1261
1265
1267
1273
1275
1277
1279
1282
1283
1284
1285
1286
1287
1288
1290
1292
1293
1294
1296
1297
1298
1299
1300
1302
1304
1305
1306
1307
1309
1311
1312
1315
1318
1319
1320
1321
1322
1323
1324
1325
1326
1327
1328
1329
1331
1333
1334
1335
1336
1337
1338
1340
1342
1343
1344
1345
1346
1347
1349
1353
1354
1355
1356
1357
1359
1360
1362
1364
1365
1367
1373
1374
1375
1376
1378
1379
1381
1383
1385
1391
1392
1393
1394
1396
1397
1400
1401
1402
1403
1405
1407
1409
1411
1413
1415
1421
1422
1423
1424
1426
1427
1429
1431
1433
1439
1440
1441
1442
1443
1445
1447
1449
1451
1452
1453
1454
1456
1457
1458
1459
1460
1461
1462
1464
1466
1469
1471
1473
1474
1475
1478
1479
1480
1481
1482
1483
1484
1485
1486
1487
1489
1491
1492
1493
1495
1496
1497
1501
1503
1504
1505
1506
1510
1511
1512
1513
1514
1515
1517
1520
1521
1522
1523
1524
1525
1527
1529
1531
1533
1534
1535
1537
1538
1539
1541
1545
1546
1547
1548
1549
1551
1554
1555
1556
1557
1558
1559
1560
1561
1562
1563
1565
1567
1568
1570
1571
1572
1573
1574
1575
1576
1578
1579
1580
1582
1583
1584
1586
1588
1589
1591
1592
1594
1595
1596
1598
1603
1604
1607
1608
1609
1610
1611
1612
1614
1616
1618
1619
1620
1621
1622
1626
1627
1628
1629
1630
1631
1632
1633
1635
1636
1639
1640
1641
1642
1643
1645
1647
1650
1651
1652
1653
1654
1658
1659
1661
1662
1664
1667
1668
1669
1670
1674
1675
1676
1677
1678
1679
1680
1681
1682
1683
1684
1686
1687
1690
1691
1692
1693
1694
1695
1697
1699
1701
1703
1706
1708
1714
1715
1716
1717
1718
1719
1721
1724
1725
1726
1727
1728
1729
1730
1731
1732
1733
1735
1736
1738
1739
1740
1741
1745
1746
1747
1748
1753
1754
1755
1756
1757
1758
1759
1760
1761
1762
1763
1764
1769
1770
1771
1772
1774
1776
1777
1779
1780
1782
1788
1789
1790
1791
1792
1793
1794
1795
1796
1797
1799
1801
1803
1807
1808
1809
1810
1811
1812
1814
1816
1818
1820
1822
1824
1825
1827
1828
1830
1831
1832
1834
1836
1837
1839
1841
1842
1847
1849
1853
1854
1855
1856
1858
1860
1862
1867
1868
1869
1870
1871
1872
1874
1876
1878
1880
1881
1882
1885
1887
1888
1889
1892
1896
1897
1898
1899
1900
1901
1903
1906
1907
1908
1909
1910
1911
1912
1914
1917
1918
1919
1920
1921
1922
1924
1927
1928
1929
1930
1931
1932
1933
1935
1938
1939
1940
1941
1942
1943
1945
1948
1949
1950
1951
1952
1954
1957
1958
1959
1961
1963
1964
1965
1966
1967
1971
1972
1973
1974
1975
1976
1978
1980
1983
1984
1985
1986
1987
1988
1989
1990
1992
1993
1994
1995
1997
1998
1999
2000
2002
2004
2005
2008
2009
2010
2011
2012
2013
2015
2017
2020
2021
2022
2023
2024
2025
2026
2027
2028