1
2
3
4
5
6
7
8
9
10
11
12
13
14
15
16
17
19
20
21
22
24
25
26
27
28
29
30
31
34
35
36
37
38
39
40
41
42
43
44
46
48
49
51
52
53
54
56
57
59
60
62
63
64
65
67
69
70
72
73
77
78
79
80
81
82
83
85
86
89
90
91
92
93
94
95
96
98
100
102
104
105
106
108
110
112
114
116
117
121
123
127
130
131
132
133
134
135
137
139
141
142
146
147
148
149
150
152
154
156
158
162
163
164
165
167
170
171
172
173
174
175
177
179
180
182
183
185
186
188
190
192
194
195
199
201
203
205
206
207
211
212
214
217
218
219
220
221
223
226
227
229
231
233
236
239
241