1
2
3
4
5
6
7
8
9
10
11
12
13
14
15
16
17
19
20
21
23
25
26
27
28
29
32
33
34
35
36
37
38
40
42
44
45
46
47
48
49
50
51
52
53
54
56
57
60
61
62
63
64
65
66
68
69
70
72
73
74
76
77
78
80
81
83
85
89
91
92
93
94
96
98
99
100
102
103
104
105
107
108
110
111
112
114
115
116
117
118
119
120
121
122
123
124
126
129
130
132
134
137
138
140
141
143
145
146
152
155
156
157
158
159
161
162
164
165
166
168
170
171
172
174
175
177
178
180
182
184
187
189
190
192
193
195
197
199
200
204
205
207
208
209
211
212
213
214
215
216
218
219
221
222
223