1
2
3
4
5
6
7
8
9
10
11
12
13
14
15
16
17
19
20
21
22
23
24
25
26
27
29
30
31
32
33
34
35
36
37
38
40
41
42
43
44
45
46
47
48
49
51
52
53
54
55
57
58
59
60
61
62
64
67
69
71
72
73
75
76
77
79
81
83
85
87
90
92
94
95
97
100
102
103
104
105
107
108
110
111
112
114
115
117
120
122
124
126
127
129
131
135
137
139
141
143
145
149
150
151
152
153
154
155
156
157
158
160
163
164
165
166
167
168
169
170
171
172
174
177
178
179
180
182
184
187
188
189
190
191
193
195
197
199
201
202
206
207
209
210
211
212
213
214
216
217
219
222
224
226
229
232
233
234
235
236
238
240
243
244
246
248
250
252
254
255
256
257
258
259
261
263
265
266
270
271
273
276
277
279