1
2
3
4
5
6
7
8
9
10
11
12
13
14
15
16
17
19
20
21
23
25
26
27
28
29
30
31
32
33
34
35
36
37
38
39
40
41
43
44
45
46
47
48
49
50
51
52
53
54
55
56
57
58
59
60
61
62
63
64
66
68
70
71
72
73
75
77
78
79
80
81
82
83
85
89
90
91
92
94
95
96
97
99
100
101
102
104
105
106
107
109
110
111
112
114
115
116
117
120
121
122
123
124
125
126
127
128
129
130
131
132
133
134
135
136
138
139
141
142
143
145
147
149
151
154
156
157
161
162
163
164
167
169
172
174
177
178
179
180
181
182
183
184
185
186
188
189
190
191
193
194
195
196
199
201
203
204
206
209
210
213
214
215
216
217
218
220
223
224
225
226
227
228
230
233
234
235
236
237
238
239
240
241
243
245
247
248
250
251
252
255
256
258
260
262
264
265
267
268
270
271
273
275
276
278
280
282
284
287
289
290
292
293
295
296
298
302
304
305
307
309
310
314
317
318
319
320
321
322
323
324
325
326
328
331
332
333
334
335
336
337
338
339
340
341
342
343
345
347
349
351
352
355
356
357
358
359
360
361
362
363
364
365
366
367
368
369
370
371
372
373
374
375
376
377
378
379
380
381
382
383
384
385
386
387
388
389
390
391
392
393
395
396
397
398
399
402
403
404
405
406
407
408
409
411
412
413
415
418
419
420
421
422
423
424
425
426
427
428
429
430
431
432
433
434
435
436
438
439
440
441
442
445
446
448
449
450
451
452
453
454
455
456
457
458
459
460
461
462
463
466
467
469
470
471
472
473
474
475
476
477
480
481
483
484
485
486
487
488
489
490
492
493
495
496
497
499
500
502
503
504
506
507
509
510
511
513
514
516
517
518
520
521
523
524
525
527
528
530
531
532
535
537
538
539
540
541
543
545
546
547
548
549
552
553
555
556
557
558
560
562
563
564
565
566
567
568
569
570
571
572
574
577
578
580
581
582
583
584
585
588
589
591
592
593
594
595
596
597
598
599