1
2
3
4
5
6
7
8
9
10
11
12
13
14
15
16
17
19
21
22
23
24
25
26
27
28
29
30
31
32
33
34
35
36
37
38
39
40
41
44
45
46
47
48
49
50
51
52
53
54
55
56
57
58
59
60
61
62
63
64
65
66
67
68
69
70
71
72
74
76
77
78
79
80
82
83
85
86
88
89
91
92
94
95
97
98
100
101
103
104
105
106
107
108
109
111
112
114
115
117
118
120
121
122
123
125
126
127
128
129
130
131
133
136
137
138
139
141
144
145
146
147
149
152
153
154
155
157
161
162
163
164
165
166
167
169
170
171
172
175
176
177
178
180
181
182
184
185
186
187
191
192
193
194
195
197
198
199
200
201
204
205
206
207
208
210
212
213
217
218
219
220
221
223
226
227
228
229
231
234
235
236
237
238
239
240
241
243
245
246
248
249
252
253
254
255
256
257
258
260
261
262
263
264
265
266
268
269
270
271
273
274
275
277
279
280
281
282
283
284
287
288
289
290
292
294
296
299
300
302
303
304
306
307
309
311
312
313
315
316
318
320
321
326
327
328
330
331
333
335
336
339
340
343
344
345
346
347
348
349
350
351
352
353
355
356
358
359
361
362
364
368
370
372
373
375
376
379
381
382
384
389
390
391
392
393
394
395
396
397
398
400
401
403
405
406
407
410
411
412
413
414
415
416
418
419
421
422
424
425
426
427
429
430
432
433
434
436
437
438
439
441
442
444
447
448
449
451
453
454
457
459
461
462
466
467
468
469
470
471
473
476
477
478
479
480
481
483