1
2
3
4
5
6
7
8
9
10
11
12
13
14
15
16
17
19
21
22
23
25
26
27
28
29
30
31
32
33
34
35
36
37
38
39
40
41
42
43
44
45
46
47
48
50
52
53
54
55
57
60
61
62
63
64
65
67
68
71
72
73
74
76
77
78
81
82
83
84
85
86
87
88
89
90
91
92
96
97
98
99
100
101
102
103
104
105
107
110
111
112
113
114
116
118
120
123
124
125
126
127
128
129
130
131
133
134
136
137
138
140
142
144
146
147
150
151
152
154
155
156
158
160
161
163
165
167
168
169
170
176
179
180
181
182
183
184
185
186
188
190
191
192
194
196
200
201
202
203
204
205
207
209
211
212
213
214
219
220
221
222
223
225
227
229
231
235
236
237
238
239
241