1
2
3
4
5
6
7
8
9
10
11
12
13
14
15
16
17
19
21
22
23
24
25
26
27
28
29
30
31
32
33
34
35
36
39
40
41
42
43
44
45
46
47
48
49
50
51
52
53
54
55
56
57
58
59
60
61
62
63
64
65
66
67
68
69
70
71
72
74
76
77
79
80
82
84
86
87
88
89
93
94
95
96
97
99
100
101
104
105
109
110
112
113
114
117
118
119
120
121
123
124
125
126
127
129
131
133
135
137
139
142
144
149
151
153
154
155
156
157
158
160
163
164
165
166
167
169
173
174
175
176
177
178
180
181
184
185
186
187
188
189
190
192
193
196
197
198
199
200
201
202
203
204
205
206
208
209
212
213
214
215
216
217
218
219
220
222
225
226
227
228
229
230
231
232
234
235
238
239
240
241
242
244
245
246
247
250
251
252
253
254
255
256
258
259
262
263
264
265
266
267
268
269
271
272
275
276
277
278
279
280
281
282
283
284
285
286
287
289
291
293
294
296
297
300
301
303
304
307
308
310
311
314
315
316
317
320
321
322
323
324
325
326
327
328
329
330
331
332
334
336
338
339
341
342
345
346
347
348
349
350
352
353
355
357
359
363
364
365
368
369
370
371
372
373
374
376
380
381
382
383
384
385
387
389
391
394
395
396
397
398
399
401
403
405
408
409
410
411
412
414
415
416
418
420
421
424
425
426
427
428
429
430
431
433
434
435
438
439
440
441
442
443
444
446
447
448
449
450
451
455
458
459
460
461
462
463
464
466
467
469
470
472
476
477
478
479
480
481
482
483
484
486
487
488
490
493
494
495
496
497
498
499
501
502
503
504
507
508
509
510
511
512
513
515
517
519
521
524
526
529
531
537
538
539
540
541
543
544
545
546
547
549
550
552
553
555
557
562
564
567
568
569
570
571
572
573
575
578
579
580
581
582
584
587
588
589
590
591
593