1
2
3
4
5
6
7
8
9
10
11
12
13
14
15
16
17
19
20
21
22
23
24
25
27
28
29
30
33
34
35
36
37
38
39
40
41
43
44
45
46
48
49
51
53
54
57
59
62
64
67
68
69
70
71
73
77
79
80
81
82
86
87
88
89
91
92
95
96
97
98
100
101
104
105
106
107
108
109
110
111
112
113
114
115
116
118
120
122
123
126
128
130
131
133
137
140
141
142
143
144
145
146
147
148
149
150
151
152
154
156
157
159
162
165
166
167
168
169
170
172
173
175
177
180
182
185
187
188
190
192
193
195
200
202
205
207
209
210
212
215
216
218
221
222
224
227
228
230
233
234
236
239