1
2
3
4
5
6
7
8
9
10
11
12
13
14
15
16
17
19
21
22
23
24
25
26
27
28
29
30
32
33
34
35
36
37
38
39
40
41
42
43
44
45
46
47
48
49
51
53
54
56
57
58
59
60
61
62
63
64
66
69
70
71
72
73
74
75
76
77
79
80
83
85
88
90
92
94
97
100
102
104
106
109
112
114
117
119
121
123
125
126
128
129
130
132
134
137
139
141
144
145
147
150
151
153
154
156
159
160
162
163
165
166
167
169
170
172
175
176
178
180
181
184
186
188
189
192
195
197
199
201
204
206
210
211
212
213
215
217
219
221
224
225
226
227
228
229
231
232
233
234
235
237
238
240
241
243
246
248
250
252
253
256