1
2
3
4
5
6
7
8
9
10
11
12
13
14
15
16
17
19
20
21
22
23
24
25
26
27
28
29
31
32
33
34
35
36
37
38
39
40
41
42
43
44
45
46
47
48
50
52
54
56
57
59
61
63
64
65
66
67
68
69
70
71
73
74
77
78
79
80
81
82
83
84
85
86
87
88
90
93
94
95
96
97
98
99
100
101
102
103
104
105
107
108
109
110
113
114
115
116
117
118
119
120
121
123
124
126
128
129
132
133
134
135
136
137
138
140
143
144
145
146
147
148
149
151
153
154
155
158
159
160
161
163
165
167
169
172
175
176
177
178
180
182
184
186
188
190
194
195
196
197
198
199
200
202
203
205
206
208
209
213
216
217
218
219
221
223
225
227
231
233
235
237
239
241
243
248
249
251
253
255
257
260
262
264
265
269
271
273
277
278
281
282
283
284
285
286
287
288
289
290
292
293
294
296
297
298
300
302
306
309
310
311
312
313
314
316
318
322
323
324
325
326
327
328
329
331
334
335
336
337
338
340
342
345
346
347
348
349
351
354
355
356
357
358
360
363
365
368
369
370
371
372
373
374
375
377
379
380
382
385
386
387
388
389
390
391
392
393
394
395
397
399
401