1
2
3
4
5
6
7
8
9
10
11
12
13
14
15
16
17
19
20
21
22
24
25
26
27
28
29
30
31
32
33
34
35
38
39
40
41
42
43
44
45
46
47
49
50
51
52
54
56
57
58
59
61
62
65
66
68
69
70
72
74
75
76
77
78
79
80
81
83
87
88
89
90
91
95
97
98
100
101
102
103
105
108
109
110
111
112
113
114
116
117
119
121
122
124
127
128
129
130
132
134
138
139
140
141
142
143
144
146
149
150
151
152
153
154
156
159
160
161
162
163
164
165
166
167
169
171
173
175
179
182
183
184
185
187
190
191
192
193
195
198
199
200
201
203
206
207
208
209
210
212
215
216
217
218
219
220
221
222
223
225
226
229
230
231
232
233
234
235
236
238
239
242
243
244
245
246
247
248
249
250
252
253
256
257
258
259
260
261
262
263
264
266
269
270
271
272
273
274
276
277
280
281
282
283
284
285
287
290
291
292
293
294
295
296
297
298
299
300
301
302
303
304
305
307
308
309
310