1
2
3
4
5
6
7
8
9
10
11
12
13
14
15
16
17
19
20
21
22
23
24
25
26
27
28
29
30
32
33
35
36
37
38
39
40
41
42
43
44
45
46
47
49
50
51
52
53
54
56
58
59
61
62
63
65
66
68
69
71
72
73
74
75
76
77
78
79
82
83
84
85
86
87
89
91
92
94
96
97
101
102
103
104
106
107
108
109
111
112
113
114
116
117
118
119
121
122
123
124
126
127
128
129
130
131
132
134
136
137
139
140
142
143
145
146
147
149
151
152
154
157
158
160
161
162
164
166
167
169
170
171
172
176
177
179
180
181
182
184
185
187
188
190
191
193
194
196
197
198
199
200
201
202
203
204
205
206
207
208
210
212
213
214
217
218
221
224
225
226
227
229
232
233
234
235
237
240
241
242
243
244
245
246
247
249
250
252
253
254
256
257
258
259
261
262
263
264
266
268
269
273
274
276
277
281
282
285
286
287
288
289
290
292
295
296
297
298
300
303
304
305
306
308
311
312
313
314
316
317
318
319
321
322
323
324
326
327
328
329
331
332
333
334
336
337
338
339
340
341
342
344
345
346
347
350
351
352
353
354
355
357
359
360
361
362
363
364
365
366
368
370
371
376
377
378
379
381
383
384
385
386
388
389
390
391
393
394
395
397
398
401
402
403
404
405
407
408
411
412
413
414
415
417
418
419
420
422
423
425
426
427
430
431
434
435
436
437
439
442
443
444
445
447
450
451
452
453
455
456
459
460
461
462
464
467
468
469
470
472
476
477
478
479
481
483
484
485
486
488
489
490
491
493
494
495
496
498
499
500
501
503
504
505
506
508
509
510
511
513
514
515
516
517
518
519
521
522
523
524
526
528
530
532
534
536
539
540
541
542
543
545
548
549
550
551
552
553
555
556
559
560
561
562
563
565
566
567
569
571
573
577
578
579
580
582
584
586
588
590
593
596
597
598
599
600
601
602
603
605
609
610
611
612
614
616
617
618
619
621
622
623
624
626
627
628
629
631
632
634
635
637
638
640
641
644
645
647
651
652
654
655
656
658
659
661
662
664
665
666
668
669
670
675
676
677
678
681
682
683
684
686
688
690
693
696
697
698
699
700
701
702
704
705
706
708
709
711
713
717
718
721
722
723
724
726
727
728
730
731
732
734
735
737
740
741
743
744
747
748
749
750
752
754
758
759
760
761
763
764
766
768
771
773
775
777
781
782
783
784
785
786
788
789
791
792
794
795
797
799
800
802
803
806
807
808
809
810
812