1
2
3
4
5
6
7
8
9
10
11
12
13
14
15
16
17
19
21
22
23
24
25
26
27
28
29
30
31
32
33
34
35
36
37
38
40
41
42
43
44
45
46
47
48
50
51
53
54
55
56
57
58
59
61
64
65
66
67
68
69
70
72
75
76
77
78
79
80
81
82
83
85
88
89
91
94
95
96
97
98
99
100
102
105
106
107
108
109
110
111
112
113
115
118
119
120
121
122
123
124
125
126
128
131
132
133
134
135
136
137
138
139
141
142
144
146
147
148
149
150
151
153
154
156
157
159
161
162
164
167
171
172
173
174
175
176
178
181
182
183
184
186
188
189
191
194
195
196
197
198
199
200
201
203
204
206
209
210
212
215
216
219
220
221
222
223
224
225
226
227
228
230