1
2
3
4
5
6
7
8
9
10
11
12
13
14
15
16
17
19
20
21
22
23
24
25
26
27
28
29
30
31
32
33
35
36
37
39
40
41
44
45
46
47
48
49
50
52
54
56
58
60
62
64
66
68
70
72
74
76
78
80
82
84
85
86
87
88
89
91
92
95
96
97
98
99
100
101
103
104
105
108
109
110
111
112
113
114
115
116
118
119
122
123
124
125
126
127
128
129
130
131
133
134
136
137
139
142
143
144
145
146
147
148
149
150
152
155
156
157
158
159
160
161
162
164
167
168
169
170
171
172
173
174
175
177
180
181
182
183
184
185
186
187
188
190
193
194
195
196
197
198
199
200
202
205
206
207
208
209
210
211
212
214
217
218
219
220
221
222
226
227
228
229
230
231
233
236
237
238
239
240
241
243
245
247
249
251
253
257
258
259
260
261
262
264
268
269
270
271
272
273
275
278
279
280
281
282
283
285
287
289
291
295
296
297
298
299
300
302
305
306
307
308
309
310
311
312
313
315
316
318
320
322
326
327
328
329
330
331
333
336
337
338
339
340
341
343
346
347
348
349
350
351
353
355
357
358
361
362
363
364
365
366
368
371
372
373
374
375
376
378
381
382
383
384
385
386
387
388
390
392
394
395
398
399
400
401
403
404
405
406
407
408
409
411
412
414
415
417
420
421
423
424
426
429
430
432
435
438
439
440
441
442
443
445
448
449
450
451
452
453
455
458
459
460
461
462
463
465
468
469
470
471
473
476
477
478
479
481
483
485
487
491
492
493
494
495
496
497
498
499
501
502
505
506
507
508
509
510
511
512
513
514
515
517
518
521
522
523
524
525
527
528
529
530
531
532
533
534
535
536
537
538
539
541
543
546
548
550
553
554
556
557
559
562
563
564
565
566
567
568
569
570
571
573
576
577
578
579
580
581
582
586
587
588
589
590
591
592
594
597
598
599
600
601
602
603
605
608
609
610
611
612
613
614
616
619
620
621
622
624
627
628
629
630
631
632
633
634
635
637
640
641
642
643
644
646
647
648
649
650
653
654
655
658
659
660
661
662
663
664
665
666
668
669
671
672
673
674
675
676
678
679
680
681
682
684
685
686
687
689
691
692
693
694
696
698
699
700
701
702
704
705
706
707
708
709
710
713
714
715
716
717
719
721
722
726
728
729
730
731
732
733
734
735
736
738
739
740
743
744
745
746
747
748
749
750
751
753
756
757
758
759
760
761
762
764
767
768
769
770
771
772
773
775
778
779
780
781
782
783
784
785
786
787
788
790
793
794
795
796
797
798
800
803
804
805
806
808
809
811
813
815
819
820
821
822
823
825
828
830
832
834
836
838