1
2
3
4
5
6
7
8
9
10
11
12
13
14
15
16
17
19
20
21
22
23
25
26
27
28
29
30
31
32
33
34
35
36
37
38
39
40
41
42
43
44
45
46
47
48
51
52
53
54
55
56
57
58
59
60
61
62
63
64
65
66
67
68
69
70
71
72
73
74
75
76
77
78
79
80
81
82
83
84
85
86
87
88
89
90
91
92
93
94
95
96
97
98
99
100
101
102
103
104
105
106
107
108
109
110
111
112
113
114
115
116
117
118
119
121
122
124
125
127
128
130
131
133
134
136
138
139
141
142
144
145
147
148
149
150
151
153
154
156
157
158
159
160
161
162
163
165
166
167
168
170
173
174
175
176
177
178
179
180
182
185
186
187
188
189
190
191
192
193
195
198
199
200
201
202
203
204
206
208
210
212
214
216
219
220
221
222
223
224
225
227
230
231
232
233
234
235
236
238
239
241
243
245
247
249
251
253
255
260
261
262
263
264
266
269
270
271
272
273
275
277
278
280
283
284
285
286
288
291
292
294
295
296
299
300
301
302
303
304
305
306
308
310
312
315
316
318
319
320
322
324
325
326
327
331
332
333
334
335
336
337
338
339
341
343
345
347
351
352
353
354
355
356
357
358
360
363
364
365
366
367
369
372
373
374
375
376
378
381
382
383
384
385
387
390
391
392
393
394
395
396
397
398
400
403
404
405
406
408
409
410
412
414
415
417
419
420
421
422
425
428
429
430
431
432
433
435
438
439
440
441
442
443
444
446
449
450
451
452
453
454
456
457
458
459
462
463
464
465
466
467
468
469
471
473
474
476
481
483
486
488
490
494
496
497
499
501
503
508
510
512
513
518
521
522
523
524
525
526
530
531
532
533
534
535
536
537
538
539
541
544
545
546
547
548
549
550
551
552
554
556
558
560
563
564
565
566
567
568
569
570
571
573
576
577
578
579
580
581
582
584
585
588
589
590
591
592
593
594
595
597
598
599
600
602
603
604
606
608
609
611
612
614
615
617
618
619
620
621
622
623
625
627
628
630
633
635
636
637
638
644
645
647
649
651
652
654
656
657
658
660
661
663
665
666
668
672
674
675
676
678
680
683
684
685
689
690
692
693
695
700
701
704
706
708
709
711
713
715
717
718
720
726
729
730
731
732
734
736
739
740
742
743
745
746
747
750
751
752
753
755
758
759
760
761
762
763
764
765
766
767
768
770
772
776
777
778
779
780
781
782
784
786
788
789
791
797
798
799
800
801
802
804
805
807
809
811
814
815
817
818
820
823
825
826
827
828
830
834
835
836
837
838
840
842
843
845
846
848
850
852
853
858
860
861
863
864
867
869
870
872
874
875
876
880
881
882
883
884
886
888
891
893
896
897
898
899
900
902
903
904
907
908
909
910
911
912
913
915
917
921
922
923
924
925
926
927
929
932
933
934
935
936
937
938
940
942
946
947
948
949
950
952
954
958
959
960
961
962
963
965
968
969
970
971
972
974
978
979
980
981
982
983
985
987
990
991
992
993
995
998
999
1000
1001
1003
1006
1007
1008
1009
1010
1011
1013
1016
1017
1019
1022
1023
1024
1025
1027
1029
1030
1032
1034
1035
1037
1039
1043
1044
1045
1046
1047
1048
1049
1051