1
2
3
4
5
6
7
8
9
10
11
12
13
14
15
16
17
19
21
22
23
24
25
26
29
30
31
32
33
34
35
36
37
38
39
40
41
42
43
44
45
46
47
48
49
50
51
52
53
55
57
59
60
61
62
63
65
67
68
69
70
72
75
76
77
78
79
80
82
85
86
87
88
89
90
91
93
96
97
98
99
100
101
102
103
105
106
107
111
112
113
114
115
116
117
119
121
123
126
127
129
130
132
133
135
139
142
143
144
145
146
147
148
150
151
153
154
155
157
159
161
162
163
165
166
167
169
170
172
176
178
180
182
184
186
191
193
196
198
199
201
202
204
206
208
209
210
215
217
220
221
222
223
225
227
229
231
235
236
237
238
239
240
241
242
244
245
248
249
250
251
252
253
254
256
259
260
261
262
263
264
266
269
270
271
272
273
274
275
277
280
281
282
283
284
285
287
290
291
292
294
295