1
2
3
4
5
6
7
8
9
10
11
12
13
14
15
16
18
19
20
22
24
25
26
27
28
29
30
31
32
33
34
35
36
37
38
39
40
42
43
46
47
48
49
52
53
54
55
58
59
60
61
63
64
66
67
69
70
72
73
75
76
77
78
80
82
83
84
85
87
89
92
93
94
95
96
97
98
100
102
105
106
107
108
109
110
111
112
113
114
115
119
120
121
122
123
125
126
127
128
129
130
131
132
133
139
140
141
142
143
144
147
148
149
150
151
154
155
156
157
158
159
160
163
164
165
166
167
168
169
170
172
173
174
175
176
177
178
179
180
185
186
187
188
189
190
191
192
196
197
198
199
202
203
204
205
206
207
210
211
212
213
214
215
217
221
222
223
224
225
226
227
228
229
231
234
235
236
237
238
239
240
241
242
243
244
246
247
248
249
250
251
253
256
257
258
259
260
261
263
264
266
269
270
271
272
273
274
275
276
277
278
279
280
281
282
283
285
286
287
288
289
290
292
295
296
297
298
301
304
305