1
2
3
4
5
6
7
8
9
10
11
12
13
14
15
17
19
20
21
22
23
24
25
26
27
28
29
31
33
34
35
36
37
38
39
40
42
43
44
45
46
47
48
49
50
51
52
53
54
55
56
57
58
60
61
62
63
64
65
66
67
68
69
70
71
72
73
74
76
77
78
81
82
83
84
86
87
88
89
90
92
93
96
97
98
100
101
102
104
105
106
108
109
110
111
115
116
117
118
119
123
124
125
126
127
129
130
131
132
135
137
140
141
142
143
144
145
146
148
149
150
151
152
153
154
155
157
158
159
160
162
163
165
166
167
170
171
172
173
174
177
178
181
182
183
184
185
186
188
189
190
191
192
193
194
196
197
198
201
202
203
204
206
207
208
210
211
212
215
216
218
219
222
223
224
225
226
230
231
232
233
234
238
239
240
241
242
246
247
248
249
250
251
252
253
256
257
258
259
260
261
262
265
266
267
268
269
270
272
273
274
275
278
279
280
281
282
283
285
286
287
288
289
290
291
293
294
295
297
298
301
302
303
304
305
306
307
308
309
310
311
312
313
314
315
316
318
321
322
325
326
327
328
329
330
331
332
333
334
335
336
339
340
341
344
345
346
347
348
349
350
351
352
353
354
355
358
359
360
361
362
363
366
367
370
371
372
373
374
375
376
377
378
379
380
381
384
385
386
387
388
389
390
391
392
393
394
395
398
399
400
401
402
403
404
405
406
407
408
409
412
413
414
417
418
421
422
425
426
429
430
433
434
435
436
439
440
443
444
447
448
449
450
451
454
455
456
459
460
461
462
463
464
465
466
467
468
470
471
474
475
476
479
480
481
484
485
486
487
490
491
494
495
498
499
500
501
504
505
506
507
508
511
512
513
514
515
516