1
2
3
4
5
6
7
8
9
10
11
12
13
14
15
16
18
19
20
21
22
23
24
25
26
27
28
30
31
33
35
36
37
38
39
40
41
42
43
44
45
46
47
48
49
50
51
52
53
54
55
56
57
58
59
60
61
62
63
64
65
66
67
68
69
70
71
72
73
74
75
76
77
78
79
80
81
82
83
84
85
86
87
88
89
90
91
92
93
94
95
96
97
98
99
100
101
103
104
105
106
108
109
110
111
112
113
114
119
121
122
124
125
126
127
128
129
130
131
132
133
134
135
136
137
138
139
140
141
143
144
145
146
149
150
152
153
154
155
156
157
158
159
160
161
162
164
165
166
168
169
170
172
173
174
175
176
177
180
181
182
183
184
185
186
187
188
191
192
193
194
195
196
197
198
199
200
201
202
203
205
208
209
210
211
212
215
216
217
218
219
220
221
224
225
226
227
228
229
230
233
234
235
236
237
238
239
240
241
242
243
246
247
248
249
250
251
252
253
254
258
259
261
262
265
266
270
271
272
273
274
275
276
277
278
281
282
283
284
285
286
287
288
289
290
291
292
293
294
295
296
298
299
300
303
304
306
307
309
310
311
315
316
317
318
319
322
323
324
325
326
327
328
330
331
334
335
336
337
338
339
340
342
343
346
347
348
349
350
354
355
358
359
360
361
362
363
364
365
368
369
370
371
372
373
375
376
377
378
379
380
381
382
383
384
385
386
387
388
389
391
392
394
395
396
397
398
399
400
402
405
406
408
409
413
414
417
418
419
420
423
424
425
427
428
429
430
434
435
436
437
438
439
441
442
445
446
447
448
449
450
451
452
453
454
459
460
461
462
463
465
468
469
472
473
476
477
480
481
484
485
486
488
491
492
495
496
497
498
502
503
504
505
506
509
510
511
512
513
516
517
518
519
520
521
522
523
524
525
526
528
529
531
532
534
537
538
539
540
543
544
547
548
549
550
552
555
556
557
560
561
562
563
566
567
568
569
572
573
574
575
576
577
578
579
580
581
582
583
584
585
586
587
588
590
591
592
595
596
597
598
599
600
603
604
605
606
607
608
611
612
613
614
615
616
617
618
619
620
621
622
625
626
627
628
631
632
633
634
635
636
637
640
641
642
643
644
648
649
650
651
654
655
656
657
658
659
660
663
664
665
666
667
671
672
673
674
675
676
677
678
681
682
683
684
685
686
687
688
689
690
691
692
694
697
698
699
700
701
702
705
706
707
708
709
712
713
716
717
720
721
722
723
724
725
726
728
729
731
732
733
734
736
737
739
740
741
744
745
746
747
748
749
750
751
752
753
754
758
759
760
761
762
763
764
765
766
767
770
771
772
773
774
775
776
777
778
779
780
781
783
786
787
788
789
790
791
792
793
794
795
798
801
802
803
804
805
806
807
808
809
810
811
814
817
818
819
820
821
822
823
824
825
826
828
830
833
834
835
836
837
838
841
842
843
844
845
846
847
848
849
851
853
854
857
858
859
860
861
862
863
864
865
866
867
868
869
870
871
873
875
878
879
880
881
882
885
888
889
890
891
892
893
895
896
897
900
901
904
905
906
907
909
912
913
916
917
918
919
921
924
925
926
929
930
931
932
933
934
935
936
937
938
941
943
946
947
948
949
950
951
952
954
957
958
959
960
962
965
966
967
968
969
972
973
974
977
978
979
982
983
984
988
989
990
991
992
993
994
997
998
999
1002
1003
1004
1005
1006
1007
1008
1011
1012
1013
1016
1017
1018
1019
1020
1023
1024
1027
1028
1029
1030
1031
1034
1035
1038
1039
1042
1043
1046
1047
1048
1049
1050
1051
1052
1054
1056
1057
1059
1062
1063
1064
1065
1066
1067
1068
1069
1070
1072
1073
1074
1075
1077
1078
1079
1080
1081
1082
1085
1087
1088
1091
1092
1094
1095
1096
1097
1098
1099
1101
1102
1103
1104
1105
1106
1107
1108
1109
1110
1111
1112
1115
1116
1117
1118
1119
1120
1121
1122
1124
1125
1126
1127
1128
1130
1131
1136
1138
1140
1143
1144
1145
1146
1147
1148
1149
1150
1151
1153
1154
1155
1156
1158
1159
1160
1161
1163
1164
1165
1166
1169
1172
1173
1176
1177
1180
1181
1184
1185
1188
1189
1190
1191
1192
1193
1194
1195
1197
1200
1201
1204
1205
1206
1207
1208
1209
1212
1213
1216
1217
1220
1221
1222
1225
1226
1227
1230
1231
1234
1235
1238
1239
1242
1243
1244
1245
1246
1247
1250
1251
1252
1253
1256
1257
1258
1259
1262
1263
1264
1265
1268
1269
1270
1271
1272
1273
1275
1278
1279
1282
1283
1284