1
2
3
4
5
6
7
8
9
10
11
12
13
14
15
16
18
19
20
21
22
23
24
25
27
28
29
31
32
33
34
35
36
37
38
39
40
41
43
44
45
46
47
48
49
52
53
54
57
58
59
60
63
64
65
66
67
68
69
70
71
72
74
75
76
78
79
80
81
82
83
84
85
88
91
92
95
96
97
98
100
103
104
107
108
111
112
115
116
117
118
119
120
121
122
123
126
127
130
131
132
133
135
138
139
142
143
146
147
150
151
152
153
154
157
158
159
162
163
165
166
167
169
172
173
176
177
180
181
182
185
186
189
190
191
192
193
196
197
200
201
202
203
204
207
208
211
212
213
215
216
217
220
221
222
224
225
226
227
228
229
233
234
237
238
239
240
242
245
246
247
249
250
251
252
253
254
258
259
262
263
264
268
269
270
272
273
276
277
278
281
282
283
284
285
287
290
291
292
294
295
298
299
300
303
304
306
307
311
312
313
315
316
319
320
321
324
325
327
328
329
331
334
335
336
338
339
342
343
344
347
348
350
351
355
356
357
359
360
363
364
367
368
369
370
372
375
376
377
379
380
383
384
387
388
389
393
394
395
397
398
401
402
403
406
407
409
410
411
413
416
417
418
420
421
424
425
426
429
430
432
433
437
438
439
441
442
445
446
447
450
451
453
454
455
457
460
461
462
464
465
468
469
470
473
474
476
477
481
482
483
484
485
487
488
489
491
492
493
494
495
496
497
498
499
502
503
504
507
508
509
511
512
513
514
515
516
517
518
519
520
521
524
525
526
527
528
529
530
531
532
533
536
537
540
541
544
545
548
549
552
553
557
558
559
560
561
562
563
564
566
567
568
569
572
573
574
575
576
578
579
580
581
585
586
587
588
592
593
594
597
598
599
600
601
603
606
607
608
611
612
615
616
619
620
621
622
623
624
628
629
632
633
636
637
640
641
644
645
646
649
650
653
654
658
659
660
661
662
663
664
665
667
668
669
670
671
672
673
674
675
677
679
680
682
685
686
689
690
693
694
697
698
701
702