1
2
3
4
5
6
7
8
9
10
11
12
13
14
15
16
17
18
19
20
21
22
23
24
25
26
27
28
29
30
31
32
33
34
35
36
37
39
40
41
42
43
44
46
47
48
49
50
51
52
53
54
55
56
57
58
59
60
61
63
64
65
66
67
68
70
71
74
75
76
77
78
80
81
83
85
88
89
90
92
93
95
96
97
98
99
100
101
102
103
104
105
106
107
109
110
112
114
115
116
117
118
119
122
125
126
129
130
131
132
133
134
135
139
140
141
142
143
144
148
149
150
151
152
153
154
155
156
157
158
160
161
162
165
166
168
169
170
171
175
176
177
181
182
185
186
187
188
191
192
193
196
197
198
199
202
203
206
207
208
209
212
213
214
217
218
219
220
221
223
224
225
228
230
231
232
233
236
237
238
239
240
241
242
243
244
245
246
247
248
251
254
255
256
257
258
259
260
263
264
265
267
268
270
273
274
275
278
279
280
282
283
286
289
290
291
293
294
297
300
301
302
304
305
308
311
312
313
315
316
319
322
323
324
326
327
330
333
334
335
337
338
341
344
345
346
349
350
351
354
355
356
359
360
361
364
365
366
369
370
371
374
375
376
380
381
382
383
384
385
386
387
388
389
390
391
392
393
397
398
399
400
401
402
403
404
405
406
407
408
409
410
414
415
416
417
418
419
420
421
422
423
424
425
426
427
431
432
433
434
435
436
437
438
439
440
441
442
443
444
448
449
450
451
452
453
454
455
456
457
458
459
460
461
465
466
467
468
469
470
471
472
473
474
475
476
477
478
482
483
484
485
486
487
488
489
490
491
492
493
494
495
499
500
501
502
503
504
505
506
507
508
509
510
511
512
516
517
518
519
520
522
525
526
529
530
532
534
536
538
540
543
544
545
546
550
551
554
555
558
559
562
563
566
567
570
571
574
575
578
579
582
583
586
587
590
591
594
595
598
599
602
603
604
607
608
609
610
611
612
613
617
618
619
620
621
622
623
627
628
629
630
631
632
633
637
638
639
640
641
642
643
647
648
649
650
651
652
653
657
658
659
660
661
662
663
667
668
671
672