1
2
3
4
5
6
7
8
9
10
11
12
13
14
15
16
17
18
19
20
21
22
23
24
25
26
27
28
29
31
32
33
34
35
36
37
38
40
41
42
43
44
45
46
47
48
50
51
52
53
54
55
56
57
61
62
63
64
65
66
67
68
69
70
71
72
73
74
76
77
78
79
80
81
82
83
84
85
86
87
88
89
90
91
92
93
94
95
96
97
98
99
100
101
102
103
104
105
107
108
109
111
112
114
116
117
118
120
121
123
126
127
128
129
131
132
135
136
139
140
141
144
145
146
147
151
152
155
156
157
160
161
162
163
164
167
168
169
170
171
172
173
176
177
178
181
182
183
184
185
187
188
189
190
191
193
194
196
200
203
204
205
206
207
208
209
210
212
214
215
217
218
221
222
223
224
225
227
228
231
232
234
235
236
237
240
241
242
243
246
247
248
249
251
252
253
254
256
257
260
261
262
263
265
266
269
270
271
272
273
274
275
276
277
278
279
281
283
286
287
288
289
292
293
294
295
296
297
300
301
302
303
304
305
308
309
310
311
312
313
316
317
318
319
320
321
323
324
325
326
327
328
329
331
333
336
337
338
341
342
343
345
346
347
348
349
350
351
352
353
354
355
358
359
360
361
362
363
365
368
369
370
371
372
373
374
375
377
378
379
380
381
383
385
386
387
388
389
390
394
397
398
399
400
401
402
404
407
408
409
411
412
413
416
417
418
419
421
422
423
424
426
429
430
433
434
435
436
437
439
442
443
444
447
448
449
450
451
452
454
455
456
458
459
462
463
464
465
468
471
472
473
474
475
476
478
479
480
482
483
486
487
490
491
492
493
496
497
498
500
501
502
503
506
508
509
512
513
516
517
518
519
522
523
524
525
528
529
530
531
533
536
537
538
539
542
543
546
548
549
550
553
554
555
557
558
559
560
564
565
566
567
570
571
572
575
576
577
579
580
581
582
583
584
585
586
587
590
591
592
594
595
596
599
600
602
603
604
605
607
608
609
613
614
615
617
618
619
621
622
624
625
626
627
630
633
634
635
638
639
640
641
642
644
645
646
648
651
652
653
654
655
657
658
659
662
665
666
667
670
671
672
674
675
677
678
679
681
682
684
685
686
689
692
693
694
695
696
698
699
701
702
704
707
708
709
710
711
714
715
716
717
718
719
722
723
726
727
730
731
734
735
736
738
740
741
742
745
746
749
750
751
754
755
758
759
762
763
766
767
768
769
770
771
772
773
777
778
779
780
781
782
783
785
786
787
788
790
791
792
793
796
797
798
799
800
801
802
803
805
808
809
810
813
814
815
818
819
820
823
824
825
828
829
830
833
834
835
838
839
840
841
842
844
845
847
850
851
852
853
855
856
859
860
861
864
865
866
867
868
872
873
874
875
876
877
878
879
881
884
885
887
888
890
891
892
895
896
899
900
903
904
907
908
909
910
911
912
914
915
916
918
919
922
923
925
926
928
929
930
933
934
935
938
939
940
943
944
945
946
948
951
952
953
954
956
957
960
961
962
965
966
967
968
969
973
974
975
976
978
979
981
982
985
986
989
990
991
992
994
997
998
999
1000
1002
1004
1005
1006
1008
1011
1012
1013
1016
1017
1018
1021
1022
1023
1024
1026
1028
1029
1030
1032
1035
1036
1037
1038
1039
1040
1041
1042
1043
1044
1045
1046
1047
1048
1049
1053
1054
1055
1058
1059
1060
1061
1064
1065
1066
1067
1068
1072
1073
1074
1075
1076
1080
1081
1082
1083
1087
1088
1089
1090
1092
1093
1094
1095
1096
1097
1098
1099
1100
1101
1103
1105
1106
1107
1108
1109
1110
1111
1112
1113
1114
1115
1116
1117
1118
1119
1120
1122
1123
1125
1126
1128
1131
1132
1133
1134
1135
1138
1139
1140
1141
1144
1145
1146
1147
1148
1150
1151
1154
1155
1156
1157
1158
1160
1161
1163
1164
1167
1168
1169
1170
1171
1174
1176
1177
1180
1181
1182
1183
1185
1186
1187
1189
1190
1191
1193
1194
1195
1196
1197
1198
1199
1200
1201
1202
1205
1206
1208
1211
1212
1213
1214
1216
1217
1218
1219
1223
1224
1225
1227
1230
1231
1234
1235
1238
1239
1242
1243
1244
1245
1246
1247
1249
1252
1253
1256
1257
1260
1261
1262
1264
1267
1268
1269
1271
1274
1275
1276
1278
1281
1282
1283
1285
1288
1289
1290
1292
1295
1296
1299
1300
1303
1304
1307
1308
1311
1312
1313
1314
1315
1316
1317
1318
1319
1320
1321
1322
1324
1325
1326
1327
1328
1329
1330
1332
1333
1334
1337
1338
1341
1342
1343
1344
1345
1347
1348
1349
1351
1352
1353
1354
1355
1356
1357
1359
1360
1361
1362
1363
1364
1365
1367
1368
1369
1371
1372
1373
1374
1375
1376
1377
1378
1380
1381
1382
1386
1389
1390
1391
1392
1393
1395
1396
1397
1398
1399
1402
1403
1404
1405
1407
1409
1410
1411
1412
1416
1418
1419
1420
1423
1424
1425
1428
1429
1430
1431
1433
1434
1437
1439
1441
1442
1443
1444
1445
1446
1450
1451
1452
1455
1456
1457
1458
1459
1460
1461
1462
1463
1464
1465
1466
1467
1468
1469
1470
1471
1472
1473
1474
1475
1476
1477
1478
1481
1482
1483
1486
1487
1488
1489
1491
1492
1493
1495
1496
1497
1498
1499
1501
1502
1504
1505
1506
1508
1510
1511
1512
1513
1514
1517
1518
1521
1522
1524
1525
1527
1529
1530
1531
1534
1535
1536
1537
1538
1540
1541
1542
1543
1544
1545
1546
1549
1550
1552
1555
1557