1
2
3
4
5
6
7
8
9
10
11
12
13
14
15
16
17
18
19
20
21
22
23
24
25
26
27
28
29
30
31
32
35
36
37
38
39
42
44
45
46
47
48
49
50
51
52
54
55
56
57
58
59
60
61
62
63
65
66
69
70
72
75
76
77
78
81
83
84
86
87
90
91
92
94
96
97
98
101
102
104
105
106
108
110
111
112
115
116
118
119
120
122
124
125
126
129
130
132
133
134
136
138
139
140
143
144
146
147
148
150
152
153
154
157
158
160
161
162
164
166
167
168
171
172
174
175
176
178
180
181
182
185
186
188
189
190
192
194
195
196
199
200
202
203
204
206
208
209
210
213
214
216
217
218
220
222
223
224
227
228
230
231
232
234
236
237
238
241
242
245
246
248
250
251
252
253
254
255
257
258
259
260
261
262
263
266
267
268
269
270
271
272
273
275
276
277
278
280
283
284
285
286
287
288
289
291
294
295
296
297
300
302
303
304
305
306
307
308
310
311
313
316
319
320
321
322
323
324
325
326
327
328
333
336