1
2
3
4
5
6
7
8
9
10
11
12
13
14
15
16
17
18
19
20
21
22
23
24
25
26
27
28
29
31
32
33
34
35
36
37
38
39
40
41
42
44
45
46
47
48
49
50
51
53
55
59
60
62
64
66
69
70
71
73
74
75
76
77
78
79
80
81
83
86
88
89
90
91
94
95
96
97
98
99
101
102
103
104
105
106
108
110
111
112
113
114
115
116
117
118
119
121
122
128
129
130
131
132
133
134
135
137
138
140
143
144
145
146
147
148
149
153
154
155
156
157
158
159
161
162
163
164
166
167
168
169
170
173
174
175
176
177
178
181
182
183
184
185
186
187
190
193
194
195
198
199
200
201
204
205
206
207
208
211
212
213
214
217
218
219
220
221
224
227
228
229
230
231
233
234
235
236
237
239
242