1
2
3
4
5
6
7
8
9
10
11
12
13
14
15
16
17
18
19
20
21
22
23
24
25
26
27
28
29
30
31
32
33
34
36
37
38
39
40
41
42
43
44
45
46
47
48
49
50
51
52
53
54
56
57
58
59
60
61
63
64
66
67
68
69
72
73
74
77
78
79
82
83
86
87
88
89
90
91
94
97
98
99
100
103
104
107
108
109
110
112
114
115
117
120
121
124
125
126
127
130
131
132
133
134
136
139
140
141
142
145
146
147
148
149
150
151
152
155
157
160
161
162
163
164
165
169
170
173
174
177
178
179
180
181
182
186
187
190
191
194
195
196
199
200
201
204
205
206
209
210
211
214
215
216
219
220
221
224
225
226
229
230
231
232
233
237
238
239
240
241
242
244
246
247
248
250
251
255
256
257
258
259
260
262
264
265
266
267
268
272
273
276
277
278