1
2
3
4
5
6
7
8
9
10
11
12
13
14
15
16
17
18
19
20
21
22
23
24
25
26
27
28
29
30
32
33
34
35
37
38
40
41
42
43
44
45
47
49
50
51
52
54
55
57
58
59
60
61
62
64
65
66
67
68
69
71
72
73
75
76
77
78
79
81
82
84
85
86
88
89
90
92
93
95
96
98
99
100
102
103
105
106
107
108
109
110
111
112
113
114
115
116
117
118
119
120
122
123
124
126
127
128
129
131
132
133
134
136
138
140
141
142
143
144
145
146
148
149
150
151
153
154
155
156
158
159
161
162
164
166
169
170
171
172
173
174
175
176
177
178
179
180
181
182
183
184
186
187
188
189
190
191
194
195
196
197
198
200
201
203
204
205
208
211
212
213
214
215
216
217
219
220
221
223
226
227
228
229
230
231
232
233
234
235
236
237
238
239
240
241
242
243
244
245
246
247
248
250
251
252
253
254
256
260
261
262
264
265
266
267
268
269
271
272
273
275
276
279
280
281
284
285
286
289
290
291
294
295
296
299
300
301
304
305
306
309
310
311
312
315
316
317
320
321
322
325
326
327
330
331
332
333
334
335
336
339
341
344
345
346
349
350
351
354
355
356
359
360
361
362
363
364
365
368
371
372
373
374
375
377
381
382
383
385
386
387
391
392
395
396
397
398
399
401
402
403
404
405
406
408
411
412
413
415
416
419
420
423
424
425
426
429
430
431
432
435
436
437
438
439
440
442
445
446
447
448
449
450
452
455
456
457
458
459
460
461
462
466
467
468
471
472
475
476
477
478
479
480
481
482
486
487
488
489
492
493
494
495
496
498
501
502
503
504
505
506
510
511
512
513
516
517
518
520
521
523
524
525
526
527
530
531
532
533
534
535
536
537
538
539
540
541
542
546
547
548
549
552
553
554
558
559
560
561
562
566
567
571
572
575
576
579
580
583
584
587
588
589
592
593
594
595
596
597
600
601
604
605
608
609
612
613
614
617
618
619
620
621
625
626
627
628
629
630
631
632
633
634
638
639
640
641
642
646
647
648
649
650
651
652
653
655
658
659
662
664
665
666
669
670
671
672
673
674
675
676
677
678
680
681
683
684
686
687
689
690
693
694
695
696
699
700
701
703
704
706
707
709
710
713
714
715
716
717
718
719
720
724
725
726
727
728
729
732
735
736
737
739
740
741
744
745
746
748
751
752
755
756
759
760
763
764
767
768
769
772
773
776
777
780
781
785
786
787
788
789
790
791
792
793
794
796
797
798
799
800
801
802
806
809
810
811
812
814
815
816
817
818
821
824
825
826
830
831
832
834
836
838
841
842
843
844
845
846
847
848
850
851
852
855
856
857
860
861
862
865
866
869
870
871
872
873
875
878
879
880
883
884
885
886
887
889
892
893
894
897
898
899
902
903
904
907
908
909
910
912
913
916
917
918
921
922
923
926
927
928
933
934
935
936
937
938
939
943
944
945
946
947
948
951
952
953
954
955
956
959
960
963
964
965
967
968
969
970
971
972
973
974
975
978
979
981
984
985
986
987
988
989
992
993
994
997
998
999
1000
1001
1003
1006
1007
1008
1009
1011
1014
1015
1016
1017
1018
1019
1021
1022
1023
1024
1026
1027
1028
1029
1032
1033
1034
1035
1036
1038
1041
1043
1044
1045
1046
1047
1048
1049
1050
1051
1053
1054
1057
1058
1059
1060
1061
1062
1063
1064
1065
1066
1067
1068
1070
1071
1072
1073
1074
1077
1080
1081
1082
1083
1086
1087
1088
1091
1092
1093
1094
1095
1097
1098
1101
1102
1103
1104
1107
1108
1111
1112
1113
1114
1115
1117
1118
1121
1122
1123
1126
1127
1128
1131
1132
1133
1136
1137
1138
1141
1142
1143
1145
1146
1148
1149
1152
1155
1156
1157
1160
1161
1162
1165
1166
1167
1169
1170
1171
1172
1173
1174
1176
1177
1180
1183
1184
1185
1187
1188
1189
1192
1196
1197
1198
1199
1200
1204
1205
1206
1208
1209
1210
1213
1214
1215
1216
1217
1219
1220
1221
1224
1225
1226
1229
1230
1233
1234
1235
1238
1239
1240
1242
1243
1246
1247
1248
1250
1252
1255
1256
1259
1260
1263
1264
1265
1266
1267
1268
1272
1273
1274
1275
1276
1277
1278
1279
1280
1283
1286
1287
1288
1290
1291
1292
1294
1295
1298
1301
1302
1303
1305
1306
1307
1308
1309
1312
1314
1315
1316
1317
1318
1321
1322
1323
1324
1326
1328
1331
1332
1333
1334
1337
1338
1339
1340
1343
1344
1345
1346
1347
1351
1352
1353
1356
1359
1360
1361
1364
1365
1366
1367
1370
1371
1372
1373
1376
1377
1378
1379
1382
1383
1384
1385
1386
1388
1391
1392
1394
1395
1398
1399
1400
1401
1403
1406
1407
1408
1409
1410
1412
1413
1414
1415
1416
1417
1420
1421
1424
1425
1426
1429
1430
1431
1432
1433
1437
1438
1439
1440
1441