1
2
3
4
5
6
7
8
9
10
11
12
13
14
15
16
17
18
19
20
21
22
23
24
25
26
27
28
29
30
31
32
33
34
35
37
38
39
40
41
42
43
44
45
46
47
48
49
50
51
52
54
55
56
57
58
59
60
61
62
64
65
67
70
71
72
74
76
80
81
82
84
86
89
90
93
95
96
98
99
100
102
105
106
107
108
109
110
111
112
113
114
117
118
121
123
124
127
128
129
130
133
134
137
139
140
141
142
143
144
145
146
149
150
152
153
154
157
158
159
160
161
162
163
164
165
168
169
170
171
172
173
174
175
178
179
180
182
183
186
189
190
191
192
193
194
197
198
199
202
203
204
207
208
209
212
213
215
216
218
219
221
222
223
224
225
226
227
231
232
233
234
235
236
238
239
240
241
242
244
248
249
251
253
254
256
259
260
263
264
265
268
269
270
273
274
275
276
277
280
281
282
283
284
285
287