1
3
4
5
6
7
8
9
10
11
12
13
14
15
16
18
19
20
21
23
24
25
28
29
32
33
34
36
39
40
41
42
44
47
48
51
52
53
54
56
59
60
63
64
65
66
67
69
72
73
74
75
76
78
81
82
83
84
85
86
87
91
92
93
94
95
96
97
98
99
103
104
105
106
107
109
112
113
114
115
116
118
121
122
123
124
125
126
127
131
132
133
134
135
136
137
138
139
143
144
145
146
147
149
152
153
154
155
156
158
161
162
163
164
165
166
167
171
172
173
174
175
176
177
178
179
183
184
185
186
187
189
192
193
194
195
196
198
201
202
203
204
205
206
207
211
212
213
214
215
216
217
218
219
223
224
225
226
227
229
232
233
234
235
236
238
241
242
243
244
245
246
247
251
252
253
254
255
256
257
258
259
263
264
265
266
267
269
270
273
274
275
276
277
279
280
283
284
285
286
287
289
290
293
294
295
296
297
299
300
303
304
305
306
307
309
310
313
314
315
316
317
319
320
323
324
325
326
327
329
330
333
334
335
336
337
339
340
343
344
345
346
347
349
350
353
354
355
356
357
359
360
363
364
367
368
371
372
375
376
379
380
383
384
387
388
391
392
395
396
399
400
403
405
406
407
408
411
412
413
415
418
419