1
2
3
4
5
6
7
8
9
10
11
12
13
14
15
16
17
18
19
20
21
22
23
24
25
26
27
28
29
30
31
32
33
34
35
36
37
38
40
41
42
43
44
45
47
48
49
50
51
52
53
54
55
56
58
59
60
61
62
63
64
65
66
67
68
69
71
72
75
76
77
78
79
83
84
87
88
89
90
91
94
96
97
98
99
101
102
103
104
105
106
107
108
110
114
115
116
117
118
119
120
121
122
125
126
127
128
130
131
132
133
135
136
138
139
140
141
142
144
145
146
147
149
150
151
152
154
155
157
158
159
160
161
163
164
165
166
168
169
170
171
172
174
175
176
180
181
182
185
186
189
190
191
193
194
196
199
200
202
203
204
206
208
209
210
211
212
213
214
218
219
220
221
222
223
224
225
226
227
228
229
230
234
235
236
237
238
239
240
241
242
243
244
245
246
247
248
249
252
253
254
258
259
260
262
263
264
267
268
271
272
273
274
276
277
280
281
284
285
286
287
289
290
292
293
294
298
301
302
305
306
309
310
311
312
316
317
319
320
321
322
323
324
325
326
327
328
329
330
331
332
333
334
335
336
337
338
339
340
341
342
343
344
345
346
347
348
350
351
352
354
355
356
358
359
360
363
365
366
367
368
369
370
372