1
2
3
4
5
6
7
8
9
10
11
12
13
14
15
16
17
18
19
20
21
22
23
24
25
26
27
28
29
30
31
32
33
34
35
36
37
38
40
42
43
44
45
46
47
48
49
50
51
52
54
55
56
57
58
59
60
61
62
63
64
65
66
67
68
69
70
71
72
73
75
76
77
78
79
80
81
82
83
85
86
87
88
89
90
91
92
96
97
99
102
103
104
108
109
110
113
114
117
118
119
120
121
122
124
125
126
127
129
132
133
134
135
136
137
138
141
142
143
144
147
148
149
150
153
154
155
156
159
160
161
162
163
166
167
168
169
170
171
172
173
176
177
180
181
184
185
188
189
190
191
192
195
196
199
200
201
202
203
204
205
206
209
210
213
214
217
218
219
221
224
225
226
227
228
231
232
235
237
238
240
241
243
244
245
247
248
249
250
251
252
253
256
257
258
259
260
261
262
265
266
267
268
269
270
271
272
273
276
277
278
279
280
281
284
285
286
287
288
289
290
293
294
295
298
299
300
301
304
305
306
309
310
311
312
313
316
317
320
321
322
323
324
325
328
329
330
331
334
335
336
339
340
343
344
345
346
347
348
349
350
354
355
356
357
360
361
362
363
364
367
368
369
370
371
372
373
374
376
377
379
380
383
384
385
389
390
391
394
395
399
400
401
402
403
406
407
410
411
412
413
414
415
417
420
421
424
425
428
429
430
431
432
435
436
439
440
441
442
443
444
445
448
449
450
451
452
454
455
456
457
460
463
464
465
466
467
469
470
471
472
475
478
479
480
481
482
483
484
486
487
491
492
493
494
495
496
497
498
499
500
501
502
504
505
509
510
511
512
514
515
516
517
518
519
520
521
522
523
524
525
526
527
528
532
533
534
535
536
537
538
539
540
541
543
546
547
548
549
550
551
554
555
556
557
558
559
562
563
565
566
567
568
569
573
574
575
576
578
580
581
582
585
586
587
590
591
592
593
594
596
597
598
599
603
604
605
606
607
608
610
611
613
615
618
619
620
621
622
623
624
627
628
629
630
631
632
634
636
638
639
640
641
642
645
648
649
650
651
652
653
654
655
656
659
661
665
666
668
669
670
671
672
673
674
676
679
682
683
684
685
686
687
688
690
691
692
693
694
695
696
697
698
699
700
701
703
705
706
707
711
712
713
714
715
717
719
720
721
722
725
726
727
728
730
733
734
736
738
739
740
742
745
746
747
748
749
750
752
755
756
757
758
759
760
764
765
766
767
768
771
772
775
776
779
780
783
784
785
786
787
788
789
790
791
792
793
794
795
799
800
801
802
803
804
806
807
808
809
812
813
814
815
816
820
821
822
823
824
825
827
829
830
831
832
835
836
837
838
839
843
844
845
846
847
849
851
852
853
854
857
858
859
860
861
862
864
865
867
868
869
870
871
872
875
877
878
879
880
881
882
883
884
886
887
888
889
890
892
893
894
895
896
898
902
903
904
905
906
911
912
913
914
915
917
919
920
921
922
923
924
925
926
927
928
930
931
932
933
934
936
940
941
942
943
947
948
949
950
951
953
954
955
956
959
960
961
964
965
966
967
968
969
972
973
974
976
979
980
981
983
984
986
988
991
992
993
995
998
999
1000
1002
1004
1005
1007
1008
1009
1010
1012
1014
1017
1018
1019
1021
1024
1025
1026
1027
1028
1029
1030
1031
1032
1035
1036
1037
1038
1039
1040
1042
1043
1045
1046
1047
1048
1049
1050
1051
1052
1053
1054
1056
1057
1058
1060
1061
1064
1067
1068
1069
1070
1071
1073
1074
1075
1076
1079
1080
1081
1082
1083
1084
1085
1086
1087
1088
1090
1092
1095
1096
1099
1100
1101
1102
1103
1104
1107
1108
1109
1110
1111
1113
1114
1116
1119
1121
1124
1125
1126
1127
1128
1129
1131
1132
1133
1136
1137
1140
1141
1142
1143
1144
1145
1148
1149
1150
1151
1152
1153
1154
1155
1156
1158
1159
1160
1161
1162
1165
1168
1169
1170
1171
1173
1176
1177
1178
1179
1180
1181
1182
1185
1188
1189
1190
1192
1195
1196
1197
1198
1199
1200
1202
1204
1205
1206
1207
1208
1209
1210
1211
1213
1214
1215
1219
1220
1221
1222
1223
1224
1227
1228
1229
1230
1231
1232
1233
1234
1236
1237
1238
1239
1240
1241
1242
1243
1244
1246
1250
1251
1252
1254
1256
1257
1258
1259
1262
1263
1264
1267
1268
1269
1271
1275
1276
1277
1278
1279
1280
1281
1282
1283
1284
1285
1287
1288
1289
1290
1291
1292
1293
1295
1296
1297
1298
1299
1300
1301
1304
1305
1306
1308
1309
1310
1313
1314
1315
1317
1320
1321
1322
1323
1325
1327
1328
1329
1330
1331
1334
1337
1338
1339
1341
1344
1345
1346
1347
1348
1349
1352
1353
1354
1355
1356
1357
1358
1361
1362
1363
1364
1365
1366
1367
1368
1369
1370
1371
1372
1373
1377
1378
1379
1380
1381
1382
1383
1384
1387
1388
1389
1392
1393
1394
1395
1397
1400
1401
1402
1403
1404
1407
1408
1409
1412
1413
1414
1415
1418
1419
1420
1421
1422
1423
1424
1425
1426
1427
1428
1429
1433
1434
1435
1436
1437
1438
1439
1440
1441
1442
1443
1444
1446
1449
1450
1451
1452
1453
1454
1455
1456
1457
1459
1462
1463
1464
1465
1466
1467
1468
1469
1470
1471
1474
1475
1476
1477
1480
1481
1482
1483
1484
1485
1488
1489
1490
1491
1492
1493
1495
1497
1500
1501
1502
1504
1507
1508
1509
1510
1511
1512
1513
1515
1516
1518
1519
1520
1522
1524
1525
1527
1530
1531
1532
1533
1534
1535
1536
1537
1539
1540
1541
1542
1543
1547
1548
1549
1550
1551
1552
1553
1554
1555
1556
1557
1558
1559
1563
1564
1565
1566
1567
1568
1569
1572
1573
1574
1575
1576
1577
1578
1579
1580
1581
1584
1587
1588
1589
1590
1591
1592
1593
1594
1595
1596
1597
1598
1599
1603
1604
1605
1606
1607
1608
1609
1612
1613
1614
1615
1616
1617
1618
1619
1620
1621
1624
1627
1628
1629
1630
1631
1632
1634
1635
1637
1640
1641
1642
1645
1646
1647
1648
1649
1650
1651
1653
1654
1656
1659
1660
1661
1664
1665
1666
1667
1668
1670
1671
1672
1675
1678
1679
1680
1683
1684
1686
1687
1688
1691
1692
1693
1694
1695
1699
1700
1701
1702
1703
1704
1705
1707
1708
1710
1711
1712
1713
1714
1716
1717
1719
1720
1721
1723
1724
1727
1728
1729
1730
1733
1734
1735
1736
1737
1738
1739
1740
1742
1743
1744
1745
1746
1747
1749
1750
1754
1756
1757
1758
1761
1762
1763
1765
1768
1769
1770
1773
1774
1775
1776
1777
1778
1779
1780
1782
1783
1784
1785
1786
1788
1790
1793
1794
1795
1798
1799
1800
1803
1804
1805
1808
1809
1810
1811
1812
1813
1814
1815
1816
1818
1820
1823
1825
1827
1828
1831
1833
1834
1837
1838
1839
1843
1846
1847
1848
1849
1850
1851
1854
1855
1856
1857
1858
1859
1861
1862
1863
1865
1866
1867
1868
1869
1873
1874
1876
1877
1878
1881
1882
1883
1884
1885
1886
1887
1888
1891
1892
1893
1894
1895
1896
1899
1900
1901
1902
1903
1904
1906
1907
1908
1909
1910
1911
1912
1913
1914
1915
1916
1920
1921
1924
1925
1926
1927
1930
1931
1932
1933
1934
1935
1937
1938
1939
1940
1944
1945
1946
1947
1948
1949
1950
1951
1952
1954
1955
1959
1960
1961
1962
1963
1964
1965
1969
1970
1971
1972
1973
1975
1978
1979
1980
1981
1982
1984
1985
1986
1987
1988
1989
1992
1993
1995
1996
1998
2000
2001
2002
2003
2004
2007
2008
2009
2010
2011
2015
2018
2019
2021
2022
2024
2026
2027
2028
2029
2030
2033
2034
2035
2036
2037
2038
2039
2040
2043
2047
2048
2049
2050
2051
2052
2053
2056
2059
2060
2061
2062
2065
2066
2067
2068
2070
2071
2074
2077
2078
2079
2080
2081
2082
2084
2085
2086
2087
2089
2092
2095
2096
2097
2098
2101
2102
2103
2104
2106
2108
2109
2110
2111
2113
2116
2119
2120
2121
2122
2123
2124
2126
2128
2129
2132
2135
2136
2137
2138
2139
2140
2142
2143
2144
2145
2146
2147
2148
2149
2150
2153
2154
2156
2159
2160
2161
2162
2163
2164
2165
2166
2167
2168
2169
2171
2172
2173
2176
2177
2178
2179
2180
2182
2183
2184
2185
2187
2188
2190
2193
2194
2195
2196
2197
2198
2199
2201
2203
2204
2207
2210
2211
2212
2215
2216
2217
2218
2219
2220
2221
2222
2224
2227
2228
2229
2230
2231
2232
2235
2236
2237
2238
2239
2240
2243
2244
2245
2246
2247
2248
2249
2251
2252
2255
2256
2259
2260
2261
2264
2265
2266
2267
2268
2269
2271
2272
2273
2274
2275
2276
2279
2280
2282
2285
2287
2288
2289
2290
2291
2292
2293
2294
2296
2297
2298
2301
2304
2305
2306
2307
2308
2309
2311
2313
2314
2315
2316
2317
2318
2320
2322
2325
2326
2327
2328
2329
2330
2333
2334
2335
2336
2337
2338
2339
2342
2343
2344
2347
2348
2349
2350
2351
2353
2354
2356
2357
2358
2359
2360
2362
2364
2365
2366
2367
2368
2370
2373
2376
2377
2378
2381
2382
2383
2384
2385
2386
2389
2390
2391
2395
2396
2397
2398
2399
2400
2401
2404
2405
2406
2407
2408
2409
2410
2412
2414
2417
2418
2419
2420
2421
2422
2423
2425
2427
2430
2431
2432
2433
2434
2435
2436
2438
2440
2441
2443
2444
2446
2447
2448
2450
2451
2454
2456
2457
2459
2462
2463
2464
2465
2466
2467
2468
2469
2470
2471
2472
2473
2474
2478
2479
2481
2482
2483
2484
2485
2486
2488
2489
2491
2492
2494
2495
2498
2499
2501
2504
2505
2506
2507
2508
2509
2510
2511
2512
2513
2514
2516
2519
2520
2521
2522
2523
2524
2525
2526
2527
2530
2531
2532
2533
2534
2535
2537
2538
2539
2540
2541
2545
2548
2549
2550
2551
2552
2553
2555
2556
2557
2558
2559
2563
2566
2567
2568
2569
2570
2571
2572
2574
2576
2577
2578
2579
2580
2581
2582
2583
2584
2585
2586
2587
2588
2589
2590
2593
2594
2595
2596
2597
2599
2602
2603
2604
2606
2607
2608
2609
2610
2611
2612
2614
2617
2618
2619
2621
2624
2625
2626
2627
2628
2630
2631
2632
2633
2634
2635
2637
2640
2641
2642
2644
2647
2648
2649
2651
2652
2653
2654
2657
2658
2659
2660
2661
2663
2664
2665
2666
2669
2670
2671
2672
2673
2674
2676
2677
2678
2682
2683
2684
2686
2687
2688
2690
2693
2694
2695
2696
2697
2698
2700
2701
2704
2707
2708
2709
2710
2711
2712
2713
2714
2715
2716
2717
2718
2719
2721
2722
2725
2726
2727
2728
2729
2730
2732
2734
2735
2736
2738
2739
2742
2744
2745
2747
2748
2749
2751
2752
2755
2757
2760
2761
2762
2763
2764
2767
2768
2769
2770
2772
2775
2776
2779
2780
2781
2782
2783
2786
2787
2790
2791
2792
2793
2794
2795
2797
2800
2801
2802
2803
2804
2805
2806
2808
2809
2810
2811
2813
2814
2817
2818
2819
2821
2822
2823
2824
2826
2827
2828
2829
2832
2835
2836
2837
2838
2839
2840
2841
2843
2845
2846
2847
2848
2850
2851
2854
2855
2856
2857
2858
2860
2861
2862
2863
2864
2867
2870
2871
2872
2873
2874
2875
2876
2878
2879
2880
2881
2883
2885
2888
2889
2890
2891
2892
2893
2894
2895
2897
2898
2899
2901
2903
2906
2907
2908
2909
2910
2911
2912
2914
2916
2917
2918
2920
2921
2922
2924
2926
2929
2930
2931
2932
2933
2934
2935
2936
2939
2940
2941
2942
2943
2944
2945
2946
2948
2949
2950
2951
2954
2957
2958
2959
2960
2961
2963
2964
2966
2969
2972
2973
2974
2975
2978
2979
2980
2981
2982
2985
2986
2987
2988
2989
2990
2991
2992
2995
2998
2999
3000
3001
3002
3003
3005
3006
3007
3008
3009
3010
3013
3014
3015
3016
3017
3018
3019
3020
3022
3025
3026
3027
3028
3029
3030
3031
3033
3034
3035
3037
3040
3041
3042
3043
3044
3045
3046
3047
3049
3050
3053
3054
3055
3056
3057
3058
3059
3061
3062
3063
3065
3066
3069
3070
3071
3072
3073
3074
3075
3078
3079
3080
3081
3082
3083
3084
3086
3087
3089
3092
3093
3094
3095
3098
3101
3102
3103
3104
3105
3106
3108
3109
3110
3112
3113
3115
3116
3117
3118
3119
3120
3121
3122
3126
3128
3129
3130
3132
3133
3134
3136
3137
3138
3139
3142
3145
3146
3147
3148
3149
3150
3151
3152
3153
3154
3156
3159
3160
3161
3162
3163
3164
3165
3167
3169
3170
3171
3172
3173
3175
3176
3177
3178
3179
3181
3182
3183
3184
3185
3187
3188
3189
3190
3193
3196
3197
3198
3199
3200
3201
3202
3203
3204
3205
3207
3208
3211
3212
3218
3219
3220
3221
3222
3223
3226
3227
3228
3231
3232
3233
3234
3235
3236
3238
3239
3240
3241
3242
3243
3245
3248
3249
3250
3253
3254
3255
3256
3259
3262
3263
3266
3267
3268
3269
3271
3273
3274
3275
3276
3277
3278
3280
3281
3284
3287
3288
3289
3290
3291
3294
3295
3296
3297
3298
3299
3300
3301
3302
3303
3307
3308
3309
3310
3311
3312
3314
3316
3317
3318
3319
3320
3321
3323
3324
3325
3326
3327
3328
3329
3330
3331
3332
3333
3334
3335
3336
3338
3339
3342
3343
3344
3345
3346
3347
3348
3349
3350
3351
3352
3354
3355
3357
3358
3359
3360
3361
3362
3363
3364
3365
3366
3367
3369
3370
3371
3375
3376
3377
3378
3379
3383
3384
3385
3386
3387
3388
3390
3393
3394
3395
3398
3399
3400
3401
3402
3403
3404
3407
3408
3409
3412
3413
3414
3417
3418
3421
3422
3425
3426
3427
3428
3430
3433
3434
3435
3436
3437
3439
3441
3442
3444
3447
3448
3449
3452
3453
3454
3457
3458
3459
3460
3464
3467
3468
3469
3471
3474
3475
3476
3477
3479
3482
3483
3484
3485
3486
3489
3492
3493
3495
3496
3497
3498
3499
3502
3505
3506
3509
3510
3513
3514
3515
3518
3519
3522
3523
3525
3526
3528
3529
3530
3534
3537
3538
3540
3541
3543
3544
3545
3550
3553
3554
3555
3557
3558
3561
3562
3563
3564
3567
3568
3570
3571
3573
3578
3579
3582
3583
3586
3587
3590
3591
3594
3595
3598
3599
3602
3603
3606
3607
3608
3611
3614
3615
3616
3620
3621
3624
3625
3628
3629
3630
3631
3632
3635
3637
3640
3641