1
3
4
5
6
7
8
9
10
11
12
13
14
15
16
17
18
20
21
23
24
25
27
28
29
30
34
35
36
37
38
39
40
41
42
43
44
45
46
47
48
49
50
52
54
55
56
57
59
60
63
65
66
68
72
73
74
75
76
78
79
80
81
82
85
87
90
91
92
93
94
95
97
99
102
103
104
105
106
107
108
110
112
115
116
117
118
119
120
121
122
124
126
129
130
131
132
133
134
135
136
137
139
141
144
145
146
147
148
150
151
152
153
154
155
156
157
158
161
163
164
165
169
170
171
172
173
174
176
177
178
180
182
183
184
188
189
190
191
192
193
195
196
197
198
200
202
203
204
208
209
210
211
212
213
215
216
217
218
219
221
223
224
225
229
230
231
232
233
234
236
237
238
239
240
241
243
245
246
247