1
2
3
4
5
6
7
8
9
10
11
12
13
14
15
16
17
18
19
20
21
22
23
24
25
26
27
28
29
30
31
32
33
34
35
36
37
38
40
41
42
43
44
45
46
48
49
50
51
52
53
54
55
56
57
58
59
60
61
63
64
65
66
67
68
69
70
71
73
74
76
77
79
80
81
82
83
84
86
88
89
90
91
93
94
95
96
100
101
103
105
107
108
109
111
112
113
114
115
117
118
119
120
121
122
123
124
125
126
128
129
131
132
137
138
139
140
141
142
143
144
145
148
149
150
153
154
155
158
159
162
163
164
167
168
169
170
171
172
174
178
179
180
181
183
185
187
190
191
194
195
198
199
202
203
206
207
210
211
214
215
216
217
220
221
222
225
226
227
228
229
232
234
235
236
238
241
242
243
246
247
248
249
252
253
254
255
258
259
260
263
264
265
268
269
270
273
274
275
276
277
278
279
282
283
284
285
286
287
290
293
294
295
296
299
302
303
304
305
308
311
312
313
314
317
320
321
322
323
326
329
330
331
332
334
335
336
337
340
343
344
345
347
348
351
352
353
355
357
358
359
360
361
364
365
366
368
371
372
374
376
379
380
381
383
384
385
386
388
390
391
392
393
394
397
398
399
401
404
405
406
407
410
411
412
413
416
419
420
421
422
423
424
426
429
430
431
433
434
435
436
438
439
442
443
444
445
446
447
448
449
452
454
457
458
459
460
461
464
465
466
467
468
471
472
473
476
477
478
481
482
483
484
485
486
489
490
493
494
495
498
499
500
503
504
505
508
509
510
513
514
515
518
519
520
523
524
525
528
529
530
533
534
535
537
540
541
542
545
546
547
548
549
551
554
555
558
559
562
563
566
567
568
569
570
573
574
575
576
577
580
581
582
583
584
585
586
587
588
589
590
591
592
593
594
596
597
598
600
601
602
604
607
608
609
612
614
615
616
617
618
621
622
623
624
625
626
629
630
631
632
635
636
637
638
639
642
643
644
645
647
648
649
650
651
652
653
655
656
657
659
660
661
662
663
664
665
666
667
668
669
671
672
675
677
680
681
682
684
685
687
688
689
691
692
693
695
696
698
700
703
704
705
708
709
710
713
714
715
718
719
722
723
725
727
728
729
730
732
733
734
735
737
738
740
741
742
743
744
745
746
747
748
749
750
751
752
753
754
756
758
759
762
765
766
767
768
772
773
775
777
778
779
780
782
783
784
785
786
787
788
791
792
793
795
796
797
798
800
801
802
803
804
806
807
811
812
815
816
818
819
820
821
822
823
825
826
827
828
829
830
831
834
835
838
839
843
845
846
847
848
849
852
853
854
856
860
861
862
863
866
867
868
869
871
872
873
874
875
877
879
880
881
882
883
885
886
887
888
890
891
893
894
896
897
900
901
904
905
906
907
908
910
911
912
914
915
918
919