1
2
3
4
5
6
7
8
9
10
11
12
13
14
15
16
17
18
19
20
21
22
23
24
25
26
27
28
30
32
33
34
35
36
38
39
40
41
42
43
44
45
46
47
48
49
50
51
52
53
54
55
56
57
58
59
60
61
62
63
64
65
66
67
68
69
70
71
72
73
74
75
76
77
78
79
80
81
82
83
84
85
86
87
88
89
90
91
92
93
94
95
96
97
98
99
100
101
102
103
104
105
106
107
108
109
110
111
112
113
114
115
116
117
118
119
120
121
122
123
124
125
126
127
128
129
130
131
132
133
134
135
136
137
138
139
141
142
143
144
145
146
148
149
150
151
153
154
155
156
157
158
159
160
161
162
163
164
165
166
167
168
169
170
171
172
173
174
175
176
177
178
179
180
181
182
183
184
185
186
187
188
189
190
191
192
193
194
195
196
197
198
199
200
201
202
203
204
205
206
207
208
209
210
211
212
213
214
215
216
217
218
219
220
221
222
223
224
225
226
227
228
229
230
231
232
233
234
235
236
237
238
239
240
241
242
243
244
245
246
247
248
249
250
251
252
253
254
255
256
257
258
259
260
261
262
263
264
265
266
267
268
269
270
271
272
273
274
275
276
277
278
279
280
281
282
283
284
285
286
287
288
289
290
291
292
293
294
295
296
297
298
299
300
301
302
303
304
305
306
307
308
309
310
311
312
313
314
315
316
317
318
319
320
321
322
323
324
325
326
327
328
329
330
331
332
333
334
335
336
337
338
339
340
341
342
343
344
345
346
347
348
349
350
351
352
353
354
355
356
357
358
359
360
361
362
363
364
365
366
367
368
369
370
371
372
373
374
375
376
377
378
379
380
381
382
383
384
385
386
387
388
389
390
391
392
393
394
395
396
397
398
399
400
401
402
403
404
405
406
407
408
409
410
411
412
413
414
415
416
417
418
419
420
421
422
423
424
425
426
430
431
432
433
434
435
436
437
438
439
440
441
442
443
444
445
446
450
451
453
454
457
458
461
462
466
467
468
470
471
472
473
474
475
476
478
481
482
485
486
487
488
489
490
491
493
494
495
497
498
503
504
505
507
508
509
511
512
513
514
515
516
517
518
519
520
521
522
523
525
526
530
531
532
533
534
535
536
537
538
539
540
541
542
543
544
545
546
547
548
549
550
551
552
553
554
555
556
557
558
559
560
561
562
563
564
568
569
571
572
573
576
577
579
580
581
582
583
584
585
586
587
588
589
590
594
595
599
600
602
603
605
606
608
609
610
614
616
617
618
619
620
625
626
628
629
630
631
632
633
634
637
638
641
642
644
645
646
650
652
653
654
657
658
660
661
662
665
667
668
669
672
673
675
676
677
680
681
683
686
687
688
689
690
691
695
696
698
699
701
705
706
708
710
711
712
713
714
719
720
721
724
725
727
728
729
733
734
736
737
739
740
741
742
743
744
745
746
747
750
751
752
753
754
755
756
757
758
765
766
767
768
769
770
774
775
776
778
779
782
783
784
785
786
787
788
789
793
796
797
799
801
802
804
805
807
810
811
812
813
814
815
817
818
819
820
821
822
823
824
825
826
828
829
832
833
834
835
836
837
838
839
840
842
843
844
845
846
848
849
850
851
853
855
856
857
858
859
861
862
863
864
866
868
869
872
875
876
877
878
879
880
884
885
886
887
888
889
890
891
892
893
894
895
896
898
899
900
901
902
905
906
909
910
911
915
918
919
920
921
922
923
926
927
928
929
930
931
932
933
934
937
938
939
940
941
942
943
944
945
946
948
949
950
951
952
953
956
959
960
962
963
964
965
966
967
968
969
972
973
976
979
980
983
984
986
988
990
992
993
996
997
1000
1002
1003
1004
1005
1006
1007
1008
1010
1014
1016
1017
1018
1019
1020
1021
1022
1023
1025
1026
1028
1029
1030
1031
1036
1037
1039
1040
1041
1044
1045
1047
1049
1050
1054
1056
1057
1058
1059
1060
1061
1062
1064
1068
1069
1071
1072
1073
1076
1077
1079
1080
1083
1084
1086
1087
1088
1092
1093
1094
1097
1098
1100
1101
1102
1105
1106
1108
1109
1110
1114
1115
1116
1119
1120
1122
1123
1124
1127
1128
1129
1130
1132
1133
1135
1136
1137
1138
1140
1141
1142
1144
1146
1147
1150
1151
1152
1153
1155
1156
1157
1158
1159
1160
1161
1162
1164
1165
1168
1169
1171
1172
1173
1174
1177
1178
1179
1180
1182
1183
1184
1185
1186
1187
1188
1189
1190
1191
1192
1196
1199
1200
1203
1204
1205
1207
1208
1209
1212
1213
1214
1215
1216
1217
1218
1219
1220
1221
1222
1223
1224
1225
1226
1227
1228
1229
1230
1231
1232
1233
1234
1235
1236
1237
1238
1239
1240
1242
1243
1244
1247
1249
1250
1253
1257
1258
1259
1260
1261
1263
1264
1265
1266
1270
1271
1272
1273
1274
1275
1276
1277
1278
1280
1281
1282
1283
1284
1285
1286
1287
1288
1289
1290
1291
1292
1293
1294
1295
1299
1300
1301
1302
1303
1304
1305
1306
1307
1308
1309
1310
1311
1312
1313
1314
1315
1317
1318
1321
1323
1324
1327
1328
1329
1330
1331
1332
1333
1334
1335
1336
1337
1338
1339
1340
1341
1342
1343
1344
1345
1346
1347
1348
1349
1351
1352
1355
1357
1358
1361
1362
1363
1364
1365
1366
1367
1368
1370
1371
1374
1376
1377
1380
1381
1382
1384
1385
1388
1390
1391
1394
1395
1396
1397
1399
1400
1403
1405
1406
1409
1410
1411
1412
1414
1415
1418
1420
1421
1424
1425
1426
1427
1429
1430
1433
1435
1436
1439
1440
1441
1442
1443
1445
1446
1449
1451
1452
1455
1456
1457
1459
1461
1463
1465
1466
1467
1468
1469
1470
1474
1476
1477
1480
1482
1483
1486
1488
1489
1492
1493
1495
1497
1498
1499
1500
1501
1503
1505
1506
1507
1508
1509
1510
1511
1512
1513
1514
1515
1516
1517
1518
1519
1520
1522
1524
1525
1528
1530
1531
1534
1535
1536
1537
1539
1540
1542
1543
1545
1547
1548
1549
1550
1551
1552
1553
1555
1557
1558
1559
1560
1561
1562
1564
1565
1566
1567
1568
1569
1570
1571
1572
1574
1575
1576
1577
1580
1582
1585
1586
1587
1588
1590
1591
1592
1593
1596
1598
1601
1602
1603
1604
1605
1606
1607
1608
1609
1610
1611
1612
1613
1615
1616
1618
1619
1620
1621
1623
1624
1625
1626
1627
1628
1629
1630
1632
1633
1635
1636
1637
1638
1639
1640
1641
1643
1644
1646
1647
1648
1649
1651
1652
1653
1654
1655
1656
1657
1658
1660
1661
1663
1664
1665
1666
1667
1668
1669
1670
1672
1674
1675
1676
1677
1678
1680
1682
1683
1684
1685
1686
1687
1688
1689
1690
1691
1692
1693
1694
1695
1696
1697
1699
1701
1702
1705
1707
1708
1711
1712
1713
1714
1716
1717
1719
1720
1722
1724
1725
1726
1727
1728
1730
1731
1733
1734
1735
1736
1738
1739
1741
1742
1744
1745
1746
1750
1751
1753
1754
1755
1759
1762
1763
1765
1768
1769
1770
1772
1774
1775
1776
1777
1778
1779
1780
1782
1783
1788
1790
1791
1795
1796
1797
1798
1800
1801
1802
1803
1804
1805
1806
1807
1808
1811
1812
1813
1816
1817
1818
1820
1822
1823
1827
1829
1830
1831
1832
1833
1834
1835
1837
1838
1843
1845
1846
1850
1851
1852
1854
1855
1856
1857
1858
1859
1860
1861
1862
1865
1866
1867
1870
1871
1873
1874
1875
1877
1878
1879
1880
1881
1883
1884
1886
1887
1888
1893
1894
1896
1897
1899
1900
1903
1905
1906
1908
1909
1914
1915
1917
1918
1923
1924
1926
1927
1932
1933
1934
1935
1936
1937
1938
1939
1940
1941
1942
1943
1946
1947
1949
1950
1952
1953
1954
1955
1956
1960
1962
1965
1966
1968
1970
1971
1973
1974
1975
1978
1982
1983
1985
1986
1987
1988
1989
1990
1991
1996
1997
1999
2001
2002
2003
2007
2008
2010
2011
2012
2013
2014
2015
2016
2021
2022
2024
2026
2027
2028
2032
2033
2035
2036
2037
2038
2039
2040
2041
2046
2047
2049
2050
2051
2052
2053
2057
2058
2060
2062
2063
2064
2068
2069
2070
2073
2074
2078
2079
2080
2083
2084
2086
2087
2089
2090
2091
2092
2093
2097
2099
2100
2103
2104
2105
2106
2107
2110
2111
2114
2115
2117
2118
2119
2120
2123
2124
2125
2126
2127
2129
2130
2131
2132
2136
2137
2139
2141
2143
2144
2145
2148
2149
2150
2153
2154
2155
2157
2159
2160
2163
2164
2166
2168
2169
2170
2173
2174
2178
2179
2181
2182
2183
2184
2185
2189
2190
2192
2194
2195
2197
2198
2199
2201
2202
2203
2205
2207
2210
2212
2214
2215
2216
2217
2220
2221
2223
2224
2225
2227
2228
2229
2231
2233
2236
2238
2240
2241
2242
2244
2245
2246
2247
2248
2250
2252
2253
2259
2260
2263
2264
2266
2267
2269
2271
2272
2277
2278
2280
2281
2283
2285
2286
2291
2292
2294
2295
2296
2297
2298
2302
2303
2305
2307
2308
2312
2314
2315
2319
2320
2321
2324
2325
2327
2328
2330
2331
2332
2333
2334
2339
2340
2342
2343
2344
2349
2350
2351
2354
2355
2356
2359
2360
2361
2363
2364
2366
2367
2368
2369
2370
2371
2372
2376
2377
2379
2380
2381
2385
2386
2387
2388
2389
2390
2391
2392
2393
2394
2396
2397
2400
2401
2404
2405
2407
2408
2409
2410
2411
2412
2413
2414
2415
2416
2418
2419
2422
2423
2426
2427
2429
2430
2432
2433
2434
2435
2436
2437
2438
2439
2440
2441
2442
2444
2445
2449
2452
2453
2456
2457
2458
2460
2461
2462
2463
2466
2468
2469
2470
2471
2472
2473
2477
2478
2479
2480
2481
2486
2487
2490
2491
2493
2494
2495
2496
2499
2500
2501
2502
2503
2504
2505
2506
2507
2508
2509
2510
2511
2512
2517
2518
2519
2520
2521
2522
2527
2528
2529
2533
2534
2536
2537
2538
2542
2543
2544
2547
2548
2549
2550
2551
2554
2555
2557
2558
2559
2560
2561
2565
2566
2568
2569
2571
2572
2573
2574
2575
2580
2581
2583
2584
2585
2590
2591
2592
2595
2597
2598
2599
2601
2602
2603
2604
2605
2606
2607
2611
2612
2614
2615
2616
2617
2618
2619
2620
2624
2628
2629
2630
2632
2635
2636
2638
2639
2640
2641
2642
2646
2647
2649
2651
2652
2653
2656
2657
2659
2660
2661
2662
2666
2667
2668
2671
2672
2674
2675
2677
2678
2679
2682
2683
2685
2687
2689
2690
2691
2693
2697
2699
2700
2701
2702
2703
2704
2705
2707
2708
2709
2710
2715
2716
2718
2719
2720
2723
2724
2726
2727
2728
2729
2730
2731
2735
2736
2737
2738
2739
2740
2741
2742
2743
2744
2745
2746
2747
2751
2752
2753
2754
2755
2756
2757
2759
2760
2761
2763
2770
2771
2774
2775
2777
2780
2781
2783
2784
2786
2787
2788
2789
2791
2792
2796
2798
2799
2800
2801
2802
2803
2804
2805
2810
2811
2812
2813
2814
2815
2816
2817
2819
2822
2823
2825
2826
2827
2828
2831
2832
2835
2836
2837
2839
2841
2843
2846
2847
2849
2851
2852
2853
2854
2855
2860
2861
2862
2863
2866
2867
2869
2870
2871
2872
2873
2877
2878
2879
2880
2881
2883
2884
2885
2886
2890
2891
2893
2895
2896
2897
2900
2901
2903
2905
2907
2908
2912
2913
2914
2915
2918
2919
2921
2922
2924
2926
2927
2929
2931
2932
2933
2934
2936
2937
2940
2942
2943
2944
2949
2950
2951
2952
2953
2954
2957
2958
2959
2960
2966
2967
2968
2971
2972
2973
2974
2975
2976
2977
2978
2979
2980
2981
2982
2983
2984
2985
2986
2987
2988
2989
2990
2991
2992
2993
2994
2995
2996
2997
2998
2999
3000
3004
3005
3007
3008
3009
3010
3011
3012
3015
3016
3017
3020
3021
3023
3025
3026
3030
3032
3033
3034
3037
3038
3040
3042
3043
3047
3049
3050
3051
3054
3055
3057
3058
3059
3063
3064
3065
3066
3069
3070
3074
3075
3076
3079
3080
3082
3083
3084
3085
3086
3087
3091
3092
3094
3095
3098
3099
3100
3101
3102
3103
3104
3105
3106
3107
3108
3109
3110
3111
3113
3114
3118
3119
3120
3121
3122
3123
3124
3129
3130
3132
3133
3134
3138
3140
3141
3142
3146
3147
3148
3151
3152
3154
3155
3156
3160
3162
3163
3164
3168
3169
3170
3173
3174
3176
3177
3178
3182
3184
3185
3186
3190
3191
3192
3195
3196
3198
3199
3200
3201
3202
3203
3204
3205
3206
3208
3210
3211
3215
3216
3217
3221
3222
3224
3225
3227
3228
3229
3230
3231
3235
3236
3237
3240
3241
3243
3244
3246
3247
3248
3249
3250
3254
3255
3256
3259
3260
3262
3263
3264
3267
3268
3270
3271
3272
3273
3274
3278
3279
3281
3282
3285
3286
3288
3289
3290
3291
3292
3293
3296
3297
3298
3303
3304
3305
3309
3310
3311
3312
3313
3314
3318
3319
3321
3323
3324
3325
3326
3327
3330
3331
3335
3337
3338
3339
3340
3341
3342
3343
3344
3348
3349
3350
3351
3352
3353
3354
3355
3356
3357
3358
3361
3362
3367
3368
3369
3370
3371
3372
3377
3380
3381
3383
3384
3385
3388
3389
3391
3392
3393
3394
3397
3398
3399
3402
3403
3406
3407
3408
3410
3412
3413
3415
3416
3418
3419
3420
3421
3422
3424
3425
3426
3428
3430
3431
3432
3434
3435
3438
3440
3443
3444
3445
3446
3447
3448
3452
3453
3455
3457
3458
3459
3462
3463
3465
3466
3468
3469
3470
3471
3472
3475
3478
3479
3481
3483
3485
3486
3487
3490
3491
3493
3495
3496
3497
3500
3501
3502
3503
3506
3507
3509
3511
3512
3513
3516
3517
3518
3519
3520
3522
3523
3524
3525
3529
3530
3531
3532
3535
3536
3538
3539
3540
3541
3542
3543
3544
3546
3547
3548
3552
3554
3555
3556
3561
3562
3563
3564
3567
3568
3569
3573
3574
3576
3577
3578
3581
3582
3584
3585
3586
3589
3590
3592
3593
3594
3595
3596
3597
3599
3600
3604
3606
3607
3608
3613
3614
3615
3616
3619
3620
3621
3625
3626
3628
3629
3630
3633
3634
3637
3638
3639
3642
3643
3645
3647
3648
3649
3650
3651
3652
3653
3654
3655
3656
3657
3658
3663
3665
3666
3669
3670
3671
3673
3674
3677
3680
3681
3683
3685
3686
3687
3690
3691
3693
3694
3695
3696
3697
3698
3699
3700
3701
3702
3705
3706
3707
3708
3709
3710
3711
3712
3715
3716
3718
3720
3721
3722
3726
3727
3728
3729
3730
3733
3734
3736
3737
3738
3739
3740