1
2
3
4
5
6
7
8
9
10
11
12
13
14
15
16
17
18
19
20
21
22
23
24
25
26
27
28
30
32
33
34
35
36
37
38
39
40
41
42
43
44
45
46
47
48
50
51
52
53
54
55
56
57
58
59
61
62
63
64
65
66
67
68
69
73
74
75
77
78
79
81
82
85
86
88
89
90
92
93
94
95
96
98
99
100
101
102
107
108
109
110
112
115
116
117
119
124
125
126
127
132
133
134
135
140
141
142
143
144
145
146
147
148
149
150
151
152
153
154
157
158
159
161
162
163
164
165
168
169
170
171
173
174
175
176
177
178
179
184
185
186
187
188
189
190
191
192
193
194
195
196
197
198
199
205
206
207
210
212
213
214
216
217
218
219
220
221
222
226
227
229
230
232
233
234
235
240
243
244
246
247
248
249
250
251
255
256
257
258
259
260
261
262
263
264
265
266
267
271
272
273
274
275
276
277
279
280
281
283
290
291
294
295
297
300
301
303
304
306
307
308
309
311
312
316
318
319
320
321
322
323
324
325
330
331
332
333
334
335
336
337
339
342
343
345
346
347
348
351
352
355
356
357
360
361
362