1
2
3
4
5
6
7
8
9
10
11
12
13
14
15
16
17
18
19
20
21
22
23
24
25
26
27
28
29
30
31
32
33
34
36
37
38
39
40
41
42
43
45
46
47
48
49
50
51
52
53
54
55
56
57
58
59
60
61
62
63
64
65
66
67
68
69
70
72
73
75
76
77
79
80
81
83
86
87
89
90
93
96
97
100
101
104
105
106
107
108
109
110
111
112
113
115
117
118
119
121
124
125
127
129
130
132
135
136
137
139
142
143
144
145
146
147
148
149
150
151
152
153
154
155
156
157
158
159
160
161
164
167
168
169
170
171
174
175
176
177
178
181
182
183
184
186
188
189
190
191
193
194
195
196
197
198
199
201
204
205
206
210
211
214
215
216
217
218
221
222
223
224
228
229
230
231
233
236
237
238
239
241
242
243
246
247
248
252
253
255
256
257
258
260
261
262
263
264
266
269
270
271
274
275
278
279
282
283
284
285
286
287
288
291
294
295
296
297
298
299
300
301
302
303
304
305
306
310
311
312
314
315
316
319
320
321
322
325
326
327
328
329
330
332
334
335
338
340
343
344
345
346
347
348
349
350
351
352
353
354
355
356
357
358
359
360
361
362
364
365
366
367
368
369
371
372
373
374
375
378
379
380
381
382
384
385
386
387
388
389
390
393
394
395
396
397
398
403
406
407
408
409
410
411
414
415
418
419
420
423
424
427
428
429
431
432
436
439
440
441
443
445
447
448
452
453
454
455
457
458
462
463
464
465
467
468
472
473
474
475
477
478
482
483
484
485
487
488
492
493
494
495
497
498
502
503
504
505
507
508
512
513
514
515
517
518
522
523
524
525
527
528
532
533
534
535
537
538
542
543
544
545
547
548
552
553
554
555
557
558
562
563
564
565
567
568
572
573
574
575
577
578
582
583
584
585
587
588
592
593
594
595
597
598
602
603
604
605
607
608
612
613
614
615
617
618
622
623
624
625
627
628
632
633
634
635
637
638
642
643
645
646
647
648
649
650
651
652
653
654
655
656
657
658
659
660
661
663
665
667
670
671
672
673
674
676
679
680
681
682
683
685
688
689
690
691
692
694
697
698
699
700
701
703
706
707
708
711
712
713
714
715
716
717
718
722
723
724
727
728
729
732
733
734
735
736
737
738
739
740
741
742
743
744
745
746
750
751
752
755
756
757
760
761
762
763
764
765
766
767
769
770
772
773
775
776
778
779
782
784
785
786
787
788
789
790
791
792
793
794
795
796
797
798
799
800
801
804
805
806
809
810
811
812
815
816
817
818
819
820
822
823
824
825
827
828
829
830
834
835
837
839
840
841
842
843
844
847
848
849
852
853
854
855
856
859
860
861
862
864
865
866
867
868
869
870
871
873
874
875
876
877
878
879
880
881
882
884
885
886
887
891
892
893
895
896
897
898
902
903
904
907
908
909
912
913
914
917
918
919
922
923
924
927
928
929
932
933
934
937
938
939
942
943
944
947
948
949
952
953
954
955
959
960
961
962
963
964
966
970
971
972
973
974
975
977
981
982
983
984
985
986
988
992
993
994
995
996
997
999
1003
1004
1005
1006
1007
1008
1010
1014
1015
1016
1017
1018
1019
1021
1025
1026
1027
1028
1029
1030
1032
1036
1037
1038
1039
1040
1041
1042
1043
1044
1045
1046
1047
1048
1049
1050
1051
1052
1055
1056
1057
1060
1061
1062
1065
1066
1067
1070
1071
1072
1075
1076
1077
1080
1081
1082
1083
1085
1088
1089
1090
1093
1094
1095
1096
1100
1101
1102
1103
1107
1108
1109
1110
1114
1115
1116
1117
1121
1122
1123
1124
1128
1129
1130
1131
1135
1136
1137
1138
1142
1143
1144
1145
1149
1150
1151
1152
1156
1157
1158
1159
1163
1164
1165
1166
1170
1171
1172
1173
1177
1178
1179
1180
1184
1185
1186
1187
1188
1189
1190
1191
1192
1193
1194
1195
1196
1197
1198
1199
1200
1201
1202
1203
1204
1205
1206
1209
1210
1211
1212
1213
1215
1218
1219
1220
1221
1222
1223
1224
1225
1226
1228
1229
1231
1234
1237
1238
1239
1240
1243
1246
1247
1248
1249
1251
1252
1253
1254
1255
1256
1257
1258
1259
1260
1261
1262
1263
1264
1265
1266
1267
1268
1269
1270
1271
1273
1274
1275
1276
1277
1278
1279
1280
1281
1282
1283
1284
1285
1288
1289
1292
1293
1294
1295
1296
1297
1298
1302
1303
1304
1305
1308
1309
1310
1312
1313
1314
1315
1316
1317
1318
1319
1320
1321
1322
1323
1324
1325
1326
1327
1330
1331
1332
1333
1336
1339
1340
1341
1342
1343
1344
1345
1347