1
2
3
4
5
6
7
8
9
10
11
12
13
14
15
16
17
18
19
20
21
22
23
24
25
26
27
28
29
30
31
32
33
34
35
36
38
39
40
41
42
43
44
45
46
47
48
49
50
52
53
54
55
56
57
58
59
60
61
62
63
64
65
66
67
68
69
70
71
72
74
75
76
77
78
79
81
82
83
84
86
87
88
89
90
92
93
94
95
96
100
101
104
105
106
107
108
109
110
111
112
113
115
116
117
118
119
120
121
122
123
124
125
126
127
128
129
132
133
134
135
137
138
140
141
142
145
148
149
151
152
155
156
157
158
159
160
165
166
167
168
169
170
171
173
174
177
178
179
181
183
187
188
191
192
194
195
196
197
198
199
200
202
203
204
205
209
210
211
213
214
215
216
217
218
221
222
223
225
226
228
229
230
231
232
233
235
236
237
238
239
240
241
242
243
244
245
246
247
251
252
253
254
255
257
258
259
260
261
263
264
265
266
267
269
270
272
274
276
279
280
281
282
283
284
285
286
287
290
293
294
295
296
297
299
300
302
303
304
306
307
308
309
310
311
312
313
316
317
318
319
320
321
322
324
326
327
328
329
330
332
333
334
337
338
339
340
341
343
344
345
348
349
350
351
352
355
356
357
360
361
362
363
364
367
368
369
372
373
375
376
377
379
380
381
382
384
387
388
389
390
394
395
396
397
398
401
402
403
404
405
409
412
413
414
415
418
419
420
421
422
423
424
425
427
431
434
435
436
438
440
441
442
444
445
446
447
448
449
450
452
453
454
455
456
459
460
461
462
464
465
466
468
471
472
473
475
477
478
479
481
482
483
484
486
487
488
489
490
493
495
496
497
499
502
503
506
507
509
510
511
512
514
515
517
520
521
523
524
525
527
530
531
533
534
535
537
540
541
542
543
544
545
546
547
549
551
552
553
554
555
556
557
558
559
563
564
565
566
567
568
570
571
572
573
574
575
576
577
578
581
582
583
584
585
586
587
588
589
590
591
592
593
594
595
596
597
599
600
601
602
603
604
605
606
607
608
609
610
611
612
616
617
618
620
621
624
627
628
629
630
631
634
635
636
639
640
643
646
647
648
651
652
653
656
657
658
660
661
664
667
668
669
670
671
672
675
676
677
680
681
684
687
688
689
692
693
694
697
698
699
702
703
704
705
706
707
708
709
710
711
712
714
715
719
722
723
724
727
728
729
730
731
734
735
736
737
738
740
741
742
743
744
745
746
747
748
749
750
753
756
757
758
761
762
763
764
765
766
769
772
773
774
775
776
777
778
780
781
784
786
787
788
790
791
792
793
794
795
796
797
798
799
800
801
802
803
804
805
806
808
813
814
817
818
819
820
821
822
823
825
827
828
831
832
833
834
837
838
841
842
843
844
845
846
848
849
852
855
856
857
859
860
861
862
864
865
868
869
870
874
877
878
879
881
882
883
884
887
888
889
891
892
894
895
898
899
900
904
907
908
909
911
913
914
915
917
919
920
923
924
925
928
929
930
931
932
933
934
936
937
938
939
940
941
942
943
946
948
949
950
951
954
957
958
959
960
961
962
963
964
968
971
972
976
977
978
979
980
981
982
983
984
985
987
988
990
991
992
993
996
999
1000
1001
1002
1003
1004
1005
1006
1007
1008
1009
1010
1011
1015
1016
1017
1018
1019
1020
1021
1022
1023
1024
1025
1026
1027
1028
1029
1030
1031
1032
1033
1034
1035
1036
1039
1040
1042
1044
1046
1048
1049
1050
1053
1054
1055
1057
1059
1060
1061
1064
1066
1067
1068
1070
1071
1072
1073
1074
1076
1077
1078
1079
1082
1083
1084
1086
1087
1088
1089
1090
1091
1092
1093
1095
1096
1097
1098
1099
1100
1101
1102
1103
1104
1105
1106
1107
1108
1109
1111
1112
1113
1114
1115
1116
1117
1121
1123
1124
1125
1126
1127
1130
1132
1133
1136
1139
1140
1141
1142
1143
1144
1145
1146
1147
1148
1150
1152
1153
1154
1156
1157
1158
1159
1160
1161
1162
1166
1167
1168
1169
1170
1171
1172
1173
1175
1176
1179
1182
1185
1186
1187
1188
1189
1190
1191
1192
1194
1195
1196
1197
1198
1199
1200
1204
1205
1206
1209
1210
1211
1212
1213
1215
1219
1220
1223
1224
1225
1226
1227
1228
1229
1230
1231
1234
1237
1238
1239
1240
1241
1242
1243
1244
1247
1248
1249
1250
1251
1252
1253
1255
1256
1257
1258
1259
1260
1261
1262
1264
1265
1267
1268
1269
1270
1273
1276
1277
1278
1279
1280
1281
1282
1283
1284
1285
1286
1287
1289
1290
1292
1293
1294
1296
1299
1300
1301
1304
1305
1307
1308
1310
1311
1312
1313
1314
1318
1319
1320
1321
1322
1324
1325
1326
1328
1329
1330
1331
1332
1333
1334
1335
1337
1338
1339
1342
1343
1344
1346
1349
1350
1351
1354
1355
1356
1357
1358
1359
1360
1363
1364
1366
1367
1368
1372
1373
1374
1375
1376
1378
1381
1382
1383
1384
1385
1387
1390
1391
1392
1393
1394
1396
1399
1400
1401
1402
1403
1405
1408
1409
1410
1412
1413
1414
1415
1417
1418
1421
1422
1423
1427
1430
1431
1432
1433
1434
1435
1437
1438
1440
1441
1442
1443
1447
1450
1451
1452
1453
1454
1456
1457
1458
1459
1460
1461
1463
1464
1467
1470
1471
1472
1475
1476
1477
1478
1479
1480
1481
1483
1484
1485
1486
1488
1489
1490
1493
1495
1496
1499
1501
1502
1503
1506
1507
1510
1511
1514
1515
1516
1518
1519
1522
1523
1524
1525
1526
1527
1528
1529
1530
1531
1532
1533
1534
1536
1537
1540
1543
1544
1545
1547
1548
1550
1551
1554
1555
1558
1559
1562
1563
1564
1568
1569
1570
1571
1572
1573
1575
1576
1578
1579
1580
1581
1584
1585
1586
1589
1590
1593
1594
1595
1596
1598
1601
1602
1603
1604
1605
1606
1607
1608
1609
1610
1611
1614
1617
1618
1619
1620
1621
1623
1624
1625
1628
1629
1630
1632
1634
1635
1638
1641
1644
1645
1646
1648
1649
1650
1651
1653
1654
1655
1656
1657
1660
1661
1665
1668
1669
1670
1671
1672
1673
1675
1676
1677
1678
1679
1680
1681
1682
1683
1684
1685
1686
1687
1689
1690
1693
1696
1697
1698
1700
1701
1704