1
2
3
4
5
6
7
8
9
10
11
12
13
14
15
16
17
18
19
20
21
22
23
24
25
26
27
28
29
30
31
32
33
34
35
37
38
39
40
41
43
45
46
47
48
49
50
51
52
53
54
55
56
57
59
60
61
62
63
64
65
66
68
69
70
72
73
74
75
79
80
82
85
86
87
91
93
95
96
98
101
102
105
106
109
110
113
114
117
118
119
120
121
124
125
128
129
132
133
136
137
138
139
141
142
143
144
145
147
148
151
152
153
154
155
156
157
158
159
160
164
165
168
169
172
173
174
175
176
177
179
182
185
186
187
188
189
190
191
192
196
197
198
199
200
201
202
204
207
208
209
210
211
212
213
217
218
219
220
221
222
223
224
225
227
228
230
233
234
235
236
237
238
239
240
241
242
244
247
248
249
250
251
252
253
256
257
260
261
262
263
266
267
268
269
272
273
276
277
280
281
282
283
284
285
287
288
289
291
294
295
296
297
298
299
300
301
302
303
304
305
306
307
308
309
310
311
312
313
314
315
316
317
318
319
320
321
322
323
324
325
326
329
330
333
334
335
336
337
338
339
340
341
342
343
344
345
346
347
348
349
350
351
352
354
355
356
357
358
359
361
365
366
367
369
370
372
373
374
375
376
377
380
383
384
387
390
391
392
393
395
398
399
400
401
403
406
408
409
410
411
412
415
416
417
418
419
420
421
422
423
424
425
427
430
431
433
436
437
438
439
440
441
444
445
446
447
448
449
450
452
455
456
457
458
459
460
461
464
467
468
469
470
472
475
476
479
480
481
482
484
485
486
487
488
489
492
493
494
495
496
497
498
501
502
503
504
505
506
508
509
511
514
515
516
517
518
519
522
523
524
525
526
527
528
531
532
533
534
535
536
537
539
542
543
544
545
546
547
548
551
552
553
554
555
556
559
560
561
562
563
564
567
568
569
570
571
572
575
576
577
578
579
580
583
584
585
586
589
590
591
592
593
594
597
598
599
600
601
602
603
604
606
607
608
609
610
611
612
613
617
618
619
620
621
622
623
625
628
629
630
631
632
633
636
637
638
639
640
641
644
645
646
647
648
649
652
653
654
655
656
657
660
661
662
663
664
665
668
669
670
671
672
673
674
676
679
680
681
682
683
684
687
688
689
690
691
692
695
696
697
698
699
700
703
704
705
706
707
708
711
712
713
714
715
716
717
721
722
725
726
727
728
729
730
731
732
733
734
735
737
740
741
742
745
746
747
750
751
752
753
754
755
756
757
758
759
760
762
765
766
767
768
769
771
772
773
778
779
780
781
783
785
786
788
789
791
792
796
797
798
799
801
802
804
805
807
808
809
810
811
812
813
814
819
820
821
823
824
825
826
830
831
832
833
834
835
837
840
841
842
843
844
845
848
849
850
851
852
853
856
857
858
859
860
861
864
865
866
867
868
869
872
873
874
875
876
877
880
881
882
883
884
885
888
889
890
891
892
893
894
897
898
899
900
901
902
905
906
907
908
909
910
913
914
915
916
917
918
921
922
923
926
927
929
930
932
933
935
936
937
941
942
943
944
946
947
949
950
951