1
2
3
4
5
6
7
8
9
10
11
12
13
14
15
16
17
18
19
20
21
22
23
24
25
26
27
28
29
30
31
32
33
34
35
36
38
39
40
41
42
43
44
45
46
47
48
49
50
51
52
53
54
55
56
57
59
60
61
62
63
64
65
66
67
68
69
70
71
72
73
74
75
76
77
78
79
80
81
82
83
84
85
88
89
90
92
93
94
95
96
97
98
99
101
103
104
107
108
111
112
115
116
120
121
122
124
125
126
127
131
132
133
134
135
136
137
138
139
140
141
143
144
146
147
148
149
151
153
154
155
156
157
158
159
160
161
162
163
164
165
166
168
169
170
171
173
174
176
177
181
182
183
184
185
186
190
191
192
193
195
196
197
202
203
204
205
207
208
209
214
215
216
217
219
220
221
226
227
228
229
231
232
233
238
239
240
241
242
243
244
247
248
249
250
252
253
254
255
257
258
261
262
263
264
266
267
270
271
272
273
277
278
279
281
282
285
286
287
288
290
291
292
293
295
296
299
300
301
302
303
304
305
306
307
308
315
316
317
320
321
322
323
324
325
326
327
333
334
335
337
338
339
340
341
342
343
349
350
351
352
353
355
356
357
358
359
360
361
362
364
365
366
367
368
372
373
374
378
380
381
382
383
384
385
386
387
389
391
392
394
395
396
398
399
400
401
402
403
405
407
408
409
410
411
412
413
414
415
416
417
419
422
423
424
425
426
427
428
429
430
431
432
434
437
438
441
442
445
446
448
449
452
453
454
455
456
457
458
462
463
464
465
468
469
470
471
472
474
475
476
477
479
480
483
484
485
486
490
491
492
495
496
497
498
499
500
501
502
503
504
505
507
508
509
510
511
513
514
515
517
518
519
520
521
524
525
526
527
528
529
530
532
533
534
535
536
537
538
541
542
543
544
546
547
548
549
550
552
554
555
558
559
560
561
563
564
566
567
568
569
571
572
573
574
575
576
578
579
581
582
583
584
585
587
588
589
590
591
596
597
598
599
600
601
602
608
609
610
612
613
614
615
616
617
618
622
623
624
626
627
628
629
630
631
633
634
635
641
642
643
644
648
649
650
652
655
656
657
659
661
662
664
667
668
669
670
672
673
675
676
677
678
679
683
684
685
687
689
690
691
693
694
695
696
700
701
703
704
705
707
708
709
712
713
714
715
716
721
722
723
725
726
727
728
729
730
731
732
734
735
736
737
738
739
740
741
742
745
746
747
748
750
751
752
753
754
755
756
757
758
761
765
766
767
768
771
772
773
778
779
780
781
782
784
787
788
789
790
791
793
796
797
798
799
800
801
802
803
806
807
808
809
810
811
812
813
815
816
818
819
821
822
823
824
825
827
828
829
830
835
836
839
840
841
842
843
845
846
847
849
850
851
852
854
855
859
860
861
862
863
865
869
870
873
874
875
876
879
880
881
882
884
887
888
889
890
892
895
896
897
898
899
900
902
905
906
907
908
909
910
911
913
915
917
918
920
923
925
926
927
928
929
930
931
932
933
936
937
938
939
940
943
944
946
949
950
951
954
955
956
959
960
961
963
964
966
967
969
970
971
972
973
977
978
982
983
984
985
988
989
990
993
994
995
998
999
1000
1003
1004
1007
1008
1009
1012
1013
1014
1017
1018
1019
1022
1023
1024
1027
1028
1029
1032
1033
1034
1037
1038
1039
1042
1043
1044
1047
1048
1049
1052
1053
1054
1057
1058
1059
1062
1063
1064
1065
1066
1068
1071
1072
1073
1076
1077
1078
1081
1082
1083
1086
1087
1088
1091
1092
1093
1096
1097
1098
1099
1100
1101
1102
1103
1104
1105
1107
1108
1110
1113
1114
1115
1116
1117
1119
1122
1123
1124
1125
1126
1127
1130
1131
1132
1135
1136
1137
1138
1141
1142
1143
1146
1147
1148
1149
1150
1152
1155
1156
1157
1160
1161
1162
1163
1164
1166
1169
1170
1171
1174
1175
1176
1177
1178
1180
1183
1184
1185
1186
1187
1189
1192
1193
1194
1197
1198
1199
1202
1203
1204
1207
1208
1209
1212
1213
1214
1217
1218
1219
1222
1223
1224
1225
1226
1227
1228
1229
1232
1235
1236
1237
1240
1241
1242
1243
1244
1246
1249
1250
1251
1252
1254
1255
1256
1258
1259
1261
1264
1265
1266
1269
1270
1271
1274
1275
1276
1277
1278
1279
1282
1285
1286
1287
1290
1291
1292
1295
1296
1297
1298
1299
1302
1303
1304
1305
1306
1309
1310
1311
1312
1314
1316
1318
1319
1322
1323
1324
1325
1326
1327
1328
1332
1333
1334
1336
1337
1338
1339
1340
1341
1342
1343
1344
1346
1348
1351
1352
1353
1354
1355
1358
1359
1360
1363
1364
1365
1366
1367
1368
1369
1370
1371
1372
1375
1376
1377
1378
1379
1380
1381
1382
1385
1386
1387
1390
1393
1394
1395
1398
1399
1400
1401
1403
1406
1407
1408
1409
1410
1411
1412
1413
1417
1418
1419
1420
1421
1422
1423
1424
1428
1429
1430
1431
1432
1433
1434
1435
1436
1437
1439
1441
1444
1445
1446
1449
1450
1451
1452
1453
1454
1455
1456
1457
1458
1459
1460
1462
1463
1464
1465
1466
1467
1469
1471
1472
1473
1479
1480
1481
1483
1484
1486
1489
1490
1491
1492
1493
1494
1495
1498
1499
1500
1501
1503
1504
1506
1510
1511
1512
1513
1514
1515
1516
1517
1518
1519
1520
1521
1522
1523
1524
1525
1526
1527
1529
1530
1532
1535
1536
1537
1538
1539
1540
1541
1542
1543
1544
1545
1546
1547
1548
1549
1550
1551
1553
1554
1555
1556
1559
1562
1563
1564
1565
1567
1568
1570
1571
1572
1573
1574
1575
1577
1578
1581
1583
1584
1586
1589
1590
1591
1594
1595
1596
1599
1600
1601
1602
1604
1607
1608
1609
1610
1611
1613
1614
1615
1616
1617
1618
1619
1620
1622
1626
1627
1628
1629
1630
1632
1633
1634
1635
1636
1637
1638
1639
1641
1645
1646
1649
1650
1651
1654
1655
1656
1659
1660
1661
1662
1665
1666
1669
1670
1671
1672
1675
1676
1678
1679
1681
1682
1683
1685
1686
1689
1690
1691
1694
1697
1698
1701
1702
1703
1704
1706
1709
1710
1711
1712
1713
1717
1718
1719
1720
1721
1725
1726
1727
1728
1729
1733
1734
1735
1736
1737
1741
1742
1744
1745
1746
1747
1748
1749
1750
1751
1752
1753
1756
1760
1761
1762
1765