1
2
3
4
5
6
7
8
9
10
11
12
13
14
15
16
17
18
19
20
21
22
23
24
25
26
27
28
29
30
31
32
33
35
36
37
38
39
40
41
42
43
44
45
46
47
48
49
50
51
52
53
54
55
56
57
58
60
61
62
63
64
65
66
67
68
69
70
71
72
74
75
77
78
80
81
83
84
86
87
88
90
91
92
93
94
97
98
99
102
103
106
107
108
109
110
111
112
113
114
115
116
117
118
119
121
122
123
124
125
126
127
128
129
130
132
133
134
135
136
137
138
140
141
142
143
144
145
146
147
148
149
150
151
152
153
154
155
157
158
162
163
166
167
168
169
170
171
174
175
178
179
180
183
184
185
188
189
190
191
192
194
195
197
198
199
200
201
202
206
207
208
209
210
212
213
215
216
217
218
219
220
224
225
226
227
228
230
231
233
234
235
236
237
238
242
243
245
246
248
249
251
252
253
254
255
259
260
261
262
264
265
266
268
269
270
271
272
276
277
278
279
280
281
282
283
284
285
286
287
288
289
292
293
294
296
297
298
299
301
304
305
306
307
308
309
313
314
315
316
317
318
319
320
321
322
327
328
329
331
334
335
338
339
342
343
346
347
348
349
350
351
352
355
356
359
360
361
362
363
364
365