1
2
3
4
5
6
7
8
9
10
11
12
13
14
15
16
17
18
19
20
21
22
23
24
25
26
27
28
29
30
31
33
34
35
36
37
38
40
41
42
43
44
45
46
47
49
50
51
52
53
54
55
56
57
59
60
61
62
63
64
65
66
67
68
69
70
71
72
73
74
75
76
77
78
81
82
83
85
87
88
89
90
91
92
93
95
97
98
99
101
102
103
104
105
106
107
108
110
111
112
113
114
116
117
118
119
120
121
123
124
125
127
129
131
132
133
134
135
136
137
138
141
142
144
145
147
148
149
150
151
152
153
154
155
156
157
160
161
162
163
164
165
167
168
169
170
171
172
173
174
175
176
177
178
179
181
182
183
184
187
188
191
194
195
196
197
198
199
200
201
202
203
204
205
206
207
209
212
213
215
216
217
218
220
222
223
224
227
229
231
232
233
234
235
236
238
239
240
241
242
243
244
245
246
247
248
249
250
251
252
253
254
255
256
257
258
259
260
261
262
263
264
266
268
271
272
273
276
277
280
281
282