1
2
3
4
5
6
7
8
9
10
11
12
13
14
15
16
17
18
19
20
21
22
23
24
25
26
28
30
31
32
33
34
35
37
38
39
40
41
42
43
44
45
46
47
48
50
51
52
53
54
55
56
58
59
60
61
63
64
65
66
68
69
70
71
73
74
75
76
77
78
80
81
82
83
84
85
86
87
89
91
93
94
95
96
98
99
100
101
103
105
107
109
111
113
114
115
116
118
119
120
121
123
124
125
126
128
129
130
131
133
134
135
136
137
139
140
141
142
144
146
147
148
149
150
151
152
153
155
156
157
158
159
161
162
163
164
165
166
168
169
170
171
173
174
175
176
178
179
180
181
182
183
184
185
186
187
188
190
191
192
193
194
195
197
198
199
200
201
202
203
205
206
207
208
210
211
212
213
214
215
216
217
219
220
221
222
223
224
225
226
229
230
231
232
233
234
235
236
238
239
240
241
242
243
244
245
246
247
248
249
250
252
253
254
255
256
257
258
259
260
261
262
264
265
266
267
268
269
270
271
272
273
274
275
276
277
278
280
281
282
283
285
286
287
288
289
290
291
292
293
295
296
297
298
299
300
301
302
303
305
306
307
308
309
310
311
312
313
315
316
317
318
319
320
321
322
323
324
325
326
327
329
330
331
332
333
334
335
337
339
341
343
344
345
346
347
348
349
351
352
353
354
355
356
358
359
360
361
362
363
365
366
367
368
370
371
372
373
375
376
377
378
380
382
383
384
385
387
388
389
390
391
392
394
395
396
397
398
399
400
402
403
404
405
406
407
408
409
411
412
413
414
415
416
418
419
420
421
422
423
424
426
427
428
429
430
431
433
434
435
436
437
439
440
441
442
443
445
446
447
448
449
451
452
453
454
455
456
457
459
460
461
462
463
464
465
467
468
469
470
472
473
474
475
477
479
481
483
485
487
489
491
493
495
496
498
500
501
502
503
504
505
506
507
509
511
512
513
514
515
516
517
518
519
520
521
522
523
524
525
526
527
528
529
530
531
532
533
534
535
536
537
538
539
540
541
542
543
544
545
546
547
548
549
550
551
552
553
554
555
556
557
558
559
560
561
562
563
564
565
566
567
568
569
570
571
572
573
574
575
576
577
578
579
581
582
583
584
585
586
587
588
590
591
592
593
594
595
596
598