1
2
3
4
5
6
7
8
9
10
11
12
13
14
15
16
17
18
19
20
21
22
23
24
25
26
27
28
29
30
31
32
33
34
35
36
38
39
40
41
42
43
44
45
46
47
48
49
50
51
52
53
54
55
56
57
58
59
60
61
62
63
64
65
66
67
68
69
70
71
72
73
74
75
76
77
78
79
80
81
82
83
84
85
86
87
88
89
90
91
92
93
94
95
96
97
98
99
100
101
102
103
104
105
106
107
108
109
110
111
112
113
114
115
116
117
118
119
120
121
122
123
124
125
126
127
128
129
130
131
132
133
134
135
136
137
138
139
140
141
142
143
144
145
146
147
148
149
150
151
152
153
154
155
156
157
158
159
160
161
162
163
164
165
166
167
168
169
170
171
172
174
175
176
177
178
179
181
183
184
186
187
189
191
192
194
195
196
199
200
201
202
206
207
210
211
214
215
218
219
222
223
226
227
230
231
232
233
235
238
239
240
241
242
243
244
245
246
247
248
249
250
251
252
253
254
255
256
257
260
261
264
265
266
267
268
269
270
271
272
273
274
275
276
277
278
279
280
281
282
283
284
285
286
287
288
289
290
291
292
293
294
295
298
299
302
303
304
307
308
310
311
312
313
314
315
316
317
318
319
320
321
322
323
324
325
326
327
328
329
330
331
332
333
334
336
337
338
339
340
341
343
344
345
348
349
352
353
354
355
356
357
358
359
361
364
365
367
368
370
373
374
375
378
379
381
384
385
386
387
389
390
391
394
395
398
399
402
403
404
407
408
410
413
414
417
418
419
420
423
424
426
427
430
431
432
433
434
437
440
441
442
443
444
445
446
447
448
450
453
454
455
456
457
458
459
460
461
463
466
467
468
469
470
471
472
473
477
478
479
480
481
482
485
487
490
491
492
493
494
496
498
499
500
501
502
504
507
510
511
512
513
514
515
516
517
518
522
525
526
527
528
529
530
531
532
533
535
536
537
538
539
540
541
542
543
545
548
549
550
554
555
556
560
561
562
563
564
565
566
567
571
572
573
575
576
578
580
583
584
585
587
588
589
590
591
592
593
594
595
596
597
598
599
600
601
602
603
604
605
606
607
609
612
613
614
615
616
617
618
619
620
621
622
623
624
627
628
631
632
633
634
635
636
637
639
640
642
643
644
645
646
647
649
650
651
652
653
655
657
658
659
660
661
662
663
664
665
666
667
668
669
670
671
672
673
674
675
676
677
678
679
680
681
682
683
684
686
689
690
691
692
693
694
695
696
698
699
701
702
708
709
710
711
712
713
714
715
716
717
718
720
723
726
727
730
731
733
734
736
737
738
739
741
743
744
745
747
748
749
750
752
753
754
755
757
758
759
761
762
763
764
766
767
769
772
775
776
778
779
782
785
786
787
789
791
793
794
795
798
801
802
805
806
809
810
813
814
816
818
821
822
824
826
829
830
831
832
833
834
835
836
837
838
839
840
842
843
844
845
846
847
848
849
853
856
857
858
859
860
861
862
863
864
865
866
868
869
870
873
874
875
876
878
879
881
882
883
884
887
888
892
893
895
896
899
901
902
904
905
909
912
913
914
915
916
917
919
922
923
924
926
927
928
929
930
931
932
936
939
940
942
944
945
946
947
948
949
950
951
952
956
957
959
961
963
966
967
968
969
970
971
974
977
979
982
983
984
985
987
988
990
991
992
993
994
995
996
997
998
999
1000
1004
1005
1006
1007
1008
1010
1011
1012
1013
1014
1015
1020
1023
1024
1025
1028
1031
1032
1033
1035
1037
1038
1039
1041
1042
1043
1045
1046
1047
1049
1050
1051
1053
1054
1055
1057
1061
1062
1063
1065
1066
1069
1072
1073
1074
1076
1079
1082
1083
1086
1087
1088
1091
1092
1093
1095
1096
1097
1099
1100
1101
1103
1104
1105
1107
1108
1109
1111
1112
1113
1115
1119
1120
1121
1122
1124
1125
1127
1128
1129
1130
1131
1132
1133
1134
1135
1136
1137
1141
1142
1143
1144
1145
1147
1148
1151
1152
1155
1156
1157
1159
1162
1163
1164
1165
1166
1167
1169
1172
1173
1174
1175
1176
1179
1180
1181
1182
1183
1186
1187
1190
1191
1194
1195
1196
1197
1198
1201
1202
1203
1204
1205
1206
1209
1210
1211
1212
1213
1214
1217
1218
1219
1220
1221
1222
1225
1226
1229
1230
1233
1234
1235
1237
1238
1241
1242
1243
1245
1246
1248
1249
1250
1251
1254
1257
1258
1260
1261
1262
1263
1264
1267
1270
1271
1272
1273
1275
1276
1279
1281
1284
1287
1288
1290
1291
1292
1293
1296
1297
1298
1299
1302
1303
1305
1306
1309
1310
1312
1313
1314
1315
1316
1317
1318
1319
1320
1324
1325
1328
1331
1332
1333
1335
1336
1337
1338
1340
1343
1346
1347
1349
1352
1353
1354
1357
1358
1359
1361
1364
1365
1368
1369
1370
1371
1373
1375
1378
1379
1380
1381
1382
1383
1384
1386