1
2
3
4
5
6
7
8
9
10
11
12
13
14
15
16
17
18
19
20
21
22
23
24
25
26
27
28
29
30
31
33
34
35
36
37
38
40
41
42
43
45
46
47
48
49
50
51
53
54
55
56
57
58
60
61
63
64
65
66
68
69
70
71
74
75
77
78
81
82
83
86
87
88
89
90
91
92
93
94
95
96
97
98
99
100
101
102
103
104
105
106
107
108
109
110
111
113
114
115
116
117
118
119
122
123
124
128
131
132
134
136
139
140
143
144
145
146
149
150
152
153
155
156
157
158
160
161
162
163
165
166
169
172
173
175
179
180
183
184
187
188
191
192
193
194
195
196
199
200
203
204
207
208
209
210
211
214
215
216
217
218
222
223
226
227
228
229
230
231
233
234
237
238
239
240
241
245
246
247
249
250