1
2
3
4
5
6
7
8
9
10
11
12
13
14
15
16
17
18
19
20
21
22
23
24
25
26
27
28
29
30
31
32
33
34
36
37
38
40
41
42
43
44
45
46
47
48
49
51
52
53
55
56
59
60
61
62
64
66
68
71
72
73
76
77
78
81
82
85
86
87
90
91
92
93
96
99
100
101
104
105
106
109
110
111
114
115
116
119
120
121
124
125
126
128
129
130
131
132
136
137
138
139
140
141
143
144
146
147
148
149
150
151
152
153
155
158
159
160
163
164
165
166
167
168
169
170
171
173
174
175
179
180
181
182
184
185
186
187
188
189
190
191
192
193
194
195
196
197
198
199
200
202
205
206
207
210
211