1
2
3
4
5
6
7
8
9
10
11
12
13
14
15
16
17
18
19
20
21
22
23
24
25
26
27
28
30
31
32
33
34
35
36
37
38
39
40
41
42
43
44
45
46
47
48
49
51
52
53
54
55
56
57
58
59
60
61
62
63
64
65
66
67
68
69
70
71
72
74
75
76
77
78
79
80
82
83
84
85
86
88
89
90
93
94
95
96
100
101
102
106
107
108
110
111
113
114
116
117
119
120
121
122
123
124
125
126
127
128
130
131
132
133
135
136
138
139
140
141
142
143
144
146
148
151
152
155
156
159
160
161
162
163
164
166
167
168
169
170
172
173
175
176
179
181
182
183
184
185
186
187
188
189
190
191
192
193
194
197
199
200
201
205
206
207
208
209
210
211
212
213
214
215
217
218
221
222
223
224
225
226
227
228
230
231
234
236
237
238
239
240
243
244
245
246
247
250
253
254
257
258
259
261
262
263
264
265
266
267
268
269
274
275
276
277
278
279
283
284
285
286
287
290
291
292
294
295
296
297
298
299
300
301
302
304
305
306
308
309
310
311
312
313
314
315
316
318
321
322
323
325
326
327
328
329
330
331
332
333
335
338
339
340
342
343
344
345
346
347
348
350
351
352
353
354
355
356
357
358
359
362
363
365
366
367
368
369
370
371
373
374
377
378
379
380
383
384
386
387
388
390
391
392
393
394
397
398
399
400
401
402
403
404
405
407
408
409
411
414
415
416
417
419
420
421
422
423
424
425
429
430
431
433
434
435
436
437
438
439
440
441
442
443
444
445
449
450
451
453
454
455
456
457
458
459
460
461
463
464
467
468
469
470
472
473
474
475
476
477
478
479
483
484
485
486
487
488
489
494
495
497
498
499
500
501
502
503
504
505
506
507
508
509
511
512
513
514
515
516
517
518
519
520
523
524
525
529
530
531
533
534
536
537
538
540
541
542
543
544
545
547
548
549
550
551
552
554
555
556
557
558
559
560
561
562
563
564
565
566
568
569
571
572
574
575
576
578
579
582
583
584
585
586
588
589
590
591
593
594
595
596
599
602