1
2
3
4
5
6
7
8
9
10
11
12
13
14
15
16
17
18
19
20
21
22
23
24
25
26
27
28
30
31
32
33
34
36
37
38
39
40
41
42
43
44
45
46
47
48
49
50
51
52
54
55
56
57
58
59
61
62
64
66
67
68
69
70
72
73
74
75
76
77
78
79
80
81
82
83
84
85
86
87
89
91
92
93
94
95
96
97
98
100
102
103
104
105
106
107
109
110
111
112
113
114
116
117
118
119
120
121
122
124
125
126
127
128
129
130
131
132
133
137
138
139
140
141
142
143
144
146
147
149
152
153
154
155
156
157
158
159
160
161
162
163
167
168
169
170
171
172
174
176
177
180
181
182
183
184
187
188
189
190
191
192
193
195
196
199
200
202
203
206
207
208
211
212
213
214
215
219
220
221
222
223
224
225
226
230
231
232
233
234
235
236
237
241
242
243
244
245
246
247
248
249
250
251
252
253
254
255
256
257
258
259
260
261
262
263
264
265
266
267
271
272
273
274
275
276
277
278
279
280
281
282
283
284
285
286
287
288
289
290
291
292
293
294
297
298
299
300
301
302
305
306
307
308
309
312
313
314
315
316
317
320
321
322
323
324
325
328
329
332
333
336
337
338
339
340
341
344
345
346
347
348
349
350
353
354
355
356
357
358
359
363
364
365
366
367
368
371
372
373
374
375
378
379
380
381
382
385
386
387
388
389
390
391
394
395
396
397
398
399
400
401
403
404
405
406
411
412
413
414
415
416
417
418
419
420
421
424
425
426
429
430
431
434
435
436
437
438
439
440
441
444
445
446
447
448
449
450
451
452
453
454
459
460
461
462
463
464
465
466
469
470
471
472
473
474
475
476
477
478
479
483
484
485
486
487
490
491
492
493
494
495
498
499
500
501
502
503
504
505
506
507
509
510
511
512
515
516
518
521
522
523
524
525
526
527
528
529
531
532
534
536
539
540
541
542
543
544
545
546
547
550
551
552
553
554
557
558
559
560
561
562
563
564
565
566
570
571
572
573
574
575
576
579
580
581
582
583
584
585
586
587
589
592
593
594
595
596
597
598
599
600
601
602
605
606
607
608
609
610
611
612
613
615
616
617
620
621
622
623
624
625
628
629
630
631
632
633
636
637
638
639
640
641
644
645
646
647
648
649
652
653
654
657
658
659
660
661
662
663
664
667
668
669
670
671
672
675
676
677
678
679
680
681
682
683
684
687
688
689
690
691
692
693
694
695
696
697
699
702
703
704
705
706
707
708
711
712
713
714
715
718
719
720
721
722
723
725
727
728
729
731
732
733
737
738
740
741
742
744
746
749
750
751
752
753
754
755
757
759
760
762
763
766
767
768
769
770
771
774
775
776
777
778
779
780
781
784
785
787
788
789
790
792
794
795
796
799
800
801
802
803
804
805
806
807
809
811
812
814
815
816
817
820
822
823
825
827
829
831
834
835
836
837
838
839
842
843
844
845
846
847
851
852
853
854
855
856
857
858
862
863
864
865
866
867
868
869
870
871
872
873
876
877
878
879
880
883
884
885
886
887
888
889
890
893
894
895
896
897
898
899
900
901
902
903
904
905
906
907
908
909
910
911
913
914
915
916
918
919
920
921
922
926
927
931
932
933
934
935
936
937
938
940
941
942
943
945
946
949
952
953
954
957
958
959
962
963
966
967
968
969
970
971
972
973
976
977
978
979
980
981
982
983
984
987
988
989
990
991
992
995
996
997
998
999
1000
1003
1004
1005
1006
1007
1008
1009
1010
1011
1013
1016
1017
1018
1019
1020
1021
1022
1023
1024
1028
1029
1031
1032
1035
1036
1037
1038
1039
1040
1041
1042
1044
1047
1048
1049
1050
1051
1054
1055
1056
1057
1058
1061
1062
1063
1065
1066
1067
1068
1069
1070
1071
1072
1073
1074
1075
1076
1079
1080
1081
1082
1083
1084
1087
1088
1089
1090
1091
1092
1093
1094
1095
1096
1097
1099
1102
1103
1104
1105
1106
1107
1108
1109
1110
1111
1112
1114
1117
1118
1119
1120
1121
1122
1125
1126
1127
1128
1129
1130
1131
1134
1135
1136
1137
1138
1139
1140
1143
1144
1145
1146
1147
1148
1149
1150
1153
1154
1155
1156
1157
1158
1161
1162
1163
1164
1165
1166
1169
1170
1171
1172
1173
1174
1175
1176
1177
1181
1182
1183
1184
1185
1188
1189
1190
1191
1192
1193
1194
1195
1200
1201
1202
1204
1205
1206
1207
1208
1209
1210
1213
1214
1215
1216
1217
1218
1221
1222
1223
1224
1225
1226
1229
1230
1231
1232
1233
1234
1237
1238
1239
1240
1241
1242
1245
1246
1247
1248
1249
1250
1253
1254
1255
1256
1257
1258
1261
1262
1263
1264
1265
1266
1269
1270
1271
1272
1273
1274
1277
1278
1279
1281
1282
1283
1284
1285
1286
1287
1290
1291
1292
1293
1294
1295
1298
1299
1300
1301
1302
1303
1306
1307
1308
1309
1310
1311
1314
1315
1316
1317
1318
1319
1322
1323
1324
1325
1326
1327
1328
1329
1332
1333
1334
1335
1336
1337
1338
1341
1342
1343
1344
1345
1346
1347
1350
1351
1352
1353
1354
1355
1356
1357
1358
1359
1360
1362
1365
1366
1367
1368
1369
1370
1371
1372
1373
1374
1375
1377
1380
1381
1382
1383
1384
1385
1386
1391
1392
1393
1394
1395
1396
1397
1398
1401
1402
1404
1405
1406
1407
1408
1413
1414
1417
1418
1419
1420
1421
1422
1423
1424
1425
1427
1428
1429
1432
1433
1434
1435
1436
1437
1441
1442
1443
1446
1447
1448
1449
1450
1451
1452
1458
1459
1460
1461