1
2
3
4
5
6
7
8
9
10
11
12
13
14
15
16
17
18
19
20
21
22
23
24
25
26
27
28
29
30
31
32
33
36
37
38
39
40
43
45
47
48
49
50
51
52
53
54
55
56
58
59
60
61
62
63
64
65
66
67
68
69
70
71
72
73
74
75
76
77
78
79
81
82
83
84
85
86
87
88
89
90
91
92
93
94
95
96
97
98
99
101
102
103
104
105
106
107
108
109
110
111
112
113
114
116
119
120
123
124
125
127
130
131
132
134
135
137
140
141
142
143
144
145
148
149
150
151
152
155
156
157
160
161
164
165
168
169
172
173
176
177
180
181
182
183
184
185
188
189
190
191
192
193
196
197
198
199
200
201
204
205
206
209
210
211
212
213
214
215
218
219
222
223
226
227
230
231
233
234
235
236
237
238
239
242
243
244
247
248
249
250
251
252
253
254
255
256
260
261
262
263
264
265
266
267
268
274
275
277
278
279
280
282
284
285
287
288
289
290
292
294
295
297
298
299
300
302
304
305
307
308
309
310
312
314
315
317
318
319
320
322
324
325
327
328
329
330
332
334
335
337
338
339
340
342
344
345
347
348
349
350
352
354
355
357
358
359
360
362
364
365
367
368
369
370
372
374
375
377
378
379
380
382
386
387
388
391
392
393
396
397
400
401
402
403
404
405
406
407
412
413
414
415
416
417
418
421
422
423
426
429
430
433
434
436