2
4
5
6
7
8
9
10
11
12
13
14
15
16
17
18
19
20
21
22
23
24
25
26
27
28
29
32
33
34
35
36
37
39
40
41
44
45
46
47
48
51
52
53
54
55
56
57
58
59
61
62
64
65
67
70
71
72
73
76
77
78
79
80
81
82
83
84
85
86
87
90
91
92
93
94
95
96
97
98
102
104
105
106
107
108
109
110
111
112
115
120
121
122
123
124
125
126
127
128
129
130
133
134
135
136
137
138
141
142
143
144
146
147
150
151
154
155
156
157
158
160
161
162
164
167
168
169
170
171
172
173
174
175
177
178
180
182
183
184
186
189
190
193
194
195
200
201
202
203
204
205
207
208
209
210
213
214
215
216
221
222
223
224
225
226
228
229
230
233
234
235
236
238
239
240
241
242
243
244
247
251
252
253
254
255
257
258
259
261
262
263
264
265
267
271
272
273
274
275
277
278
279
282
283
287
288
289
290
291
292
293
294
295
296
298
299
300
303
304
307
308
311
312
315
316
317
319
322
323
327
328
329
330
331
332
333
334
335
336
337
338
339
341
344
345
346
347
348
349
350
351
352
353
354
355
356
357
358
360
363
364
365
366
367
368
369
370
371
372
373
374
375
376
377
378
379
380
381
382
383
384
385
386
387
388
389
390
391
392
394
395
396
397
398
400
402
403
404
405
406
408
410
411
412
413
414
415
417
418
419
421
422
423
424
425
426
428
429
433
434
435
436
437
438
439
440
441
442
443
444
445
446
447
448
449
450
451
452
453
454
455
456
457
458
459
460
461
462
464
465
466
467
468
469
470
471
473
474
475
476
477
478
479
480
481
482
483
484
485
487
488
491
492
494
495
497
498
502
503
504
505
506
507
508
509
510
511
514
515
516
517
518
519
520
521
522
523
524
525
526
527
528
529
530
531
532
533
534
535
536
537
538
540
541
543
546
547
548
549
550
551
552
553
554
555
556
557
558
559
560
561
562
563
564
565
566
567
568
569
570
572
573
575