1
2
3
4
5
6
7
8
9
10
11
12
13
14
15
16
17
18
19
20
21
22
23
24
25
26
27
28
29
30
31
32
33
35
36
37
38
39
40
41
42
44
45
46
47
48
49
50
51
52
53
54
55
56
57
59
60
61
62
63
64
66
67
68
69
70
71
72
73
74
75
76
77
78
79
80
81
82
83
84
85
86
88
90
91
93
95
97
98
100
101
102
103
105
106
109
110
111
113
114
115
116
119
120
122
123
124
125
126
127
128
130
131
135
136
137
138
139
140
141
142
143
148
149
152
153
154
157
158
159
160
161
164
165
166
167
168
169
171
173
174
175
176
178
179
181
183
186
187
188
189
190
191
192
193
194
195
196
197
198
199
200
201
202
203
204
207
208
209
210
211
212
213
214
217
218
221
222
223
225
226
228
230
231
233
236
237
238
239
241
242
243
244
245
247
249
251
252
253
254
255
256
258
260
262
263
266
267
268
270
271
272
276
277
279
280
281
282
283
286
289
290
293
294
295
296
297
301
302
305
306
309
310
313
314
315
316
317
318
319
320
321
322
325
326
327
328
331
332
333
336
337
338
341
342
343
344
345
347
349
351
353
356
357
358
360
363
364
365
366
367
368
369
373
374
375
376
377
378
379
380
381
382
386
387
388
390
393
394
397
398
399
400
401
403
406
407
408
410
411
414
415
416
419
420
421
422
425
426
427
430
431
432
433
434
435
437
438
439
440
441
442
443
444
445
446
450
451
453
454
455
456
457
460
461
462
463
464
465
466
469
470
472
473
474
475
476
477
478
479
481
482
485
486
487
488
489
490
493
494
497
498
499
500
504
505
506
507
508
512
513
514
515
518
521
522
525
526
527
528
529
530
531
532
533
534
535
538
539
540
542
545
546
547
549
552
553
554
556
559
560
561
564
565
566
568
569
570
571
572
574
575
576
577
578
582
585
586
587
588
591
592
593
595
596
597
598
599
603
604
605
606
609
610
611
612
615
616
618
621
622
623
626
627
628
629
631
632
633
634
637
639
640
642
645
646
647
648
649
650
653
654
656
657
659
661
664
665
666
667
668
669
670
671
672
674
676
679
680
681
682
683
685
688
689
691
692
693
696
697
699
700
701
702
705
708
709
712
713
716
719
720
721
724
725
726
727
728
729
730
731
733
734
735
736
737
738
739
740
741
745
748
749
750
751
752
753
754
755
756
760
761
764
765
768
769
770
771
773
774
776
778
780
782
784
785
786
787
788
789
790
791
792
793
795
798
799
800
803
804
805
808
809
812
813
815
816
817
818
819
820
821
822
823
824
825
826
827
829
832
833
836
837
840
841
843
844
845
848
850
851
852
855
856
859
860
861
863
864
866
867
868
870
871
873
875
876
878
879
881
882
884
885
889
890
891
892
893
894
895
896
898
899
900
901
902
903
904
905
906
907
911
912
913
917
918
919
920
922
923
924
926
927
928
929
933
934
935
937
938
940
941
942
943
945
946
947
948
949
950
951
952
953
954
955
958
959
962
963
966
967
968
969
971
974
975
976
977
978
979
980
981
982
983
984
985
986
987
988
991
992
993
994
995
996
997
998
999
1000
1001
1003
1007
1008
1009
1010
1012
1013
1015
1016
1017
1019
1022
1023
1024
1025
1026
1029
1030