1
2
3
4
5
6
7
8
9
10
11
12
13
14
15
16
17
18
19
20
21
22
23
24
25
26
27
28
30
31
33
34
36
37
38
39
42
45
46
47
48
49
52
56
57
58
59
61
62
63
64
65
71
72
73
74
75
77
79
81
82
85
86
87
88
90
92
95
96
97
98
99
100
102
103
108
109
111
112
113
115
117
118
119
120
122
123
124
125
127
128
129
130
131
132
133
134
135
136
138
140
141
142
143
144
147
148
149
150
155
157
158
159
160
162
163
164
165
166
167
168
169
170
171
172
173
174
175
176
182
183
184
186
187
188
190
191
192
194
195
197
198
199
200
202
204
206
207
210
211
214
215
216
218
220
221
222
223
226
227
228
229
231
234
236
237
240
241
242
244
245
246
251
252
253
254
255
256
257
258
259
262
263
264
265
266
267
269
270
275
276
277
278
280
281
282
283
285
287
292
293
294
295
297
300
301
302
303
305
308
309
310
311