1
2
3
4
5
6
7
8
9
10
11
12
13
14
15
16
17
18
19
20
21
22
23
24
25
26
27
28
29
30
31
32
33
35
36
37
38
39
40
41
42
43
44
45
46
47
48
49
51
52
53
54
55
56
57
58
59
60
61
62
63
64
65
67
68
69
70
71
72
73
74
75
76
77
78
79
80
81
82
83
84
85
86
87
88
89
90
91
92
93
94
95
96
97
98
99
100
101
102
103
104
105
106
107
108
109
110
111
112
113
114
115
116
117
118
119
120
121
122
123
124
125
126
127
128
130
131
132
133
135
136
137
138
139
140
141
142
143
144
146
149
150
152
153
154
155
157
159
161
163
164
167
168
169
170
172
173
174
177
178
179
180
181
182
183
184
188
189
190
191
192
193
194
196
197
198
199
200
201
202
203
204
205
206
209
212
213
214
218
219
222
223
224
226
227
231
232
233
236
237
239
240
242
243
244
245
248
249
250
251
252
256
257
258
260
261
262
263
264
268
271
272
273
274
275
276
277
278
282
283
285
286
287
292
294
295
297
298
299
300
302
303
306
307
308
309
310
311
315
316
317
319
322
323
324
325
326
327
328
329
330
331
332
333
334
335
336
337
340
342
343
344
345
346
347
351
352
355
356
359
360
363
364
367
368
369
370
372
375
376
379
380
383
384
387
388
391
392
395
396
399
401
404
405
406
410
411
412
415
416
418
419
422
423
427
428
429
432
433
434
435
436
437
443
444
445
448
449
453
454
455
458
459
463
464
465
468
469
470
471
473
474
476
477
478
481
482
483
484
485
486
488
490
491
493
494
495
496
497
500
501
502
503
504
505
508
509
510
515
516
517
519
520
523
524
528
529
532
533
534
535
536
537
538
539
540
541
544
545
546
547
548
549
551
555
556
557
558
559
561
562
565
566
567
568
569
570
571
573
574
575
576
577
579
580
581
582
583
584
586
587
588
589
593
594
595
596
597
598
599
601
602
603
604
605
606
608
609
610
611
616
617
618
619
620
621
622
623
624
628
629
630
631
632
633
634
635
636
639
640
642
644
645
646
650
652
653
654
655
656
659
660
661
662
663
665
666
669
670
671
675
676
677
681
682
683
687
688
689
690
691
692
694
695
699
700
701
702
703
704
705
706
707
710
713
714
716
717
718
719
720
721
722
723
724
725
726
727
728
729
730
731
732
733
734
735
736
737
740
743
744
745
746
747
748
749
752
755
756
757
759
760
761
762
763
764
765
766
767
771
772
774
775
776
777
778
779
780
781
782
783
784
786
787
788
789
791
792
796
799
800
801
802
803
804
805
806
807
808
809
810
812
813
814
815
816
818
819
820
823
824
825
826
827
828
829
830
832
833
834
835
837
838
839
840
845
848
849
851
852
853
855
856
857
861
862
863
864
865
867
868
869
873
876
877
878
879
881
882
884
885
886
887
889
890
892
893
894
896
897
898
899
902
903
904
905
907
908
914
917
918
920
921
922
923
925
926
927
928
929
930
931
932
934
935
936
937
938
940
941
942
945
946
947
948
949
950
951
952
953
954
955
957
958
959
964
967
968
971
972
974
975
976
977
978
979
980
981
982
983
984
985
986
987
988
990
992
993
994
995
998
1001
1004
1005
1007
1008
1009
1010
1011
1012
1013
1014
1015
1016
1017
1018
1020
1021
1022
1023
1024
1026
1027
1028
1029
1032
1035
1038
1039
1040
1041
1042
1043
1044
1045
1046
1047
1048
1049
1051
1052
1053
1056
1057
1059
1060
1062
1063
1065
1066
1067
1069
1070
1071
1072
1073
1077
1078
1080
1081
1082
1083
1085
1086
1087
1088
1091
1094
1095
1096
1097
1098
1101
1102
1103
1104
1106
1109
1110
1111
1112
1113
1114
1115
1116