1
2
3
4
5
6
7
8
9
10
11
12
13
14
15
16
17
19
20
21
22
23
24
25
26
27
28
29
30
31
32
33
34
35
37
38
39
40
41
42
43
44
46
47
48
49
50
51
52
53
54
55
56
57
58
59
60
61
62
63
64
65
66
67
68
69
70
71
72
73
74
75
76
77
78
79
80
81
82
83
84
85
88
89
90
91
93
94
95
96
98
99
100
103
104
105
106
107
108
111
112
113
114
116
117
118
120
121
123
126
127
128
129
130
131
132
133
134
135
136
137
138
139
140
141
142
143
144
147
148
149
150
151
152
153
156
157
158
160
163
164
166
167
168
169
170
171
173
174
178
179
180
181
182
183
184
185
187
188
189
190
192
193
197
199
200
202
203
205
208
210
211
213
214
216
219
220
221
222
225
226
229
230
233
234
237
238
241
242
243
244
245
246
249
250
253
254
255
256
257
258
261
262
265
266
267
268
269
270
271
272
273
274
277
278
281
282
283
284
285
286
289
290
293
294
295
296
297
298
301
302
303
305
308
309
310
311
312
313
314
315
318
319
320
321
322
325
326
327
328
329
330
333
334
335
336
337
340
341
342
343
344
347
348
349
350
351
354
355
356
357
358
361
362
363
364
365
368
369
370
371
372
375
376
377
378
379
382
383
384
385
386
389
390
391
392
393
396
397
398
399
400
403
404
405
406
407
410
411
412
413
414
417
418
421
422
425
426
429
430
433
434
437
438
441
442
445
446
449
450
453
454
457
458
461
462
465
466
469
470
473
474
477
478
481
482
485
486
489
490
493
494
497
498
501
502
505
506
507
508
509
512
513
514
515
516
519
520
521
522
523
526
527
528
529
530
531
534
535
536
537
538
541
542
543
544
545
548
549
550
551
552
555
556
557
558
559
562
563
564
565
566
569
570
571
572
573
576
577
578
579
580
583
584
585
586
587
590
591
594
595
598
599
602
603
606
607
608
609
610
611
614
615
616
617
618
619
622
623
624
625
626
627
630
631
632
633
634
635
638
639
640
641
642
643
646
647
648
649
650
651
654
655
656
657
658
659
662
663
664
665
666
667
670
671
674
675