1
2
3
4
5
6
7
8
9
10
11
12
13
14
15
16
17
19
20
21
22
23
24
25
26
27
29
31
32
33
34
35
36
37
38
39
40
41
42
43
44
45
46
47
48
49
51
52
53
54
55
56
57
58
59
60
61
62
63
64
66
67
69
72
73
74
75
76
77
78
79
80
81
82
83
84
85
86
88
91
92
93
96
97
98
99
100
101
102
103
104
105
106
107
108
109
110
111
117
118
119
122
123
124
125
127
130
131
132
133
135
138
139
140
141
142
143
144
147
148
149
150
151
152
153
156
157
158
160
163
164
165
166
167
168
169
170
171
172
176
177
179
180
181
182
183
184
185
186
187
189
190
194
195
196
197
198
199
200
201
202
203
205
207
208
213
215
216
217
218
219
221
225
226
227
228
230
231
232
235
236
237
238
242
243
244
245
246
247
248
249
250
251
252
253
254
255
256
257
260
264
265
268
269
270
271
272
273
274
278
281
282
283
285
288
289
290
292
295
296
297
298
299
300
301
302
305
306
307
308
309
312
313
314
316
319
320
323
324
327
328
331
332
333
334
336
338
339
340
341
342
344
347
348
349
350
351
352
353
354
356
357
358
359
360
363
364
365
366
368
369
371
374
375
376
379
380
383
384
387
388
389
390
391
392
393
394
396
400
401
404
405
406
409
410
411
414
415
416
419
420
423
424
425
426
427
428
431
432
433
434
435
436
437
438
439
440
441
445
446
449
450
453
454
457
458
459
460
461
464
465
468
469
470
471
472
473
476
477
478
479
480
482
485
486
487
489
492
493
496
497
498
499
500
503
504
505
506
507
508
509
512
513
515
516
520
521
522
523
524
525
526
530
531
532
533
534
536
539
542
543
546
549
552
553
556
557
560
561
564
565
568
569
570
571
572
573