1
2
3
4
5
6
7
8
9
10
11
12
13
14
15
16
17
19
20
21
22
23
24
26
27
28
29
30
31
32
33
34
35
36
37
38
40
41
42
43
44
45
46
47
48
50
51
52
54
57
58
61
62
63
64
65
66
67
68
73
74
75
76
77
79
80
81
82
83
84
85
86
88
89
90
91
93
94
95
97
98
99
100
101
103
105
106
107
108
109
110
111
112
113
114
115
117
118
119
120
121
122
123
125
126
128
129
130
131
132
133
134
135
136
137
138
139
140
142
147
148
149
150
151
152
153
154
155
158
159
160
163
167
168
171
172
173
174
178
179
180
182
183
186
187
188
189
190
191
192
195
196
197
198
201
204
205
207
208
209
210
211
217
218
221
222
226
227
228
231
232
233
234
235
237
240
241
242