1
2
3
4
5
6
7
8
9
10
11
12
13
14
15
16
17
19
20
21
22
23
25
27
28
29
31
32
33
34
35
36
38
40
41
42
43
44
45
47
48
51
52
53
54
55
56
57
59
60
61
64
65
66
69
72
73
74
75
76
77
78
79
80
81
82
83
84
90
91
92
95
96
97
98
99
100
103
104
105
106
111
112
113
115
116
117
118
119
120
121
122
123
124
125
129
130
131
132
133
134
135
137
138
139
140
146
147
148
150
151
154
155
156
158
159
160
161
163
164
166
168
169
170
171
175
176
177
179
180
181
182
184
185
186
188
189
190
192
194
195
196
197
198
199
203
204
207
208
211
212
215
216
219
220
223
224