1
2
3
4
5
6
7
8
9
10
11
12
13
14
15
16
17
19
20
21
22
23
24
25
26
27
28
29
30
31
32
33
34
35
36
37
38
39
40
41
42
43
44
45
46
47
48
49
50
51
52
53
54
56
57
58
59
60
61
62
63
64
65
66
67
68
69
70
71
72
73
74
75
76
77
78
80
81
82
83
84
85
86
87
88
89
90
91
93
96
97
100
101
102
103
104
105
106
107
108
109
111
112
113
114
115
117
118
119
120
121
123
124
125
126
127
129
130
131
132
133
135
138
139
140
142
143
144
145
146
153
154
155
156
157
158
159
160
161
162
163
165
166
167
168
169
170
171
176
177
178
179
180
181
182
183
184
185
186
187
189
190
191
193
196
197
198
199
200
201
202
203
204
205
207
208
209
210
212
213
214
215
216
218
219
220
221
222
223
225
226
227
228
229
231
234
235
236
237
239
240
241
242
243
250
251
252
253
254
255
256
257
258
259
260
261
263
264
266
267
268
269
270
271
272
277
278
279
280
281
282
283
285
286
287
289
292
293
294
295
296
297
298
299
301
302
303
304
305
307
308
310
311
312
314
315
316
317
318
320
321
325
326
327
328
329
330
331
332
333
334
335
336
337
339
340
341
343
344
348
349
350
351
352
353
354
355
356
357
358
359
360
361
362
363
364
365
366
367
369
370
371
373
374
375
376
377
378
379
380
381
382
383
384
385
387
388
389
390
393
394
395
396
399
400
401
402
403
406
407
408
409
410
411
412
413
418
419
420
421
422
423
424
426
427
428
429
430
434
435
436
437
438
439
440
441
442
443
444
445
448
451
452
453
454
455
456
457
458
460
461
463
464
465
466
469
470
471
472
475
476
477
478
479
480
481
482
483
484
487
488
491
492
493
494
497
498
499
500
501
504
505
506
507
508
509
512
513
514
517
518
521
522
523
524
525
526
527
528
531
532
533
534
535
536
540
541
542
543
544
545
546
547
548
549
553
554
557
558
561
562
563
564
565
567
568
571
572
573
574
575
577