1
2
3
4
5
6
7
8
9
10
11
12
13
14
15
16
17
19
20
21
22
23
24
25
26
27
29
30
31
32
33
34
35
36
37
38
39
40
41
42
43
44
45
46
47
48
49
50
51
52
53
54
55
56
57
58
59
60
61
62
63
64
65
67
68
69
70
71
72
73
74
75
77
78
79
81
82
83
84
85
86
87
89
90
91
93
94
95
96
97
98
100
101
102
103
104
106
107
108
109
110
111
112
115
116
117
118
121
122
123
124
125
126
127
128
129
130
131
132
136
137
138
140
143
144
147
148
151
152
155
156
159
160
163
164
167
168
171
172
175
176
177
178
179
180
181
184
185
186
187
188
189
190
191
192
193
196
197
200
201
202
203
205
206
207
208
209
210
211
212
213
215
216
217
219
220
224
227
228
229
230
232
233
234
235
236
237
238
239
243
246
247
250
251
252
253
254
257
259
261
262
263
266
267
268
269
270
271
272
273
274
275
276
277
278
279
280
283
284
288
290
291
292
293
294
295
296
297
298
299
300
301
302
303
304
305
307
312
313
317
318
322
323
325
327
328
329
332
333
334
335
337
338
339
340
341
342
343
344
345
346
347
348
349
350
351
356
357
358
359
360
361
362
363
364
365
366
367
368
369
370
371
376
377
378
379
380
382
383
385
386
388
389
391
392
396
397
398
399
400
401
402
403
404
405
406
407
408
409
410
411
412
416
417
420
421
422
423
424
425
426
427
428
429
430
431
432
433
434
435
436
437
438
439
440
441
443
445
448
449
450
451
452
453
454
455
456
457
458
459
460
461
462
463
464
465
466
468
470
473
474
475
476
477
479
480
482
483
485
486
487
488
492
493
496
497
500
501
504
505
508
509
512
513
516
517
518
521
522
523
525
528
529
532
533
534
535
536
537
540
543
544
547
548
551
552
555
556
559
560
561
565
566
567
568
571
572
573
574
575
576
577
578
583
586
587
588
589
590
591
592
593
594
595
596
597
598
599
600
601
602
606
607
610
611
614
615
618
619
620
621
622
625
626
629
630
633
634
637
638
641
642
645
646
649
650
653
654
657
660
661
664
665
666
667
668
669
670
671
673
674
677
680
681
682
683
684
685
687
691
692
693
695
698
699
700
701
702
703
704
705
706
707
708
709
710
711
712
713
714
717
718
719
720
721
722
723
724
725
727
728
730
731
732
737
738
742
743
744
745
746
747
751
752
753
754
755
756