1
2
3
4
5
6
7
8
9
10
11
12
13
14
15
16
17
19
20
21
22
23
24
25
26
27
28
29
31
32
33
35
36
37
38
39
40
41
42
43
45
46
47
48
49
50
51
52
53
54
55
56
57
58
59
61
62
63
64
65
66
68
71
73
74
75
76
77
80
81
82
83
84
85
86
87
88
91
92
93
94
95
96
97
98
99
100
101
102
106
110
111
112
114
115
116
120
121
124
125
128
129
130
134
135
136
137
138
139
140
141
142
143
144
146
147
148
150
153
154
155
156
157
160
161
162
163
165
166
167
168
169
170
174
175
176
180
181
182
184
187
188
189
193
194
195
199
200
201
202
203
204
205
206
207
209
210
211
212
214
217
218
219
223
224
225
226
227
228
233
234
235
237
240
241
242
243
245
246
247
248
249
250
251
252
254
257
258
260
261
262
263
268
269
270
271
276
277
280
281
284
285
286
287
288
290
291
296
297
298
299
300
302
303
305
306
307
308
309
310
312
314
315
320
321
322
323
327
328
331
332
333
334
335
336
337
338
340
341
342
343
344
345
350
351
354
355
356
357
358
359
364
365
366
367
368
371
372
373
374
375
378
379
380
381
382
385
386
387
388
389
392
393
396
397
400
401
404
405
406
407
408
409
410
411
412
414
415
421