1
2
3
4
5
6
7
8
9
10
11
12
13
14
15
16
18
20
21
22
23
24
25
26
27
28
29
30
31
32
33
34
35
36
37
38
39
40
41
42
43
44
45
46
47
48
49
50
52
53
54
55
56
57
58
60
62
63
64
65
67
68
69
70
71
72
74
75
76
77
78
80
81
82
83
84
85
86
87
88
89
90
91
92
93
94
95
96
97
98
99
102
104
106
107
108
109
110
111
112
113
114
115
116
119
120
121
122
123
124
125
126
127
130
133
136
137
138
139
140
141
143
144
145
146
148
149
152
153
154
155
156
157
158
159
162
166
167
171
172
173
174
175
176
180
181
182
186
187
188
195
197
198
200
201
203
204
205
206
207
208
211
212
213
214
215
216
220
221
227
228
229
230
231
233
234
235
236
237
238
239
244
245
246
247
248
249
251
252
253
254
255
257
259
260
262
264
265
267
268
269
273
274
277
278
281
282
285
286
289
290
293
294
297
298
301
302
305
306
309
310
313
314
317
318
321
322
325
326
329
330
333
334
337
338
339
340
341
344
345
346
347
348
351
352
355
356
359
360
363
364
367
368
371
372
375
376
379
380
383
384
385
386
387
388
392
394
395
396
398
400
401
402
403
405
406
407
408
409
410
411
414
415
416
418
419
420
421
422
423
424
425
426
427
428
429
430
432
433
434
435
436
438
441
442
443
444
445
446
447
448
449
450
451
453
456
457
458
459
460
461
462
463
464
465
469
470
471
472
473
475
476
477
479
480
481
482
483
484
487
488
489
494
496
497
498
500
504
505
506
507
509
510
511
512
514
519
520
523
524
527
528
531
532
533
534
537
540
541
542
544
547
548
549
550
551
554
555
556
560
561
562
563
564
565
566
567
569
570
575
576
577
578
579
581
582
583
584
585
586
587
590
591
593
594
597
598
601
602
603
604
608
610
611
613
614
615
617
621
622
623
624
625
626
627
628
629
630
632
633
634
635
637
641
642
645
646
649
650
653
654
655
656
658
661
662
665
666
667
669
670
673
674
675
676
677
678
679
680
681
683
684
685
686
687
688
689
690
691
693
694
695
696
697
698
699
700
701
702
707
708
709
710
711
712
713
714
715
717
718
721
722
723
724
725
726
727
728
729
730
731
732
733
734
735
738
739
740
741
743
744
745
746
747
749
750
751
752
753
754
755
756
757
758
765
766
767
768
771
772
774
775
776
778
779
780
781
782
783
784
789
790
791
792
793
796
797
800
802
803
804
805
806
807
811
812
813
814
815
819
823
824
825
826
827
828
829
830
831
834
835
836
837
838
839
840
841
842
843
844
845
846
847
849
850
856
859
860
864
865
868
869