1
2
3
4
5
6
7
8
9
10
11
12
13
14
15
16
17
19
20
21
22
23
24
25
26
27
28
29
30
31
33
38
40
41
42
45
46
47
48
49
50
51
52
53
54
55
59
62
64
65
66
68
69
72
73
76
77
78
79
80
81
82
83
85
87
88
89
92
93
94
96
97
98
99
100
101
103
104
106
112
115
116
117
118
120
121
124
125
126
127
128
129
130
131
135
138
139
140
143
145
146
147
148
149
150
151
155
158
159
161
162
164
165
168
169
170
171
172
176
179
180
181
182
183
184
187
188
189
190
191
192
193
195
196
197
201
202
203
204
205
207
210
211
212
213
214
216
219
220
221
222
223
224
225
226
227
230
233
234
235
238
241
242
245
246
249
250
251
252
253
254
255
259
260
261
262
263
264
265
266
267
268
270
271
272
274
275
278
279
280
281
282
283
287
288
289
290
291
293
296
298
299
302
303
304
305
306
307
310
311
312
313
314
315
316
319
320
321