1
2
3
4
5
6
7
8
9
10
11
12
13
14
15
16
17
19
20
21
22
23
24
25
26
27
28
29
30
31
32
34
35
36
37
38
39
40
41
42
43
44
45
46
47
48
49
50
51
52
53
54
55
56
57
58
59
60
61
62
63
64
65
66
67
68
69
70
71
72
73
74
77
78
79
80
81
82
83
84
85
87
88
89
90
91
92
93
94
95
96
97
98
99
100
101
102
103
104
105
106
107
108
109
110
111
112
113
114
115
116
117
118
119
120
121
122
123
124
125
126
127
128
129
130
131
132
133
134
135
136
138
139
142
143
144
145
149
150
153
154
157
158
159
161
162
163
165
166
167
168
171
172
174
175
176
177
178
179
182
183
185
186
188
189
191
192
193
194
195
196
199
200
201
202
203
204
205
206
207
208
209
210
216
217
218
219
220
221
222
223
224
225
226
227
228
229
231
233
234
235
236
238
239
240
243
245
246
247
248
249
250
251
252
254
255
256
257
258
259
260
261
262
263
264
265
266
269
270
272
273
276
277
279
280
283
285
286
287
288
294
296
297
299
300
301
302
304
305
306
307
309
310
311
312
314
315
316
317
319
320
321
322
324
325
326
327
328
329
330
331
332
333
334
336
337
341
342
343
344
345
346
347
348
349
351
352
353
354
356
357
358
360
362
363
364
365
366
367
371
372
373
374
375
376
377
378
379
380
382
383
384
387
388
389
390
391
392
393
394
397
398
399
400
401
402
405
406
407
408
410
411
413
414
416
417
419
420
422
425
426
427
428
429
430
431
432
433
435
436
438
439
440
441
442
443
444
446
447
448
449
453
454
455
456
457
460
461
462
463
464
468
469
470
471
472
473
474
475
476
478
480
483
484
485
486
487
488
489
490
491
493
495
498
499
500
501
502
503
504
505
508
509
510
511
512
513
514
517
518
521
522
525
526
529
530
533
534
537
538
541
542
545
546
547
548
549
550
551
552
553
554
555
559
560
561
562
563
564
565
566
567
568
569
570
571
572
573
574
575
576
577
578
579
580
581
582
583
584
585
586
589
590
591
592
594
595
596
597
598
599
600
601
602
606
607
608
609
610
611
612
613
614
618
619
620
621
622
623
624
625
626
627
628
629
630
631
633
634
635
636
637
638
639
640
643
644
645
646
647
648
649
651
652
655
656
657
658
659
660
661
665
666
667
668
671
672
675
676
679
680
683
684
687
688
689
690
691
692
693
694
697
698
701
702
703
704
707
708
709
710
711
715
716
719
720
723
724
727
728
729
730
731
732
733
734
735
736
737
740
741
742
743
744
745
746
747
748
751
752
755
756
757
758
759
762
763
766
767
770
771
774
775
778
779
780
781
782
785
786
789
790
793
794
797
798
801
802
803
804
805
806
810
811
814
815
818
819
822
823
826
827
830
831
834
835
836
837
838
841
842
845
846
849
850
853
854
857
858
859
860
861
862
865
866
869
870
873
874
877
878
881
882
885
886
889
890
893
894
897
898
901
902
905
906
909
910
911
912
913
914
917
918
921
922
925
926
929
930
931
932
933
934
937
938
941
942
945
946
949
950
953
954
957
958
961
962
963
964
965
968
969
970
971
972
975
976
977
978
979
982
983
984
985
986
990
991
992
993
994
996
997
998
999
1001
1004
1005
1006
1007
1008
1009
1010
1011
1014
1015
1022
1023
1024
1025
1026
1027
1028
1029
1030
1031
1033
1036
1039
1040
1041
1042
1043
1044
1045
1046
1047
1050
1055
1056
1057
1058
1059
1060
1061
1062
1063
1064
1065
1066
1069
1070
1073
1076
1077
1080
1081
1084