1
2
3
4
5
6
7
8
9
10
11
12
13
14
15
16
17
19
21
22
23
24
25
26
27
29
30
31
32
33
34
35
36
37
38
39
40
41
42
43
44
45
46
47
48
49
50
51
52
53
54
55
56
57
60
61
62
63
64
65
66
67
68
69
70
71
72
73
74
75
76
77
78
79
80
81
82
83
84
87
88
91
92
95
96
97
98
99
100
102
105
106
107
108
109
112
113
114
115
116
117
118
120
123
124
125
126
127
130
131
132
133
134
137
138
139
140
141
144
145
146
147
148
151
152
153
154
155
158
159
160
161
162
165
166
167
168
169
172
173
176
177
180
181
184
185
188
189
192
193
196
197
200
201
204
205
208
209
212
213
214
215
216
219
220
221
222
223
226
227
228
229
230
233
234
235
236
237
240
241
242
243
244
247
248
249
250
251
254
255
256
257
258
261
262
263
264
265
268
269
270
271
272
275
276
277
278
279
282
283
284
285
286
289
290
291
292
293
296
297
298
299
300
303
304
305
306
307
310
311
312
313
314
317
318
319
320
321
324
325
326
327
328
331
332
333
334
335