1
2
3
4
5
6
7
8
9
10
11
12
13
14
15
16
17
19
20
21
22
23
24
25
26
27
28
29
30
31
32
33
34
35
36
37
39
40
41
42
43
44
45
46
47
48
49
50
51
52
53
54
55
56
57
58
59
60
61
62
63
64
65
66
67
68
69
70
71
72
73
74
75
76
77
79
81
82
84
85
87
88
91
92
93
94
95
96
98
99
100
101
102
103
104
106
107
108
109
113
114
115
117
118
119
120
121
124
125
126
127
128
133
134
135
136
137
140
141
145
146
147
149
151
153
154
155
156
157
158
159
160
161
162
164
165
166
167
168
169
170
172
175
176
177
181
182
183
187
188
189
190
191
192
193
194
195
196
197
198
199
200
202
203
204
205
206
208
209
210
213
215
216
217
218
219
220
221
222
223
230
231
232
233
234
235
237
239
240
241
242
243
245
246
247
248
249
250
251
252
253
254
255
256
257
260
261
265
266
267
271
272
273
274
275
276
277
278
279
280
281
282
283
284
285
286
294
296
297
298
299
300
301
302
303
304
305
308
309
316
317
318
319
320
322
323
324
325
329
330
331
332
333
335
336
337
342
345
346
347
348
349
350
351
353
354
355
356
359
362
363
364
365
366
367
368
369
370
371
372
374
375
376
377
378
379
380
381
382
384
385
388
389
390
391
397
398
399
400
401
402
404
405
407
408
409
410
411
412
417
418
419
420
421
422
426
427
428
429
430
433
434
436
437
439
440
441
442
443
445
446
447
448
449
450
451
455
456
457
458
459
460
467
468
469
471
473
474
477
478
479
482
483
484
485
486
487
488
489
490
495
496
498
499
500
501
505
506
508
509
510
511
512
513
514
515
516
517
520
521
527
528
529
530
531
535
536
538
539
540
541
542
543
544
547
548
549
550
551
552
557
558
561
563
564
565
568
569
570
571
574
575
578
579
580
581
582
583
585
586
587
591
592
593
595
596
601
602
603
604
605
608
612
613
614
615
616
619
620
621
622
623
624
625
628
629
630
631
633
634
635
636
637
638
639
642
643
645
648
649
650
651
652
653
654
655
656
657
658
659
660
661
663
664
665
668
669
670
671
672
674
675
676
677
678
681
682
683
686
687
688
691
692
693
696
697
698
701
702
703
706
707
708
713
714
715
716
717
719
720
721
722
723
730
731
732
733
734
736
737
738
739
740
748
749
750
751
752
758
759
760
761
762
768
769
770
771
772
773
775
776
779
780
781
782
783
790
791
792
793
794
795
800
801
802
803
804
805
810
811
812
814
815
817
818
820
821
822
823
826
827
828
829
830
831
832
833
834
835
836
837
838
840
841
842
843
844
845
846
851
852
853
855
856
857
858
859
861
862
863
864
866
867
868
869
871
872
874
875
881
882
883
884
885
887
888
889
891
892
893
895
896
897
898
900
901
902
905
906
907
910
911
913
914
915
916
917
918
919
922
923
924
925
926
927
928
929
930
936
937
938
939
940
942
944
945
946
947
949
951
953
954
955
958
959
960
961
964
965
966
967
968
969
970
975
976
977
978
981
982
983
984
985
986
987
988
990
991
992
993
994
996
997
998
999
1000
1002
1003
1005
1009
1010
1011
1012
1013
1014
1022
1023
1024
1028
1031
1032
1035
1036
1037
1040
1042
1043
1044
1045
1046
1049
1050
1051
1053
1054
1055
1058
1059
1060
1064
1065
1067
1068
1071
1072
1073
1077
1078
1079
1080
1081
1083
1084
1085
1086
1087
1090
1092
1093
1094
1095
1096
1098
1099
1100
1102
1105
1106
1107
1108
1109
1110
1111
1112
1113
1114
1119
1120
1122
1123
1124
1125
1126
1129
1130
1131
1134
1135
1138
1139
1142
1143
1147
1148
1150
1151
1152
1153
1156
1157
1161
1162
1163
1164
1165
1166
1167
1168
1169
1170
1172
1175
1176
1177
1178
1179
1180
1181
1182
1183
1184
1185
1186
1187
1188
1189
1190
1192
1193
1194
1196
1199
1200
1201
1202
1204
1205
1206
1207
1210
1211
1212
1214
1215
1216
1218
1219
1221
1222
1223
1225
1226
1227
1229
1230
1232
1233
1234
1238
1241
1242
1243
1244
1245
1246
1247
1248
1249
1250
1252
1255
1256
1257
1258
1259
1260
1261
1262
1263
1264
1265
1266
1267
1268
1269
1270
1272
1273
1274
1275
1277
1278
1279
1280
1281
1282
1283
1284
1285
1289
1290
1291
1292
1293
1301
1302
1305
1306
1307
1308
1309
1311
1312
1313
1314
1315
1316
1318
1321
1322
1323
1324
1325
1326
1327
1328
1329
1330
1331
1332
1333
1334
1338
1339
1341
1342
1345
1346
1349
1352
1353
1355
1356
1357
1360
1361
1364
1365
1369
1370
1372
1373
1374
1377
1378
1381
1382
1386
1387
1388
1390
1391
1392
1393
1394
1395
1398
1399
1400
1401
1402
1403
1404
1405
1408
1409
1412
1413
1416
1417
1420
1421
1424
1425
1428
1429
1432
1433
1436
1437
1440
1441
1444
1445
1448
1449
1452
1453
1456
1457
1460
1461
1464
1465
1468
1469
1472
1473
1476
1477
1480
1481
1482
1484
1487
1488
1489
1491
1494
1495
1498
1499
1502
1503
1506
1507
1510
1511
1514
1515
1518
1519
1522
1523
1526
1527
1530
1531