1
2
3
4
5
6
7
8
9
10
11
12
13
14
15
16
17
19
20
21
22
23
25
26
28
29
30
31
32
33
34
35
36
37
38
39
40
41
42
43
44
46
47
48
49
50
51
52
53
54
56
57
58
62
63
64
65
66
67
69
70
71
72
73
74
75
77
78
79
80
81
82
83
84
85
86
87
91
92
93
94
95
96
97
99
101
102
103
104
105
106
109
110
111
112
116
117
119
120
121
122
125
126
130
131
132
133
134
136
137
140
141
142
143
144
145
146
147
151
154
155
158
159
161
162
164
165
166
167
168
170
171
172
174
175
176
177
178
179
180
181
182
183
186
187
190
191
192
195
196
197
198
199
200
201
202
205
206
207
212
215
216
217
218
219
220
221
224
225
228
229
230
231
232
237
238
240
241
242
244
245
247
249
250
251
252
253
256
257
258
260
262
263
264
265
266
267
268
271
272
273
274
275
276
277
281
282
283
284
285
287
288
290
293
294
295
296
297
298
301
304
305
308
309