1
2
3
4
5
6
7
8
9
10
11
12
13
14
15
16
17
19
20
21
22
23
24
25
27
28
29
30
31
32
34
35
36
37
38
39
40
42
43
45
46
47
49
50
51
53
54
55
57
58
59
60
62
63
64
65
66
68
69
70
71
72
74
75
78
79
80
82
83
84
85
88
89
93
94
97
98
99
100
101
102
105
106
110
111
112
115
116
117
120
121
122
123
125
128
129
130
132
133
134
135
137
138
139
140
141
146
147
148
152
155
156
157
158
160
162
163
164
166
167
168
172
173
174
177
180
181
182
183
184
185
186
187
188
189
190
191
194
195
196
197
198
199
200
201
202
204
205
209
210
213
215
219
220
221
222
223
224
225
226
228
229
231
232
233
234
237
238
239
240
245
246
247
248
252
253
256
257
258
260
261
263
264
267
268
269
270
271
272
273
274
275
276
277
279
280
281
286
287
288
289
290
291
292
293
294
295
296
297
298
299
300
301
308
309
310
311
312
313