1
2
3
4
5
6
7
8
9
10
11
12
13
14
15
16
17
19
20
21
22
23
24
25
26
27
29
30
31
32
33
34
35
36
37
39
41
42
43
45
46
48
50
51
54
55
58
59
60
61
62
63
64
65
66
67
70
71
72
73
74
75
76
77
78
79
80
83
84
85
86
87
88
89
90
91
92
93
96
97
98
99
100
101
102
103
104
105
106
107
110
111
112
115
116
117
118
119
122
123
124
125
127
128
129
131
132
133
137
138
139
140
141
142
143
144
146
147
148
152
153
154
155
156
157
158
159
161
163
164
168
169
170
171
172
173
174
177
178
179
180
181
182
183
184
187
188
189
190
191
192
193
194
195
197
198
199
200
201
202
203
204
207
210
211
212
213
216
217
218
219
222
223
224
225
226
227
231
232
235
236
237
238
239
240
241
242
243
244
245
246
248
249
251
254
255
256
257
258
259
260
261
262
263
264
265
266
267
268
270
271
272
275
276
277
278
279
280
281
282
283
284
285
286
287
288
289
290
293
294