1
2
3
4
5
6
7
8
9
10
11
12
13
14
15
16
17
19
20
21
22
23
24
25
26
27
28
29
30
31
32
33
34
35
36
37
38
39
40
41
42
43
44
45
46
47
48
49
50
51
52
53
54
55
56
57
58
59
60
61
62
63
64
65
66
67
68
69
70
71
72
73
74
75
76
77
78
79
80
81
82
83
84
85
86
87
88
89
90
91
92
93
94
95
96
97
98
99
100
101
102
103
104
105
106
107
108
109
110
111
112
113
114
115
116
117
118
119
120
121
122
123
124
125
126
127
128
129
130
131
132
133
134
135
136
137
138
139
140
141
142
143
144
145
147
148
149
150
151
152
153
154
155
156
157
158
159
160
161
162
163
165
166
167
168
169
170
171
172
174
175
176
177
179
180
184
185
186
187
188
189
193
196
197
198
199
200
201
202
203
207
208
209
210
211
212
213
214
215
216
217
222
223
224
225
227
231
232
233
234
235
236
237
238
239
240
241
242
244
248
249
250
251
252
253
254
255
256
257
258
259
260
261
262
263
265
266
267
268
269
270
271
272
273
275
276
277
279
280
281
282
283
284
285
286
287
292
293
294
295
296
297
298
299
300
301
303
304
305
306
309
310
311
313
315
316
317
318
319
320
322
324
327
328
331
332
333
336
337
338
339
342
343
344
347
348
351
352
353
354
355
357
358
360
361
362
363
365
368
369
370
371
372
375
376
377
378
379
381
382
384
385
386
387
389
390
391
392
393
394
395
396
397
398
402
403
404
405
406
407
410
411
412
413
414
415
418
419
420
421
422
423
426
427
428
429
430
433
434
435
436
437
440
441
442
443
444
447
448
449
450
453
454
457
458
459
462
463
464
465
466
468
471
472
473
474
475
477
480
481
482
483
484
485
486
487
489
490
491
492
493
494
495
498
501
502
503
504
505
506
507
508
510
511
512
514
515
516
519
520
521
522
523
524
525
526
528
529
530
531
532
533
534
537
540
541
542
543
544
545
546
547
549
550
551
553
554
555
556
557
560
561
562
563
564
565
566
567
568
569
570
573
576
577
578
579
580
581
583
584
585
586
587
588
589
590
591
592
595
596
597
598
599
600
603
604
605
608
609
610
611
612
613
614
616
617
618
619
621
622
623
624
625
626
627
628
630
632
633
634
635
636
637
638
639
640
641
642
645
646
647
648
649
650
651
652
653
654
655
656
657
658
659
660
661
662
663
664
665
666
667
668
669
670
672
673
674
675
676
678
681
682
683
684
685
686
687
688
689
690
691
692
693
694
695
698
699
700
701
702
703
704
706
708
709
710
711
713
714
715
716
717
718
719
724
727
728
729
732
733
736
737
738
739
740
741
745
746
747
748
749
750
751
752
754
755
756
757
760
761
762
763
764
765
766
772
773
774
775
776
777
779
781
782
783
784
785
786
789
793
794
795
796
797
798
799
800
803
805
807
808
809
810
811
813
815
816
818
819
820
821
823
824
828
829
830
831
832
835
836
839
840
843
844
847
848
849
850
851
852
853
854
855
857
858
859
860
862
863
864
865
866
867
868
869
870
871
872
873
878
879
880
881
882
883
886
887
888
892
893
894
895
896
897
898
899
900
902
903
904
905
906
907
908
909
910
911
912
913
916
920
921
922
925
926
927
928
929
930
931
933
934
937
938
940
941
942
943
944
946
947
949
950
951
952
953
954
955
956
957
958
959
960
964
966
967
968
969
970
971
972
973
974
975
976
977
978
981
982
985
988
989
990
991
992
995
996
997
998
999
1000
1003
1004
1005
1006
1007
1010
1011
1012
1013
1014
1015
1016
1017
1018
1022
1023
1024
1025
1026
1027
1030
1031
1032
1033
1034
1037
1038
1039
1040
1041
1044
1045
1046
1047
1048
1049
1053
1054
1055
1056
1057
1060
1061
1062
1063
1064
1067
1068
1069
1070
1071
1072
1075
1076
1077
1078
1079
1080
1083
1084
1085
1086
1087
1090
1091
1092
1093
1094
1095
1098
1099
1100
1101
1102
1105
1106
1109
1110
1113
1114
1115
1116
1117
1120
1121
1124
1125
1126
1127
1128
1129
1130
1132
1133
1134
1135
1136
1138
1139
1140
1141
1142
1143
1144
1145
1146
1147
1148
1149
1150
1151
1152
1153
1154
1155
1156
1157
1158
1159
1160
1161
1162
1163
1164
1165
1168
1169
1170
1172
1173
1174
1175
1176
1177
1179
1182
1183
1184
1187
1188
1189
1190
1191
1192
1196
1197
1200
1201
1202
1203
1204
1206
1208
1211
1212
1213
1214
1215
1216
1217
1218
1219
1220
1221
1222
1223
1224
1225
1228
1230
1231
1233
1236
1237
1238
1242
1243
1244
1245
1246
1247
1248
1249
1250
1251
1252
1253
1254
1255
1256
1257
1262
1265
1268
1269
1270
1274
1275
1278
1279
1280
1281
1283
1286
1287
1290
1291
1292
1294
1297
1298
1301
1302
1305
1306
1307
1308
1309
1310
1311
1312
1314
1315
1318
1319
1322
1323
1326
1327
1330
1331
1334
1335
1338
1339
1342
1343