1
2
3
4
5
6
7
8
9
10
11
12
13
14
15
16
17
19
20
21
22
23
24
25
26
27
28
29
30
31
32
33
34
35
36
37
39
41
42
43
44
45
46
47
48
49
51
52
53
54
55
56
57
58
59
60
61
62
64
65
66
67
68
69
70
71
72
73
74
75
76
77
78
79
80
81
82
83
84
85
86
87
88
89
90
91
92
93
94
95
96
97
98
99
100
101
102
103
104
105
106
107
108
109
110
111
112
113
114
115
117
118
119
120
122
123
124
125
126
127
128
129
130
131
132
133
134
135
136
137
138
139
141
142
143
146
147
148
149
150
151
152
153
154
155
156
157
158
161
162
163
164
165
166
167
170
171
172
173
174
177
178
179
180
181
182
183
184
185
187
188
189
190
191
192
193
194
195
196
200
201
202
203
204
205
209
210
213
214
216
217
220
221
224
225
228
229
232
233
236
237
240
241
244
245
248
249
252
253
256
257
260
261
264
265
268
269
270
271
272
273
274
277
278
281
282
283
284
285
288
289
292
293
294
295
296
299
300
303
304
305
306
307
310
311
314
315
316
317
318
321
322
325
326
327
328
329
332
333
334
335
336
339
340
341
342
343
346
347
348
349
350
353
354
355
356
357
360
361
362
363
364
365
366
369
372
373
374
375
376
377
378
379
380
383
384
385
386
387
388
390
392
393
395
396
400
401
402
403
406
408
409
412
413
415
416
417
420
421
422
425
427
428
431
432
433
434
435
436
437
441
442
443
444
445
446
447
448
452
453
456
457
458
461
462
463
464
465
466
467
469
471
472
473
474
475
476
477
482
483
484
485
486
487
494
495
496
497
498
499
500
501
502
506
507
508
509
510
513
514
515
517
518
522
523
526
527
528
530
533
534
535
536
537
538
540
544
545
546
547
548
549
550