1
2
3
4
5
6
7
8
9
10
11
12
13
14
15
16
17
19
20
21
22
23
24
25
26
27
28
29
30
31
32
33
34
35
36
37
39
40
41
42
43
44
45
49
50
51
52
53
54
56
57
58
59
60
61
63
65
66
68
69
70
71
72
73
74
75
77
78
80
82
83
84
85
86
87
89
90
92
93
95
96
97
99
100
101
102
103
105
106
109
110
113
114
115
116
119
120
121
123
124
125
126
128
129
130
131
134
135
136
140
141
142
143
144
145
146
147
148
149
150
151
155
156
157
158
159
160
161
162
164
165
169
170
171
173
174
175
176
179
180
181
182
183
184
185
189
191
192
193
196
199
200
201
202
203
205
209
210
211
212
213
215
216
217
218
219
221
222
224
225
228
229
230
231
232
233
234
235
237
238
239
240
241
242
246
247
248
250
251
252
253
254
256
257
258
259
260
261
264
265
268
269
270
272
273
274
275
276
277
278
279
280
281
282
285
288
289
290
291
292
293
294
297
299
300
303
304
305
306
307
308
310
313
314
315
316
317
318
320
323
324
327
328
329
331
332
333
334
335
336
337
338
339
342
343
344
348
350
351
352
354
355
356
357
358
360
361
362
363
364
366
367
368
369
370
371
373
376
377
378
379
380
381
383
387
388
389
393
394
395
396
397
402
403
404
405
410
411
412
413
415
416
417
418
420
421
422
427
428
429
431
432
433
434
435
436
439
440
442
443
447
448
449
450
451
454
455
459
461
462
463
464
466
469
470
471
472
473
474
475
476
477
478
479
480
481
482
483
488
489
490
491
492
495
496
497
498
499
502
503
506
507
510
512
513
514
515
516
517
518
519
520
521
522
523
524
525
526
529
530
533
535
536
537
538
539
540
541
542
546
547
548
549
550
551
554
555
556
557
558
563
564
565
568
569
571
572
573
574
575
576
577
578
579
580
581
582
584
585
589
590
591
592
593
594
595
596
597
598
599
604
605
606
607
608
609
612
613
614
615
616
621
622
623
624
625
626
627
628
630
633
634
635
637
640
641
642
643
646
647
648
651
652
653
656
657
660
661
662
663
664
665
666
670
671
674
675
678
679
682
683
686
687
690
691
694
695
698
699
702
703
706
707
710
711
714
715
718
719
722
723
724
725
728
729
730
731
732
733
736
737
738
739
740
741
743
746
747
748
749
750
751
753
754
756