1
2
3
4
5
6
7
8
9
10
11
12
13
14
15
16
17
19
20
21
22
23
24
25
26
27
28
29
31
32
33
34
36
37
38
39
40
41
42
44
45
48
49
52
53
56
57
60
61
64
65
68
69
70
71
72
75
76
77
78
79
80
81
83
85
88
89
90
92
93
94
96
97
98
100
104
105
106
107
108
109
110
111
112
113
114
115
116
120
121
122
126
127
130
131
132
133
134
135
137
139
141
144
145
146
149
150
151
152
153
156
157
158
159
160
161
164
166
167
168
170
172
173
176
177
178
179
180
181
182
183
184
185
187
188
191
192
193
194
195
196
197
198
200
201
202
204
205
206
209
210
211
212
215
216
217
218
220
221
222
223
225
229
230
231
232
233
234
236
237
238
239
240
241
242
243
244
245
246
247
248
249
250
251
253
254
258
259
260
263
264
265
268
269
270
272
275
276
279
280
281
282
283
284
285
286
287
288
290
291
292
293
294
296
297
298
300
301
305
306
307
308
309
310
311
312
313
315
318
319
320
323
324
325
326
327
329
330
331
332
334
335
336
337
339
341
344
345
347