1
2
3
4
5
6
7
8
9
10
11
12
13
14
15
16
17
19
20
21
22
24
25
26
27
28
29
30
31
32
33
34
35
36
37
38
39
40
41
42
43
45
46
47
48
49
50
51
52
54
55
56
58
59
61
62
63
65
66
69
70
73
75
76
78
79
80
81
82
83
85
87
88
89
90
91
92
93
95
96
97
98
99
102
103
104
105
106
110
111
114
116
117
118
120
122
123
125
126
127
128
129
130
131
132
133
134
136
137
138
140
141
142
143
144
145
146
149
150
151
152
153
158
159
160
161
162
164
167
168
171
172
173
175
178
179
182
183
184
186
187
188
190
191
193
194
195
198
201
202
205
206
207
208
210
213
214
217
218
221
222