1
2
3
4
5
6
7
8
9
10
11
12
13
14
15
16
17
19
20
21
22
23
24
25
26
27
28
29
30
31
32
33
34
35
36
37
38
39
40
41
42
43
45
46
47
48
49
50
51
53
55
56
59
60
61
64
65
68
69
70
72
75
76
79
80
83
84
87
88
91
92
95
96
99
100
103
104
107
108
111
112
115
116
119
120
123
124
127
128
131
132
135
136
139
140
143
144
147
148
151
152
155
156
159
160
163
164
167
168
171
172
175
176
179
180
184
185
188
189
192
193
196
197
200
201
204
205
208
209
212
213
216
217
220
221
224
225
228
229
232
233
236
237
240
241
244
245
248
249
252
253
256
257
260
261
264
265
268
269
272
273
276
277
280
281
284
285
288
289
292
293
296
297