1
2
3
4
5
6
7
8
9
10
11
12
13
14
15
16
17
19
20
21
22
23
24
25
27
28
29
30
31
32
33
34
35
36
37
38
40
41
42
43
44
45
46
47
49
51
52
54
57
59
61
62
63
64
66
67
68
69
71
74
77
78
79
80
81
84
86
87
88
89
92
93
96
97
98
102
103
104
105
106
107
108
109
110
112
113
116
117
118
119
120
121
122
123
124
125
126
127
128
129
130
131
133
134
135
136
137
138
139
140
141
143
144
145
146
147
148
149
150
153
154
155
156
157
158
159
160
161
162
163
164
165
166
167
168
169
170
171
172
175
176
177
178
180
181
182
183
185
186
187
188
190
191
192
193
195
196
197
198
200
201
202
203
205
206
207
208
210
211
212
213
215
218
219
220
222
226
227
228
229
230
231
234
235
236
237
238
239
240
241
244
247
248
249
250
251
255
258
259
262
263
264
265
268
269
270
271
272
273
274
275
276
278
279
280
282
283
284
285
286
287
290
291
292
294
299
301
302
305
306
307
310
311
312
313
314
315
316
318
322
323
324
327
328
331
332
333
337
338
339
342
343
346
347
348
352
354
355
358
359
360
363
364
365
366
367
368
369
371
375
376
377
378
379
380
381
384
387
388
391
392
393
394
396
397
398