1
2
3
4
5
6
7
8
9
10
11
12
13
14
15
16
17
19
20
21
22
23
24
25
26
27
28
29
30
31
33
34
35
36
37
38
39
40
41
42
43
44
45
46
47
48
49
50
51
52
53
54
55
56
57
58
59
60
61
62
63
64
65
66
67
68
69
70
71
72
73
74
75
76
77
78
79
80
81
83
84
85
86
87
88
90
91
92
93
94
95
96
97
98
99
100
101
102
103
104
105
106
107
108
109
110
111
112
113
114
115
116
117
118
119
120
121
123
124
126
127
128
129
132
133
134
136
137
138
139
142
143
144
145
146
147
150
151
152
154
155
156
159
160
163
165
166
167
170
171
174
175
176
177
178
179
180
181
182
183
184
185
186
187
191
192
193
194
198
199
200
201
202
203
204
205
206
207
208
211
212
213
214
215
216
217
218
224
225
226
227
228
230
231
232
233
235
236
237
242
243
244
245
246
247
248
249
250
251
252
258
259
260
261
262
263
264
265
266
267
268
274
275
276
277
278
280
282
283
284
285
286
287
288
290
291
293
295
296
297
302
303
304
305
307
308
309
310
311
312
313
314
315
316
317
318
319
321
322
324
325
326
327
328
329
331
332
333
334
335
336
337
338
339
340
341
342
344
345
346
347
348
349
355
356
357
358
359
360
361
363
364
365
366
367
368
369
370
371
372
373
374
375
380
381
383
384
385
386
387
388
389
390
391
392
395
399
400
401
402
403
404
406
407
408
409
412
416
417
418
419
420
421
422
423
424
425
426
428
429
430
431
432
433
434
435
436
438
439
440
442
443
444
445
446
448
449
451
452
453
454
455
456
457
458
459
460
461
462
463
464
465
467
468
469
470
471
472
473
476
477
478
479
480
481
482
483
484
485
486
487
488
490
491
492
495
496
497
499
500
501
502
506
507
508
509
510
511
512
513
517
518
519
521
526
527
528
529
530
531
533
534
535
537
539
540
541
542
544
546
547
548
549
551
554
555
556
557
558
559
561
562
563
567
568
569
570
571
572
573
574
576
578
579
580
581
582
584
586
587
588
589
590
592
593
594
596
597
598
599
603
604
605
606
607
608
609
612
616
617
620
621
622
626
627
628
629
631
633
634
635
636
637
638
639
640
647
648
649
650
651
652
653
654
656
657
660
661
662
663
664
665
666
667
668
669
670
671
672
673
674
675
677
678
679
682
684
685
686
687
689
690
691
692
693
694
697
698
700
702
703
704
705
706
707
708
709
710
711
712
713
714
715
718
719
720
721
726
727
730
731
732
735
736
737
738
739
740
741
742
743
744
745
746
748
749
750
751
752
753
754
755
756
759
760
761
766
767
768
769
770
773
774
775
776
777
778
781
782
783
784
785
788
789
790
791
792
795
796
797
798
799
802
803
804
805
806
807
810
811
812
813
814
817
818
819
820
821
824
825
826
827
828
831
832
833
834
835
838
839
840
841
842
845
846
847
848
849
852
853
854
855
856
860
863
864
865
867
868
869
870
873
874
875
877
878
879
880
883
884
887
888
889
890
891
892
893
897
899
900
901
902
903
904
905
906
907
908
911
912
916
917
918
919
920
921
922
923
924
925
928
929
932
934
937
938
939
940
941
942
943
944
945
946
947
948
949
951
952
958
959
960
961
962
963
964
965
966
967
968
971
974
975
976
979
980
981
982
983
984
985
987
988
991
992
993
994
995
996
997
998
999
1003
1007
1008
1010
1011
1012
1013
1014
1016
1017
1018
1019
1020
1022
1023
1024
1025
1026
1028
1029
1032
1035
1036
1037
1038
1043
1044
1045
1046
1047
1048
1051
1054
1055
1056
1057
1058
1061
1062
1063
1064
1068
1069
1070
1071
1072
1074
1075
1078
1079
1080
1081
1082
1084
1085
1086
1089
1090
1093
1094
1095
1096
1097
1098
1100
1101
1102
1103
1104
1105
1107
1108
1110
1113
1114
1115
1116
1117
1119
1120
1121
1125
1126
1127
1128
1130
1131
1132
1133
1138
1139
1140
1141
1142
1143
1144
1145
1146
1149
1152
1153
1154
1157
1158
1159
1162
1164
1166
1168
1171
1173
1174
1177
1178
1179
1180
1184
1185
1188
1189
1192
1193
1196
1197
1200
1201
1204
1205
1208
1209
1212
1213
1216
1217
1218
1219
1220
1221