1
2
3
4
5
6
7
8
9
10
11
12
13
14
15
16
17
19
20
21
22
23
24
25
26
27
28
29
30
31
32
33
34
35
37
38
39
40
41
42
43
44
45
46
47
48
49
50
51
52
53
54
56
57
58
59
60
61
62
63
64
65
66
67
68
69
70
71
72
73
74
75
76
77
78
79
80
81
82
83
84
85
86
87
88
89
90
91
92
93
94
95
96
97
98
99
100
101
103
105
106
107
109
110
112
114
115
117
118
120
121
122
123
124
125
126
128
129
130
131
132
134
135
136
137
138
139
140
141
142
143
144
145
146
147
148
149
151
152
153
154
156
157
158
159
160
161
162
163
164
166
167
168
169
170
171
172
173
174
176
177
178
179
180
182
183
184
185
186
187
188
190
191
192
193
194
195
196
197
199
200
201
203
204
205
206
207
208
209
212
214
215
216
218
220
221
222
223
226
227
230
231
234
235
236
237
238
239
240
241
242
245
246
247
248
249
250
251
252
253
254
257
258
259
260
261
262
263
264
265
266
267
268
271
272
273
274
275
278
279
280
281
282
283
284
285
286
287
288
289
290
291
292
293
294
295
296
297
298
299
300
301
302
303
304
305
309
310
313
314
315
316
317
320
321
322
323
324
325
326
327
328
329
330
331
332
333
334
337
338
339
340
341
342
343
344
345
346
347
348
349
350
351
352
353
354
355
356
357
358
359
360
361
362
363
364
365
366
367
368
369
370
371
372
373
374
375
376
378
379
382
383
386
387
388
391
392
393
394
395
396
397
400
401
402
403
404
405
406
407
408
409
410
413
414
415
416
417
418
419
420
421
422
423
424
425
426
427
430
431
432
433
434
435
436
437
438
439
440
441
442
443
444
445
446
447
448
449
450
451
452
453
454
455
458
459
460
461
462
463
464
465
467
470
471
472
473
474
475
476
477
478
479
481
484
485
486
487
488
489
490
491
492
493
494
495
496
497
498
499
504
505
506
507
508
509
510
511
512
513
514
515
516
517
518
519
520
521
522
523
524
525
526
527
528
529
530
531
532
533
534
535
536
537
538
539
540
541
547
548
549
550
551
552
553
554
555
556
557
558
559
560
561
562
563
564
565
566
567
568
569
570
571
572
573
574
575
576
577
578
579
580
581
582
583
584
585
586
587
588
589
590
591
592
593
594
597
598
599
601
602
603
605
606
607
610
611
612
613
614
616
617
618
620
621
622
624
625
626
629
630
631
632
633
634
635
636
639
641
643
644
645
646
647
648
649
652
653
654
655
657
658
660
664
665
666
667
668
669
670
671
672
673
674
675
676
678
679
680
681
682
683
684
685
686
687
688
689
690
691
692
693
694
695
696
697
698
699
700
701
702
703
704
705
706
709
710
711
712
713
714
715
716
717
718
719
720
721
722
723
724
725
726
727
728
729
730
731
732
733
734
735
736
737
738
739
740
741
742
743
744
745
746
747
749
750
751
752
755
758
759
761
762
763
764
765
766
767
770
771
772
773
774
777
778
779
780
781
784
785
786
787
788
791
792
793
794
795
798
799
800
801
802
803
804
807
808
809
810
813
814
815
816
817
818
819
822
823
824
825
826
829
830
831
832
833
834
837
838
839
840
841
844
845
846
847
848
849
852
853
854
855
856
859
860
861
862
863
864
865
866
869
870
871
872
873
876
877
880
881
882
883
884
885
886
889
890
893
894
895
896
897
898
899
900
903
904
907
908
909
910
911
912
913
914
915
918
919
920
921
922
923
926
927
930
931
934
935
938
939
942
943
944
945
946
947
948
951
952
953
954
955
958
959
960
961
962
965
966
967
968
969
970
971
972
973
974
975
977
980
981
983
984
985
986
987
988
989
990
991
992
993
997
998
999
1000
1001
1002
1003
1004
1007
1008
1009
1010
1011
1012
1013
1014
1017
1018
1019
1020
1021
1022
1023
1024
1027
1028
1029
1030
1031
1032
1033
1034
1035
1036
1037
1038
1039
1040
1041
1042
1043
1044
1045
1046
1047
1050
1051
1052
1053
1054
1055
1056
1057
1058
1059
1060
1061
1062
1063
1064
1065
1066
1067
1068
1069
1070
1071
1072
1073
1074
1075
1078
1079
1080
1081
1082
1083
1084
1085
1086
1087
1088
1089
1090
1091
1092
1093
1094
1095
1096
1097
1098
1099
1100
1101
1102
1103
1106
1107
1108
1109
1110
1111
1112
1113
1114
1115
1116
1117
1118
1119
1120
1121
1122
1123
1124
1125
1126
1127
1128
1129
1130
1131
1132
1135
1136
1138
1139
1141
1142
1143
1144
1145
1146
1147
1149
1150
1151
1152
1155
1158
1159
1160
1161
1162
1165
1166
1167
1168
1169
1172
1173
1174
1175
1176
1177
1178
1179
1180
1181
1182
1183
1184
1185
1186
1187
1188
1189
1190
1191
1192
1195
1196
1197
1198
1199
1200
1201
1202
1203
1204
1205
1209
1210
1211
1212
1213
1214
1215
1216
1217
1218
1219
1223
1224
1225
1226
1227
1231
1232
1233
1234
1235
1236
1237
1238
1239
1240
1241
1243
1244
1245
1246
1247
1248
1249
1250
1251
1253
1254
1255
1256
1257
1259
1260
1264
1265
1266
1271
1272
1273
1274
1275
1276
1277
1278
1279
1280
1281
1282
1286
1287
1288
1289
1290
1291
1292
1293
1294
1295
1298
1299
1300
1304
1305
1306
1307
1308
1311
1312
1313
1314
1315
1316
1317
1318
1319
1320
1324
1325
1326
1327
1328
1329
1330
1331
1335
1336
1337
1338
1339
1340
1341
1342
1343
1344
1346
1347
1348
1350
1352
1353
1354
1355
1357
1358
1359
1364
1365
1368
1369
1372
1373
1374
1375
1376
1379
1380
1381
1382
1383
1384
1385
1386
1387
1390
1391
1392
1393
1394
1397
1398
1399
1400
1401
1402
1403
1406
1407
1408
1409
1410
1411
1412
1414
1415
1416
1419
1420
1421
1423
1424
1425
1427
1428
1429
1431
1432
1433
1436
1437
1438
1440
1442
1443
1444
1446
1448
1451
1452
1453
1454
1455
1456
1457
1458
1459
1460
1462
1463
1466
1467
1468
1469
1470
1471
1472
1473
1475
1478
1479
1480
1481
1482
1483
1484
1485
1486
1488
1489
1490
1491
1495
1496
1497
1498
1499
1500
1503
1504
1505
1506
1507
1508
1511
1512
1513
1514
1515
1518
1519
1520
1522
1525
1526
1527
1528
1529
1530
1533
1534
1535
1536
1537
1540
1541
1542
1543
1544
1545
1546
1547
1550
1551
1552
1553
1554
1557
1558
1559
1560
1561
1562
1563
1564
1567
1568
1571
1572
1573
1574
1575
1576
1577
1578
1579
1580
1581
1582
1585
1586
1587
1588
1589
1592
1593
1594
1595
1596
1599
1600
1601
1602
1603
1606
1607
1608
1609
1610
1614
1615
1616
1617
1618
1621
1622
1623
1624
1625
1626
1630
1631
1632
1635
1636
1639
1640
1643
1644
1647
1648
1651
1652
1653
1654
1655
1656
1657
1658
1659
1660
1661
1662
1663
1664
1665
1666
1667
1668
1669
1670
1671
1672
1673
1674
1676
1678
1681
1682
1683
1684
1685
1686
1689
1692
1693
1694
1695
1696
1697
1698
1701
1702
1703
1704
1705
1708
1711
1712
1713
1714
1717
1718
1719
1720
1723
1724
1725
1726
1729
1730
1731
1732
1735
1736
1740
1741
1742
1746
1747
1750
1751
1752
1753
1754
1755
1756
1757
1758
1759
1760
1761
1762
1763
1764
1765
1768
1769
1770
1774
1775
1776
1777
1778
1779
1780
1781
1783
1784
1786
1788
1789
1790
1794
1795
1800
1801
1802
1803
1804
1805
1806
1807
1808
1809
1810
1811
1813
1814
1815
1816
1823
1824
1825
1826
1828
1829
1830
1834
1835
1836
1837
1841
1842
1843
1844
1845
1846
1847
1848
1850
1851
1852
1853
1854
1855
1858
1859
1860
1861
1862
1864
1865
1866
1869
1870
1871
1872
1873
1875
1877
1878
1879
1880
1884
1886
1887
1888
1889
1890
1891
1894
1896
1897
1898
1899
1902
1905
1906
1909
1910
1913
1914
1917
1918
1919
1920
1921
1924
1926
1927
1929
1930
1931
1932
1933
1934
1938
1939
1942
1943
1944
1945
1946
1947
1948
1949
1950
1951
1952
1953
1954
1955
1956
1957
1960
1961
1964
1965
1966
1967
1968
1969
1970
1971
1974
1975
1978
1979
1982
1983
1986
1987
1990
1991
1994
1995
1998
1999
2000
2001
2004
2005
2006
2007
2008
2009
2012
2013
2014
2015
2016
2017
2020
2021
2022
2023
2024
2025
2026
2027
2028
2029
2030
2031
2032
2033
2034
2035
2038
2039
2040
2041
2042
2043
2044
2045
2046
2047
2048
2049
2050
2051
2052
2053
2054
2055
2056
2057
2058
2059
2060
2061
2062
2063
2066
2067
2068
2069
2070
2071
2072
2074
2075
2078
2079
2080
2082
2083
2084
2085
2086
2090
2091
2093
2094
2096
2098
2100
2101
2104
2105
2106
2107
2112
2113
2116
2117
2120
2121
2124
2125
2128
2129
2130
2131
2132
2133
2138
2139
2140
2141
2142
2143
2148
2149
2150
2151
2152
2154
2155
2156
2157
2162
2163
2164
2165
2169
2170
2171
2172
2173
2174
2175
2176
2179
2180
2183
2184
2187
2188
2191
2192
2195
2196
2199
2200
2203
2204
2207
2208
2211
2212
2215
2216
2219
2220