1
2
3
4
5
6
7
8
9
10
11
12
13
14
15
16
17
19
20
21
22
23
24
25
26
27
28
30
31
32
33
34
36
37
38
39
40
41
43
45
46
48
49
50
51
52
53
55
56
57
58
59
60
61
62
63
64
65
69
70
71
72
73
74
75
76
78
80
82
83
84
85
86
88
89
90
92
93
95
96
97
99
100
101
102
103
104
105
109
110
111
114
115
116
117
119
121
122
123
127
128
129
130
131
132
133
134
135
136
137
138
142
143
144
145
146
147
148
150
151
156
158
159
160
163
164
165
168
169
170
173
174
175
176
177
181
182
183
184
186
187
188
189
190
191
192
194
195
196
197
198
199
200
201
202
203
208
209
210
213
215
216
217
218
222
225
226
227
228
230
231
232
233
234
235
236
237
238
239
241
242
243
249
250
251
253
255
256
257
258
262
263
264
267
269
270
271
272
273
276
277
279
280
282
283
287
291
292
296
297
298
300
303
304
305
306
307
308
309
310
311
314
315
316
317
320
321
322
323
324
325
327
330
331
332
333
334
335
337
340
341
344
345
346
348
349
350
351
352
353
354
355
358
359
360
364
366
367
368
370
371
372
373
374
376
377
378
379
381
382
383
384
387
388
389
390
391
393
394
395
400
401
402
403
404
405
406
407
408
409
410
411
412
413
418
419
420
421
422
425
426
427
428
429
432
433
436
437
438
439
440
441
442
443
444
445
446
447
448
449
450
451
452
456
458
459
460
461
462
463
464
466
467
468
469
470
471
472
473
474
475
478
479
482
484
485
486
487
488
489
490
491
495
496
497
498
499
500
503
504
505
506
507
512
513
514
517
519
520
521
522
523
524
525
526
527
528
529
530
532
533
536
537
538
539
540
541
542
543
544
545
546
551
552
553
554
555
556
559
560
561
562
563
568
569
570
571
572
573
574
575
577
580
581
582
585
586
587
590
591
592
593
594
595
596
600
601
604
605
608
609
612
613
616
617
620
621
624
625
628
629
632
633
636
637
640
641
644
645
646
647
650
651
652
653
654
655
656
659
660
663
664
665
666
667
671
673
674
675
676
678
681
682
684
685
688
689
692
693
696
697
700
701
704
705
708
709
712
713
716
717