1
2
3
4
5
6
7
8
9
10
11
12
13
14
15
16
17
19
21
22
23
24
25
26
27
28
29
30
31
32
34
35
36
37
38
39
40
42
43
44
45
46
47
48
49
50
51
52
53
54
55
56
57
58
59
60
61
62
63
64
65
66
67
68
69
71
72
75
76
77
78
79
81
82
83
85
87
88
90
91
92
93
94
97
98
99
100
101
102
103
105
107
108
109
110
111
113
114
116
117
118
119
120
121
122
123
124
125
126
129
131
132
134
135
136
137
138
140
141
143
144
145
147
148
149
150
153
155
156
157
158
159
160
161
162
163
164
166
167
168
171
172
173
174
176
177
178
179
180
181
182
184
185
186
187
188
189
190
192
193
195
196
197
198
200
201
202
203
204
205
206
207
208
210
211
214
215
216
219
222
223
224
225
226
227
230
231
232
233
234
237
238
241
242
243
244
246
247
248
249
250
251
252
253
254
255
258
259
260
261
262
265
267
269
270
271
272
273
275
276
277
278
281
282
283
284
285
288
289
290
293
294
295
296
298
299
300
302
303
305
306
307
308
310
313
314
315
316
318
320
323
324
325
326
327
328
329
330
331
332
333
334
335
336
337
338
340
341
343
347
348
351
352
353
354
355
356
357
358
359
360
361
362
363
365
366
367
368
369
370
371
373
374
375
376
378
379
380
381
384
385
386
387
389
390
391
392
397
398
400
401
403
404
405
406
407
409
410
413
414
415
416
417
418
419
420
421
422
425
426
427
428
429
430
435
436
437
439
440
441
442
446
449
450
451
452
453
454
455
456
457
458
459
460
462
465
466
467
468
469
470
471
474
475
476
477
478
479
480
481
483
488
489
490
491
492
493
494
498
499
500
501
502
503
504
509
512
513
514
515
516
517
522
523
524
525
527
528
529
530
531
532
533
534
538
539
540
541
544
545
546
547
548
549
550
551
552
556
557
558
559
560
561
562
563
565
566
567
568
569
570
571
572
573
574
575
576
577
578
581
585
586
587
588
590
591
593
594
595
596
599
600
601
602
603
604
605
607
610
613
614
615
618
620
621
622
625
626
627
628
629
630
631
632
633
636
637
638
639
640
641
642
643
646
647
650
651
652
653
654
658
659
660
661
662
665
666
667
668
670
672
673
674
675
676
677
678
681
682
685
686
687
688
689
690
691
692
693
694
696
697
698
699
700
701
702
703
707
708
709
710
711
712
713
714
715
717
718
721
722
724
725
727
728
730
731
732
735
736
737
739
740
741
744
745
746
747
748
751
752
753
754
755
756
757
758
759
762
763
765
768
770
771
772
773
775
776
777
779
780
781
782
783
784
785
786
787
788
789
792
795
796
798
799
800
801
802
803
804
805
806
807
809
810
812
813
816
819
820
821
822
823
824
825
826
827
829
832
833