1
2
3
4
5
6
7
8
9
10
11
12
13
14
15
16
17
18
19
21
22
23
24
25
26
27
28
29
30
32
33
34
35
36
37
38
39
40
41
42
43
44
45
46
47
48
49
50
51
52
53
55
57
58
60
61
62
66
67
68
69
70
71
72
75
77
79
81
83
84
85
86
87
88
90
91
92
93
94
95
97
98
99
100
101
102
104
105
106
107
108
109
111
112
113
114
115
116
117
119
120
122
123
125
126
128
129
130
132
133
134
135
136
137
138
139
142
143
144
145
148
149
150
151
154
155
156
157
160
161
163
164
167
168
169
171
172
173
174
175
176
179
180
181
184
185
186
189
190
192
193
195
196
197
198
199
201
202
205
206
208
211
212
213
214
215
216
217
218
220
221
224
225
226
227
229
230
235
237
238
240
241
243
244
245
246
249
251
253
254
255
258
259
260
261
262
264
266
267
268
269
270
271
272
273
276
277
278
281
282
283
284
286
289
290
291
292
293
294
295
298
299
300
302
303
304
305
306
307
308
311
312
313
315
316
317
319
320
321
322
323
326