1
2
3
4
5
6
7
8
9
10
11
12
13
14
15
16
17
18
20
22
23
24
25
26
27
28
29
30
31
32
33
35
36
37
38
39
40
41
42
43
44
45
46
47
48
49
50
51
52
53
54
55
56
57
58
59
60
61
62
63
64
65
66
67
68
69
70
71
72
73
75
77
79
80
81
83
84
85
86
88
91
92
93
95
96
97
98
99
100
101
102
106
107
108
110
111
112
113
114
115
116
120
121
123
124
125
128
131
132
133
134
135
136
137
139
142
143
144
145
147
148
151
154
155
156
157
158
159
160
161
163
167
168
171
172
175
176
177
178
179
180
181
182
184
188
189
190
193
194
196
198
199
200
201
202
205
208
209
210
211
212
213
214
215
216
217
218
219
222
225
226
227
228
229
230
231
232
233
234
235
236
237
239
240
243
244
246
248
249
251
252
253
255
256
257
258
259
260
263
264
266
267
268
269
273
274
275
276
277
278
279
280
281
283
284
285
286
287
288
293
296
297
298
299
300
301
302
303
304
305
306
307
308
309
310
311
312
314
315
316
317
318
319
320
322
325
326
327
328
329
330
331
332
333
334
335
336
337
339
342
343
344
345
346
347
348
349
351
354
355
356
357
358
359
360
361
362
365
366
367
368
369
370
371
372
373
374
375
376
377
378
379
382
383
384
385
386
387
388
391
392
393
394
395
396
397
398
399
400
401
402
403
404
405
406
407
408
410
411
412
413
414
415
416
417
418
422
423
424
425
426
427
428
429
430
434
435
436
437
438
439
440
441
442
446
447
448
449
450
451
452
453
454
457
458
460
461
462
463
464
466
467
469
470
471
474
477
478
479
480
481
482
483
484
485
486
487
488
489
490
491
492
495
496
497
498
500
501
502
503
504
506
507
509
510
511
512
513
514
515
516
521
522
524
525
526
530
531
532
533
534
535
536
537
538
542
543
544
545
546
547
548
549
550
552
553
555
556
557
558
559
563
564
565
566
570
571
572
573
574
575
579
580
582
584
585
586
587
588
589
590
591
592
594
595
596
597
598
599
600
601
602
603
604
605
606
607
612
613
614
617
621
622
623
624
625
626
627
630
633
634
635
636
641
642
643
644
645