1
2
3
4
5
6
7
8
9
10
11
12
13
14
15
16
17
18
19
21
22
23
24
25
26
27
28
29
30
31
33
34
35
36
37
38
39
40
41
42
43
44
45
46
47
48
49
50
51
52
53
54
55
56
57
58
59
60
61
62
63
64
65
66
67
68
69
70
71
72
74
76
77
78
80
81
83
85
87
88
89
92
93
96
97
98
100
101
102
103
104
107
108
109
110
111
114
115
117
119
121
122
123
124
125
126
127
130
133
134
135
136
137
138
139
140
141
143
144
145
146
147
148
149
151
152
153
154
156
157
158
159
160
161
162
163
166
169
170
171
173
174
175
176
177
178
179
180
181
182
183
185
186
189
190
191
194
195
198
199
200
201
202
203
204
205
206
207
208
212
213
214
215
216
217
218
219
220
221
222
223
224
225
226
227
228
229
230
231
234
235
237
238
239
240
241
242
243
244
245
246
247
248
249
250
251
252
253
254
255
257
258
259
260
261
262
263
264
265
266
267
268
269
270
271
272
274
275
277
278
279
281
282
283
284
285
286
288
289
291
292
293
294
295
296
297
298
299
300
303
305
306
307
308
309
310
312
313
315
316
318
319
320
322
323
325
328
329
330
331
332
333
334
335
336
337
338
339
340
341
342
343
344
345
346
347
349
352
353
354
355
356
357
358
359
360
362
363
364
365
366
367
368
369
370
371
373
374
375
376
377
378
380
383
384
385
387
390
391
392
393
394
395
396
398
399
400
401
402
403
404
405
406
407
408
410
411
412
414
415
416
418
419
420
422
423
424
426
427
428
430
431
432
434
435
436
437
438
439
441
442
443
444
445
446
448
449
451
452
453
456
458
459
460
461
462
463
464
465
466
467
468
469
471
473
475
477
478
479
480
481
482
483
484
485
486
487
488
489
490
491
492
494
495
496
497
498
499
500
502
503
504
506
507
509
511
513
514
515
516
517
518
519
520
521
522
524
525
526
527
528
529
531
533
535
536
537
538
539
540
541
542
543
544
545
547
549
550
555
556
557
558
559
560
561
564
565
566
569
570
571
572