1
2
3
4
5
6
7
8
9
10
11
12
13
14
15
16
17
19
21
22
23
24
25
26
27
28
29
30
31
32
33
34
35
36
37
38
39
40
41
42
44
45
46
47
48
50
51
52
53
54
57
58
59
60
61
63
64
65
68
69
70
71
72
74
75
76
79
80
81
82
83
85
86
87
90
91
92
93
94
96
97
98
101
102
103
104
105
107
108
109
112
113
114
115
116
118
119
120
123
124
125
126
127
129
130
131
134
135
136
137
138
140
141
142
145
146
147
148
149
151
152
153
156
157
158
159
160
162
163
164
167
168
169
170
171
173
174
175
178
179
180
181
182
184
185
186
189
190
191
192
193
195
196
197
200
201
202
203
204
206
207
208
211
212
213
214
215
217
218
219
222
223
224
225
226
228
229
230
233
234
235
236
237
239
240
241
244
245
246
247
248
250
251
252
255
256
257
258
259
261
262
263
266
267
268
269
270
272
273
274
277
278
279
280
281
282
284
285
286
289
290
291
292
293
295
296
297
300
301
302
303
304
306
307
308
311
312
313
314
315
317
318
319
322
323
324
325
326
328
329
330
333
334
335
336
337
339
340
341
344
345
346
347
348
350
351
352
355
356
357
358
359
361
362
363
366
367
368
369
370
372
373
374
377
378
379
380
381
383
384
385
388
389
390
391
392
394
395
396
399
400
401
402
403
405
406
407
410
411
412
413
414
416
417
418
421
422
423
424
425
427
428
429
432
433
434
435
436
438
439
440
443
444
445
446
447
449
450
451
454
455
456
457
458
460
461
462
465
466
467
470
471
472
475
476
477
478
479
481
482
483
486
487
488
489
490
492
493
494
497
498
499
500
501
503
504
505
508
509
510
511
512
514
515
516
519
520
521
522
523
525
526
527
530
531
532
533
534
536
537
538
541
542
543
544
545
547
548
549
552
553
554
555
556
558
559
560
563
564
565
566
567
569
570
571
574
575
576
577
578
580
581
582
585
586
587
588
589
591
592
593
596
597
598
599
600
602
603
604
607
608
609
610
611
613
614
615
618
619
620
621
622
624
625
626
629
630
631
632
633
635
636
637
640
641
642
643
644
645
647
648
649
652
653
654
655
656
658
659
660
663
664
665
666
667
669
670
671
674
675
676
677
678
680
681
682
685
686
687
688
689
690
692
693
694
697
698
699
700
701
703
704
705
708
709
710
711
712
714
715
716
719
720
721
722
723
725
726
727
730
731
732
733
734
736
737
738
741
742
743
744
745
747
748
749
750
753
754
755
756
757
758
760
761
762
763
766
767
768
769
770
771
773
774
775
776
779
780
781
782
783
784
786
787
788
789
792
793
794
795
796
797
799
800
801
802
805
806
807
808
809
810
812
813
814
815
818
819
820
821
822
823
825
826
827
828
831
832
833
834
835
836
838
839
840
841
844
845
846
847
848
849
851
852
853
854
857
858
859
860
861
862
864
865
866
867
870
871
872
873
874
875
877
878
879
880
883
884
885
886
887
889
890
891
894
895
896
897
898
899
901
902
903
904
907
908
909
910
911
912
914
915
916
917
920
921
922
923
924
926
927
928
931
932
933
934
935
937
938
939
942
943
944
945
946
948
949
950
953
954
955
956
957
958
960
961
962
963
966
967
968
969
970
971
973
974
975
976
979
980
981
982
983
984
986
987
988
989
992
993
994
995
996
998
999
1000
1003
1004
1005
1006
1007
1009
1010
1011
1014
1015
1016
1017
1018
1019
1021
1022
1023
1024
1027
1028
1029
1030
1031
1033
1034
1035
1038
1039
1040
1041
1042
1043
1045
1046
1047
1048
1051
1052
1053
1054
1055
1057
1058
1059
1062
1063
1064
1065
1066
1068
1069
1070
1073
1074
1075
1076
1077
1079
1080
1081
1084
1085
1086
1087
1088
1090
1091
1092
1095
1096
1097
1098
1099
1100
1102
1103
1104
1105
1108
1109
1110
1111
1112
1113
1115
1116
1117
1118
1121
1122
1123
1124
1125
1127
1128
1129
1132
1133
1134
1135
1136
1138
1139
1140
1143
1144
1145
1146
1147
1148
1150
1151
1152
1153
1156
1157
1158
1159
1160
1161
1163
1164
1165
1166
1169
1170
1171
1172
1173
1175
1176
1177
1180
1181
1182
1183
1184
1185
1187
1188
1189
1190
1193
1194
1195
1196
1197
1198
1200
1201
1202
1205
1206
1207
1208
1209
1210
1212
1213
1214
1215
1218
1219
1220
1221
1222
1223
1225
1226
1227
1228
1231
1232
1233
1234
1235
1237
1238
1239
1242
1243
1244
1245
1246
1247
1249
1250
1251
1252
1255
1256
1257
1258
1259
1261
1262
1263
1266
1267
1268
1269
1270
1271
1273
1274
1275
1278
1279
1280
1281
1282
1284
1285
1286
1289
1290
1291
1292
1293
1294
1296
1297
1298
1299
1302
1303
1304
1305
1306
1307
1309
1310
1311
1312
1315
1316
1317
1318
1319
1320
1322
1323
1324
1325
1328
1329
1330
1331
1332
1334
1335
1336
1339
1340
1341
1342
1343
1345
1346
1347
1350
1351
1352
1353
1354
1356
1357
1358
1361
1362
1363
1364
1365
1367
1368
1369
1372
1373
1374
1375
1376
1378
1379
1380
1383
1384
1385
1386
1387
1389
1390
1393
1394
1395
1396
1397
1399
1400
1401
1404
1405
1406
1407
1408
1410
1411
1412
1415
1416
1417
1418
1419
1421
1422
1423
1426
1427
1428
1429
1430
1432
1433
1434
1437
1438
1439
1440
1441
1443
1444
1445
1448
1449
1450
1451
1452
1453
1455
1456
1457
1458
1461
1462
1463
1464
1465
1466
1468
1469
1470
1471
1474
1475
1476
1477
1478
1480
1481
1482
1483
1486
1487
1488
1489
1490
1492
1493
1494
1495
1498
1499
1500
1501
1502
1503
1505
1506
1507
1508
1511
1512
1513
1514
1515
1516
1518
1519
1520
1521
1524
1525
1526
1527
1528
1530
1531
1532
1535
1536
1537
1538
1539
1541
1542
1543
1544
1547
1548
1549
1550
1551
1553
1554
1555
1556
1559
1560
1561
1562
1563
1565
1566
1567
1570
1571
1572
1573
1574
1576
1577
1578
1581
1582
1583
1584
1585
1587
1588
1589
1592
1593
1594
1595
1596
1598
1599
1600
1601
1604
1605
1606
1607
1608
1609
1611
1612
1613
1614
1617
1618
1619
1620
1621
1622
1624
1625
1626
1627
1630
1631
1632
1633
1634
1636
1637
1638
1641
1642
1643
1644
1645
1647
1648
1649
1652
1653
1654
1655
1656
1658
1659
1660
1661
1664
1665
1666
1667
1668
1670
1671
1672
1675
1676
1677
1678
1679
1680
1682
1683
1684
1685
1688
1689
1690
1691
1692
1694
1695
1696
1699
1700
1701
1702
1703
1705
1706
1707
1710
1711
1712
1713
1714
1716
1717
1718
1721
1722
1723
1724
1725
1727
1728
1729
1732
1733
1734
1735
1736
1738
1739
1740
1741
1744
1745
1746
1747
1748
1749
1751
1752
1753
1754
1757
1758
1759
1760
1761
1763
1764
1765
1768
1769
1770
1771
1772
1774
1775
1776
1779
1780
1781
1782
1783
1785
1786
1787
1788
1791
1792
1793
1794
1795
1797
1798
1799
1802
1803
1804
1805
1806
1808
1809
1810
1813
1814
1815
1816
1817
1819
1820
1821
1822
1825
1826
1827
1828
1829
1831
1832
1833
1836
1837
1838
1839
1840
1842
1843
1844
1845
1848
1849
1850
1851
1852
1854
1855
1856
1857
1860
1861
1862
1863
1864
1866
1867
1868
1871
1872
1873
1874
1875
1877
1878
1879
1882
1883
1884
1885
1886
1888
1889
1890
1891
1894
1895
1896
1897
1898
1900
1901
1902
1905
1906
1907
1908
1909
1911
1912
1913
1916
1917
1918
1919
1920
1922
1923
1924
1927
1928
1929
1930
1931
1932
1934
1935
1936
1937
1940
1941
1942
1943
1944
1946
1947
1948
1951
1952
1953
1954
1955
1956
1958
1959
1960
1961
1964
1965
1966
1967
1968
1970
1971
1972
1975
1976
1977
1978
1979
1980
1982
1983
1984
1985
1988
1989
1990
1991
1992
1994
1995
1996
1999
2000
2001
2002
2003
2005
2006
2007
2010
2011
2012
2013
2014
2016
2017
2018
2021
2022
2023
2024
2025
2027
2028
2029
2032
2033
2034
2035
2036
2038
2039
2040
2043
2044
2045
2048
2049
2050
2053
2054
2055
2056
2057
2059
2060
2061
2064
2065
2066
2067
2068
2070
2071
2072
2075
2076
2077
2078
2079
2081
2082
2083
2086
2087
2088
2089
2090
2092
2093
2094
2097
2098
2099
2100
2101
2103
2104
2105
2108
2109
2110
2111
2112
2114
2115
2116
2119
2120
2121
2122
2123
2125
2126
2127
2130
2131
2132
2133
2134
2136
2137
2138
2139
2142
2143
2144
2145
2146
2148
2149
2150
2153
2154
2155
2156
2157
2159
2160
2161
2162
2165
2166
2167
2168
2169
2171
2172
2173
2176
2177
2178
2179
2180
2182
2183
2184
2187
2188
2189
2190
2191
2193
2194
2195
2198
2199
2200
2201
2202
2204
2205
2206
2209
2210
2211
2212
2213
2215
2216
2217
2220
2221
2222
2223
2224
2226
2227
2228
2231
2232
2233
2234
2235
2237
2238
2239
2242
2243
2244
2245
2246
2248
2249
2250
2253
2254
2255
2256
2257
2259
2260
2261
2264
2265
2266
2267
2268
2270
2271
2272
2275
2276
2277
2278
2279
2281
2282
2283
2286
2287
2288
2289
2290
2292
2293
2294
2297
2298
2299
2300
2301
2303
2304
2305
2308
2309
2310
2311
2312
2314
2315
2316
2319
2320
2321
2322
2323
2325
2326
2327
2330
2331
2332
2333
2334
2336
2337
2338
2341
2342
2343
2344
2345
2347
2348
2349
2352
2353
2354
2355
2356
2358
2359
2360
2363
2364
2365
2366
2367
2369
2370
2371
2374
2375
2376
2377
2378
2380
2381
2382
2385
2386
2387
2388
2389
2391
2392
2393
2396
2397
2398
2399
2400
2402
2403
2404
2407
2408
2409
2410
2411
2413
2414
2415
2418
2419
2420
2421
2422
2424
2425
2426
2429
2430
2431
2432
2433
2435
2436
2437
2440
2441
2442
2443
2444
2446
2447
2448
2451
2452
2453
2454
2455
2457
2458
2459