1
2
3
4
5
6
7
8
9
10
11
12
13
14
15
16
17
19
21
23
24
25
26
27
29
30
31
32
33
34
35
36
37
38
39
40
41
42
43
44
45
46
48
49
50
51
52
54
56
57
58
59
60
61
62
64
65
66
67
69
71
72
73
74
76
77
78
79
80
81
82
83
84
85
86
87
89
90
91
94
95
96
99
100
101
104
105
106
109
110
111
114
115
116
117
118
119
121
124
125
126
127
128
129
130
131
132
133
136
137
138
141
142
143
146
147
151
152
153
154
155
156
157
158
159
160
161
162
163
165
166
167
168
169
173
174
175
176
177
178
179
180
181
182
183
184
185
186
187
188
189
191
192
193
196
199
200
201
202
203
204
205
206
207
209
210
212
213
214
215
217
219
220
221
222
223
225
226
227
228
229
230
231
233
234
235
236
237
241
242
243
244
245
246
247
248
249
250
253
254
255
256
258
259
260
261
262
263
266
267
268
269
270
271
272
273
274
275
277
278
281
282
283
284
285
286
287
288
291
292
293
294
295
298
299
300
303
304
305
306
307
309
310
313
314
315
316
318
321
322
323
324
326
329
330
331
332
334
337
338
339
342
343
344