1
2
3
4
5
6
7
9
10
11
12
14
15
16
17
18
19
20
21
22
23
24
25
26
27
28
29
30
31
32
34
35
37
38
39
40
42
43
44
45
48
49
50
51
53
54
55
56
57
58
60
62
63
64
68
69
70
71
72
73
74
75
76
77
78
79
80
81
82
86
87
88
89
90
91
92
93
96
97
98
99
100
103
104
106
107
108
111
112
115
116
120
121
122
123
124
125
126
127
128
129
130
131
132
133
134
135
136
137
138
141
144
145
146
147
148
150
151
152
153
154
155
156
157
158
161
162
163
164
165
166
167
168
169
172
173
176
177
178
179
180
181
182
183
184
185
188
189
192
193
194
197
198
201
202
203
206
207
210
211
214
215
216
219
220
223
224
225
228
229
232
233
236
237
238
241
242
245
246
247
250
251
254
255
258
259
260
263
264
267
268
269
272
273
276
277
278
279
280
281
282
284
286
287
288
289
290
292
294
295
296
297
298
300
302
303
304
305
306
308
313
314
315
316
318
319
321
322
324
325
328
331
332
333
334
337
338
339
340
341
342
343
344
345
347
350
351
352
353
354
355
356
359
360
361
363
364
365
366
367
368
369
372
373
374
375
376
377
378
381
382
383
384
385
386
387
390
391
392
393
394
395
396
399
402
403
404
406
407
408
409
411
412
413
414
416
417
418
419
421
422
423
424
426
429
430
431
434
435
437
438
439
441
442
443
444
447
448
449
451
452
453
454
457
458
459
461
462
463
464
467
468
469
471
472
473
474
477
480
481
484
485
488
489
492
493
494
495
497
498
499
500
501
502
503
504
505
506
507
508
509
510
511
512
513
516
517
518
519
522
523
526
527
530
531
534
537
538
539
540
541
545
546
547
548
549
550
551
555
556
557
561
563
564
565
566
568
569
570
572
573
574
575
576
577
578
580
581
582
583
584
585
586
588
589
590
591
592
593
594
596
597
598
599
600
601
602
604
605
606
608
610
611
614
615
617
618
619
620
621
622
623
624
625
626
627
628
629
630
631
636
637
638
642
644
645
646
647
648
649
650
653
654
655
656
657
658
659
660
661
662
663