1
2
3
4
5
6
7
8
9
10
11
12
13
14
15
16
17
19
21
22
23
24
25
26
27
28
29
30
31
32
33
34
35
36
37
38
40
41
42
43
44
45
46
47
48
49
50
51
52
53
54
55
56
57
58
59
60
61
62
63
64
65
66
67
68
70
72
74
75
77
79
80
81
82
83
84
85
86
87
88
89
90
94
95
97
98
101
102
103
104
105
106
107
108
109
110
112
113
114
115
116
117
120
121
122
123
124
125
126
127
129
130
133
134
135
136
137
138
139
140
141
142
143
144
145
146
147
148
149
152
153
157
158
159
160
161
162
163
164
165
166
167
168
169
170
171
172
173
174
175
176
177
178
179
180
181
182
183
184
185
186
187
191
192
193
194
195
196
197
198
199
200
201
202
203
204
205
206
207
208
209
210
211
212
213
214
216
217
218
219
220
221
222
223
224
225
226
230
231
232
233
234
235
236
237
238
239
240
241
242
243
244
245
246
247
248
249
250
251
252
253
254
255
256
257
258
259
260
261
262
266
267
269
270
271
272
273
276
278
279
280
282
283
286
287
288
289
290
291
293
294
296
297
298
300
301
302
304
305
306
307
308
309
313
314
315
316
317
318
319
320
321
322
323
324
325
326
327
328
330
332
335
336
337
338
339
340
341
342
343
344
345
346
347
348
349
350
351
353
356
357
358
359
361
362
365
368
369
370
372
373
374
375
376
379
380
383
388
389
390
391
392
393
394
397
398
399
400
401
402
403
404
405
406
407
408
411
414
415
416
417
418
419
420
421
422
423
424
425
426
427
428
429
430
432
435
438
439
440
442
443
444
447
450
451
452
453
455
456
457
459
460
461
462
463
464
466
469
470
473
474
477
478
479
480
481
485
486
487
488
489
490
491
492
493
494
495
496
497
498
499
500
501
502
503
504
505
506
507
508
509
510
511
512
513
514
515
516
517
518
519
521
522
525
526
527
528
529
530
531
534
535
536
537
538
539
540
541
542
543
544
545
546
547
548
549
552
555
556
557
558
559
560
561
562
563
564
565
566
567
568
569
570
571
572
573
574
575
576
577
578
579
580
582
583
585
586
587
588
591
592
593
594
595
596
597
598
599
600
601
602
603
604
605
607
608
609
611
613
614
617
618
619
620
623
624
625
626
627
628
629
632
633
634
635
636
639
640
641
642
643
644
645
646
647
648
649
650
651
652
653
654
655
656
657
658
659
660
661
662
664
665
666
667
668
670
671
672
673
674
675
676
677
678
681
682
684
685
686
687
688
689
690
691
692
695
696
698
699
700
701
704
705
706
708
709
710
713
714
716
717
718
719
720
721
723
724
725
726
727
729
732
733
734
738
739
741
742
743
747
750
751
752
753
754
755
756
757
758
759
761
762
763
764
765
766
767
769
770
771
773
774
775
777
778
779
780
782
783
784
785
786
787
788
790
791
792
795
796
797
798
801
802
803
804
805
806
807
809
810
811
813
814
815
816
817
818
819
820
821
822
823
824
827
828
829
830
831
832
833
836
837
838
839
840
843
844
845
846
847
852
855
856
857
858
859
860
861
862
863
865
867
870
871
872
873
874
875
876
877
878
880
882
885
886
887
888
889
890
892
893
898
899
900
901
902
903
904
905
906
910
911
912
914
915
916
917
918
919
920
921
922
923
924
925
926
927
928
929
930
932
935
938
939
940
941
942
943
944
945
946
947
948
951
952
953
954
955
956
957
958
959
960
961
962
965
966
967
968
969
970
971
972
973
974
975
976
977
979
980
981
982
983
984
985
987
988
989
990
991
992
993
994
995
996
997
998
999
1000
1004
1005
1006
1007
1008
1009
1010
1011
1012
1013
1014
1015
1016
1018
1021
1024
1025
1026
1029
1030
1031
1032
1033
1034
1038
1039
1040
1041
1042
1043
1044
1045
1046
1047
1049
1050
1051
1054
1057
1058
1059
1060
1061
1062
1063
1067
1068
1069
1070
1071
1072
1074
1077
1078
1079
1081
1084
1085
1086
1087
1089
1090
1091
1093
1094
1096
1097
1098
1100
1101
1104
1107
1108
1111
1112
1113
1115
1118
1119
1120
1121
1122
1123
1124
1125
1126
1127
1128
1129
1130
1131
1132
1135
1138
1139
1140
1141
1142
1143
1144
1145
1146
1147
1148
1150
1151
1152
1153
1156
1157
1158
1159
1160
1161
1162
1163
1164
1165
1166
1167
1168
1172
1175
1176
1177
1178
1179
1180
1184
1185
1186
1187
1188
1189
1190
1191
1192
1193
1194
1195
1196
1199
1200
1201
1202
1203
1207
1208
1209
1210
1211
1212
1216
1217
1219
1220
1221
1222
1224
1225
1229
1230
1231
1234
1235
1236
1237
1238
1239
1240
1241
1242
1244
1245
1246
1247
1248
1249
1250
1251
1253
1254
1256
1257
1258
1260
1261
1264
1267
1268
1269
1270
1271
1272
1273
1274
1275
1279
1280
1281
1282
1285
1286
1287
1291