1
2
3
4
5
6
7
8
9
10
11
12
13
14
15
16
17
18
20
21
22
23
24
25
26
27
28
29
30
31
32
33
34
36
37
38
39
40
41
42
43
44
45
46
47
48
49
50
51
52
53
54
55
56
57
58
59
60
61
62
63
64
65
66
67
68
69
70
71
72
74
75
76
77
78
79
80
81
82
84
85
86
87
88
89
90
91
92
94
95
96
98
100
101
104
105
106
107
110
111
112
113
114
115
118
119
120
121
124
125
126
129
130
131
132
133
134
136
137
139
140
141
142
143
144
146
148
150
151
152
153
155
156
158
159
161
163
164
167
168
169
170
171
172
177
178
179
180
181
182
183
186
187
188
189
190
192
193
194
195
196
197
198
199
200
201
202
203
204
205
207
208
209
210
212
214
215
216
217
218
219
220
222
223
224
225
228
229
233
234
236
237
238
239
240
243
244
245
246
247
248
249
252
254
255
257
259
260
262
263
265
267
268
269
270
272
273
274
277
278
279
280
281
287
288
289
290
292
293
294
296
297
298
299
300
301
302
303
305
306
307
308
309
310
311
314
315
317
318
319
320
321
322
323
324
325
326
327
328
331
334
335
336
337
338
340
341
342
345
346
347
348
351
352
353
354
355
356
357
358
359
361
362
364
365
366
367
368
369
375
376
377
378
379
381
382
383
384
385
386
387
388
392
393
396
397
398
399
400
402
403
404
405
406
408
409
410
411
412
414
415
417
418
419
420
424
425
426
427
428
429
430
431
432
434
435
438
440
441
443
445
446
447
448
449
450
451
452
453
454
455
457
458
461
462
464
466
467
468
469
471
472
473
476
477
478
481
482
483
486
487
488
491
492
493
494
497
498
499
500
501
502