1
2
3
4
5
6
7
8
9
10
11
12
13
14
15
16
17
19
21
22
23
24
25
27
28
29
30
31
32
33
34
35
36
37
38
39
41
42
43
44
45
46
47
48
49
50
53
94
95
97
98
99
100
101
103
104
105
106
108
109
110
111
112
113
114
115
116
118
119
120
121
122
123
124
125
126
127
128
129
131
132
133
134
137
138
139
140
145
146
147
148
150
151
152
153
159
160
161
162
165
166
169
170
171
172
173
176
177
178
180
181
182
183
186
187
188
189
190
191
192
193
194
195
196
197
198
199
200
201
202
204
205
207
208
209
210
214
215
216
217
218
219
220
221
222
223
224
226
227
229
230
231
232
233
234
235
236
237
238
239
241
242
243
244
245
246
248
253
254
255
256
257
258
259
260
261
262
263
264
265
266
267
268
269
270
271
274
275
276
277
278
279
281
282
285
286
287
288