1
2
3
4
5
6
7
8
9
10
11
12
13
14
15
16
17
19
21
22
23
24
25
27
28
29
30
32
33
34
35
37
39
41
42
43
44
45
46
47
48
49
50
51
52
53
54
55
56
58
59
60
61
62
63
64
65
66
68
70
71
72
73
74
75
76
80
83
84
85
86
87
88
89
91
92
93
94
95
98
99
100
101
102
103
104
105
106
107
108
111
112
115
116
119
120
123
124
127
128
131
132
133
134
137
140
141
144
145
148
149
152
153
154
158
159
162
163
166
167
170
171
174
175
178
179
182
183
186
187
190
191
194
195
198
199
202
203
204
205
206
209
210
213
214
217
218
221
222
225
226
227
230
231
234
235
238
239
242
243
246
247
250
251
252
253
254
257
258
259
260
261
262
263
264
265
266
267
268
270
274
275
278
279
282
283
286
287
288
291
292
295
296
299
300
303
304
307
308