1
2
3
4
5
6
7
8
9
10
11
12
13
14
15
16
17
19
21
22
23
24
25
26
27
28
29
30
32
33
34
35
36
37
38
39
40
41
42
43
44
45
46
47
48
49
50
51
52
53
54
55
56
57
58
59
60
61
62
63
64
65
66
67
68
69
70
71
72
73
74
75
77
78
79
80
81
82
84
85
88
89
90
92
93
94
95
96
97
98
99
100
101
102
103
104
105
106
107
108
109
110
112
113
114
115
117
119
120
123
124
126
127
130
131
133
134
135
139
140
141
142
143
144
145
146
147
148
149
150
152
153
154
156
158
159
160
161
163
165
166
169
172
173
174
175
177
178
179
180
182
183
184
185
186
187
188
189
190
191
193
194
196
197
198
199
200
201
202
203
204
205
206
207
214
215
216
217
218
219
220
221
222
223
224
225
226
230
231
232
233
234
235
236
237
238
239
240
242
244
245
246
247
248
249
253
254
255
256
257
258
259
260
264
265
266
267
268
273
276
277
278
279
280
281
282
283
284
285
286
287
288
289
291
292
293
294
295
296
297
299
300
301
305
306
309
310
311
315
316
317
320
321
324
325
326
327
328
329
330
331
332
333
335
338
339
340
341
342
343
344
345
346
349
350
351
352
353
354
355
356
357
358
359
360
361
362
364
365
366
367
369
370
371
372
373
374
376
378
381
382
383
384
385
386
387
388
389
390
391
392
393
394
395
396
397
398
401
402
403
405
406
407
408
409
410
411
412
413
414
415
417
420
423
424
425
426
427
428
429
430
431
432
433
434
435
436
437
438
439
440
441
442
443
444
446
447
449
450
452
454
456
457
458
459
460
461
462
463
464
468
469
470
471
472
473
474
475
477
478
479
482
483
484
485
489
490
491
492
493
495
498
500
501
502
503
504
505
506
507
508
509
510
511
512
514
515
516
517
518
519
520
521
522
525
526
527
529
530
531
532
534
535
536
537
539
540
541
542
543
546
547
548
549
551
552
553
554
556
557
558
559
560
561
562
563
564
565
566
567
568
569
570
571
572
573
574
575
576
577
580
582
583
584
585
586
587
589
590
591
592
593
594
595
598
599
600
603
604
608
609
610
612
613
614
615
618
619
620
621
623
626
627
628
630
631
632
635
636
637
638
640
641
643
644
645
649
650
653
654
656
657
658
659
661
663
664
665
667
668
669
670
674
675
676
677
678
679
680
681
682
685
686
687
688
689
690
691
692
693
694
695
697
699
702
703
704
705
706
707
708
709
710
711
712
713
714
715
716
717
718
720
721
724
725
726
728
729
730
731
732
733
734
735
736
737
740
741
742
743
744
748
749
750
751
752
753
754
755
756
757
758
759
762
763
764
765
766
767
768
770
771
772
773
774
775
781
782
783
784
785
786
787
789
790
791
792
793
795
796
797
798
799
800
801
802
807
808
811
812
816
817
818
819
820
821
822
823
824
827
828
829
830
831
832
833
834
835
837
838
839
840
841
842
843
844
845
846
849
850
851
852
853
854
855
856
857
858
859
860
861
862
863
864
867
868
869
870
871
872
873
874
875
876
877
878
879
880
881
884
885
887
888
889
890
891
894
895
896
898
899
900
902
903
904
905
906
907
908
909
910
911
913
914
916
917
918
919
920
921
922
926
927
928
929
931
932
933
934
935
937
938
939
940
942
943
944
946
947
949
951
952
953
954
955
956
957
960
961
962
965
966
967
968
969
970
973
974
975
976
979
984
985
986
987
988
989
990
991
992
993
994
995
996
997
999
1000
1001
1002
1004
1005
1006
1007
1008
1009
1012
1013
1014
1015
1018
1019
1020
1021
1022
1023
1024
1025
1026
1029
1030
1031
1034
1035
1036
1037
1038
1039
1040
1041
1042
1045
1046
1047
1049
1053
1054