1
2
3
4
5
6
7
8
9
10
11
12
13
14
15
16
17
19
21
22
23
24
25
26
27
28
30
31
32
33
34
35
36
37
38
39
40
41
42
43
44
45
46
48
49
50
51
52
53
55
56
58
59
60
61
63
64
67
68
69
70
71
72
74
77
78
79
81
82
83
84
86
87
88
90
91
92
95
96
97
98
99
100
102
104
105
106
107
108
110
111
115
116
117
118
119
120
121
122
123
124
125
126
127
129
130
131
133
135
136
137
138
139
140
142
145
146
147
148
149
150
151
152
153
154
155
156
157
158
159
160
161
162
163
167
168
172
173
174
175
176
177
178
179
181
182
183
184
185
186
187
188
189
190
191
192
193
195
196
198
199
200
202
203
206
207
208
209
210
211
212
213
216
217
218
219
220
221
222
223
224
225
226
227
228
229
230
231
232
233
234
235
236
237
238
239
242
243
244
247
248
249
252
253
256
258
259
263
264
265
266
267
269
270
271
272
273
274
276
277
278
279
280
281
282
283
284
285
287
288
289
290
293
294
295
296
297
298
299
300
301
302
303
305
306
308
309
311
312
313
315
316
317
318
319
321
322
324
325
326
327
328
330
331
334
335
339
341
342
344
345
346
348
349
351
352
353
355
356
358
359
360
362
363
365
366
367
368
369
371
373
374
376
377
378
379
381
382
384
385
386
389
390
391
392
393
394
396
397
398
399
400
401
402
403
404
405
407
409
410
414
415
416
417
418
419
421
422
423
424
425
427
428
432
433
434
435
436
437
438
439
440
441
443
444
445
446
447
449
450
451
453
454
455
457
458
459