1
2
3
4
5
6
7
8
9
10
11
12
13
14
15
16
17
19
21
22
23
24
25
26
28
29
30
31
32
33
34
35
36
37
38
39
40
41
42
43
44
45
46
47
49
50
51
52
53
54
55
56
57
58
61
62
63
64
65
66
67
68
69
70
71
72
73
74
75
77
78
80
81
82
84
85
88
89
92
93
94
95
96
97
98
99
100
103
104
105
106
107
108
109
112
113
114
115
118
119
120
121
122
123
124
125
126
127
130
131
134
135
136
137
138
139
142
143
145
148
149
150
151
152
155
156
157
158
159
160
161
162
163
165
166
169
170
173
174
175
176
177
179
181
186
187
188
189
191
192
193
194
196
197
198
199
201
202
203
204
205
206
208
211
212
213
214
215
216
217
219
221
222
223
224
225
226
228
229
231
233
234
235
236
237
238
239
242
243
244
245
246
247
248
249
250
251
252
253
257
258
259
260
261
262
263
264
266
267
268
269
270
271
272
273
277
279
280
281
282
283
284
285
286
288
289
290
291
292
293
294
295
296
297
298
303
304
305
306
307
308
309
310
311
312
315
316
317
318
319
320
321
322
326
328
330
331
332
333
336
337
338
339
341
342
343
344
346
347
348
349
352
356
357
358
359
361
362
364
365
366
367
368
369
370
371
372
373
374
378
379
380
382
383
384
385
386
387
388
389
390
394
395
396
397
398
399
400
401
402
403
404
405
406
407
408
409
411
412
413
419
420
421
422
423
424
425
426
429
430
431
432
433
434
435
436
437
440
441
442
443
444
446
447
448
449
450
451
452
453
454
455
456
457
459
460
461
462
463
466
467
471
474
475