1
2
3
4
5
6
7
8
9
10
11
12
13
14
15
16
17
19
21
22
23
24
25
27
28
29
30
31
32
33
34
35
36
37
38
39
40
41
42
43
45
46
47
48
49
50
51
52
53
54
55
56
57
58
59
60
61
62
63
64
65
66
67
68
69
70
71
72
73
74
75
76
77
79
82
83
84
85
86
87
88
89
90
91
93
94
95
96
97
99
102
103
104
105
106
107
108
109
110
111
112
113
114
115
116
117
118
119
120
121
122
123
124
125
126
127
128
129
130
131
132
133
134
137
138
139
142
143
144
147
148
149
152
153
156
157
158
161
162
165
166
169
170
173
174
177
178
181
182
185
186
187
190
191
194
195
196
199
200
203
204
205
208
209
212
213
214
217
218
221
222
223
226
227
230
231
232
235
236
239
240
241
244
245
248
249
250
253
254
257
258
259
262
263
266
267
268
271
272
275
276
277
280
281
284
285
286
289
290
293
294
295
298
299
302
303
304
305
306
307
310
311
312
313
314
315
318
319
320
321
322
323
326
327
328
329
330
331
334
335
336
337
338
339
342
343
344
345
346
347
350
351
352
353
354
355
358
359
360
361
362
363
366
367
368
369
370
373
374
375
376
377
380
381
382
383
384
387
388
389
390
391
394
395
397
398
399
400
401
403
406
407
408
409
410
411
412
413
414
416
417
421
423
424
425
426
427
428
429
430
431
432
433
434
437
438
443
444
445
446
447
448
449
450
451
452
453
454
457
458
463
464
465
466
467
468
469
470
471
472
473
475
476
477
479
480
481
482
483
484
490
491
492
495
496
497
498
499
502
503
504
505
506