1
2
3
4
5
6
7
8
9
10
11
12
13
14
15
16
17
19
21
22
23
25
26
27
28
30
31
32
33
34
36
37
38
39
40
42
43
44
45
46
47
49
50
51
53
54
56
60
61
62
63
64
65
66
67
70
71
72
75
76
79
80
83
84
85
90
91
93
94
95
96
97
98
102
105
106
107
108
110
111
112
113
114
115
116
117
118
119
120
121
122
123
125
126
127
128
129
130
131
132
133
134
139
140
141
142
143
144
145
146
147
148
149
150
151
154
155
156
160
161
162
163
165
168
169
170
171
175
176
177
178
179
181
182
183
184
185
186
187
188
189
191
192
193
194
195
196
197
198
200
201
202
203
204
205
206
207
209
210
211
212
213
214
215
216
218
219
220
224
225
226
228
229
230
231
234
235
236
239
240
242
243
244
245
246
247
248
250
251
252
254
255
256
261
262
263
264
266
268
269
270
272