1
2
3
4
5
6
7
8
9
10
11
12
13
14
15
16
17
19
21
22
23
24
25
26
27
28
29
31
32
33
34
35
36
37
38
39
40
41
42
43
44
45
46
47
48
49
50
51
52
53
54
55
56
57
58
59
60
61
62
63
64
65
66
67
69
70
71
72
73
75
77
79
80
81
82
83
84
87
88
91
92
93
94
95
96
97
98
99
103
104
105
106
107
108
111
112
113
114
115
116
118
119
120
122
123
124
126
127
128
130
131
132
134
135
136
137
138
139
141
142
144
145
146
147
148
150
153
154
155
156
157
158
159
162
163
164
165
166
167
168
169
172
173
174
175
176
177
178
179
180
183
184
185
186
187
188
189
190
191
192
195
196
197
198
199
200
201
202
203
206
207
208
209
210
213
214
215
216
218
219
222
223
224
225
227
228
229
231
232
235
236
239
240
244
245
246
247
248
249
250
253
254
255
256
257
258
259
260
261
262
263
264
266
269
270
271
272
273
274
275
276
277
278
281
282
283
284
285
287
288
289
290
291
292
294
295
296
297
300
301
304
305
307
308
310
311
312
315
316
317
320
321
322
325
326
329
330
331
334
335
336
337
338
339
341
342
343
344
345
347
350
351
352
353
354
355
356
357
358
359
360
361
364
365
366
367
368
369
370
371
372
373
374
375
378
379
380
381
382
383
384
385
386
387
390
391
392
393
394
395
396
397
398
399
400
403
404
405
406
407
408
409
410
411
412
413
414
417
418
419
420
421
422
423
424
425
426
427
430
431
432
433
434
435
436
437
438
439
440
441
442
443
446
447
448
449
450
451
452
453
454
456
458
459
460
461
464
467
468
469
470
471
472
473
474
475
476
478
481
482
483
484
485
486
487
488
489
491
494
495
496
497
498
499
500
503
504
505
506
507
508
509
512
513
514
515
516
518
519
521
524
525
527
528
529
533
536
537
538
539
540
541
542
543
544
545
546
547
548
549
550
551
552
553
554
555
556
557
558
559
560
561
562
563
564
567
568
569
570
571
572
573
574
575
576
577
578
579
580
581
582
583
584
585
586
587
588
589
590
591
592
593
594
595
596
597
598
599
600
601
602
603
604
605
606
607
608
610
611
612
613
614
615
616
619
620
621
622
623
624
625
628
629
630
631
632
633
634
635
636
637
638
639
640
641
642
643
644
645
646
647
648
649
650
651
652
653
654
655
656
657
658
661
662
663
664
665
666
667
668
669
670
671
672
673
674
675
676
677
678
679
680
681
682
683
684
685
686
687
688
689
690
691
692
693
695
696
697
698
699
700
702
703
704
705
706
709
710
711
713
714
715
718
719
720
721
722
723
724
725
728
729
730
731
732
733
734
735
738
739
741
742
745
746
747
748
749
750
751
752
753
754
755
756
757
758
759
760
761
764
765
766
767
768
769
770
771
772
774
775
776
777
778
779
782
783
784
785
786
789
790
794
795
796
797
798
799
800
802
803
807
808
809
810
812
815
816
817
818
819
820
821
822
823
824
825
826
827
828
829
830
831
834
837
838
841
842
843
844
845
846
847
848
849
850
851
852
853
854
855
856
857
858
859
860
861
863
866
867
868
869
871
872