1
2
3
4
5
6
7
8
9
10
11
12
13
14
15
16
17
18
20
21
22
23
25
27
28
29
31
32
33
34
37
40
41
42
43
46
47
48
49
53
54
55
56
57
60
61
62
63
64
65
66
67
70
71
72
75
76
77
80
81
82
86
87
89
90
91
92
93
95
98
99
100
101
102
103
105
106
108
109
110
111
115
116
117
118
119
120
121
122
125
126
127
128
129
130
131
132
133
134
136
137
138
139
140
145
146
147
148
149
150
151
152
153
154
156
157
160
161
162
163
164
165
166
171
172
173
174
175
176
177
178
180
181
183
184
187
188
189
192
193
194
197
198
199
202
203
204
207
208
209
210
211
212
213
214
216
217
218
220
224
225
226
227
228
229
231
234
235
236
237
238
239
241
242
244
245
249
250
251
252
253
254
255
258
259
260
261
262
263
264
265
266
267
269
272
273
274
275
276
277
278
279
280
281
282
284
285
288
291
292
293
294
295
296
297
298
300
301
302
305
306
307
310
311
312
315
316
317
320
321
322
323
324
325
326
327
329
330
331
335
336
337
338
340
343
344
345
346
347
349
350
354
355
356
357
358
361
362
363
364
365
366
367
368
369
373
374
375
376
377
378
379
380
381
382
383
384
389
390
391
392
393
394
395
396
398
399
402
403
404
407
408
409
412
413
414
415
416
417
418
419
421
425
426
427
428
429
431
434
435
436
437
438
440
441
443
444
445
446
450
451
452
453
454
455
458
459
460
461
462
463
464
465
466
468
469
470
471
472
477
478
479
480
481
482
483
484
485
486
487
488
489
491
492
493
494
499
500
501
502
503
504
505
506
508
509
511
512
515
516
517
520
521
522
525
526
527
530
531
532
533
534
535
536
537
538
539
540
543
547
548
549
550
552
555
556
557
558
559
560
562
563
567
568
569
570
571
574
575
576
577
578
579
580
581
582
586
587
588
589
590
591
592
593
594
595
596
597
602
603
604
605
606
607
608
609
611
612
615
616
617
620
621
622
625
626
627
628
629
630
631
632
634
638
640
641
642
646
649
650
653
654
657
658
661
662
665
666
669
670
673
674
677
678
681
682
685
686
687
690
691
692
695
696
697
698
699
702
703
704
705
706
707
708
709
710
711
712
713
714
715
716
717
718
719
720
721
722
723
724
726
727
731
732
733
734
735
736
737
738
739
740
741
742
743
744
745