1
2
3
4
5
6
7
8
9
10
11
12
13
14
15
16
17
19
21
22
23
24
25
26
27
28
29
30
31
32
33
34
35
36
38
39
40
41
42
43
44
45
46
47
48
49
50
51
52
53
54
55
56
57
58
59
60
61
62
63
64
65
66
67
68
69
70
71
72
73
74
75
76
77
78
79
80
81
82
83
84
85
86
87
88
89
90
91
92
93
94
95
96
97
98
99
100
101
102
103
104
105
106
107
108
109
110
111
113
115
116
118
120
121
123
124
125
126
127
128
130
131
132
134
135
136
137
139
140
141
142
144
145
146
147
148
149
150
151
152
153
156
157
158
159
160
163
164
165
166
167
168
171
172
173
174
175
176
177
178
179
180
181
182
184
186
191
192
195
196
197
198
199
200
201
202
203
204
205
206
208
209
213
214
217
218
219
220
221
223
224
225
226
227
228
229
230
231
232
233
234
235
236
237
238
239
240
241
245
246
247
248
249
250
251
252
253
254
256
257
261
262
264
265
268
269
270
271
272
273
274
275
276
277
278
279
280
284
285
286
288
289
292
293
294
295
296
299
300
301
302
303
306
307
308
311
312
313
314
317
319
322
323
324
325
326
329
330
331
335
336
337
338
339
340
341
342
345
346
347
348
349
350
351
352
354
355
356
357
358
359
360
363
364
367
368
371
372
376
377
378
379
383
384
385
386
387
391
392
393
394
395
396
397
398
399
400
402
403
405
406
407
410
411
413
415
416
417
418
419
420
422
423
424
425
426
428
429
430
431
432
434
435
436
437
438
439
441
442
443
444
446
447
450
452
453
454
456
458
459
461
463
464
466
467
468
469
471
472
473
474
476
477
480
481
482
485
486
488
489
490
491
492
493
494
495
497
498
499
500
504
506
507
508
509
510
511
514
515
516
517
518
521
522
523
524
525
526
527
528
532
533
534
535
536
537
538
539
540
541
542
543
544
545
546
547
548
549
550
551
555
556
558
559
560
561
562
563
564
568
569
570
577
579
580
582
583
584
585
586
587
588
589
590
592
593
594
595
601
602
603
604
605
607
608
609
610
611
612
613
614
615
616
617
618
619
621
622
623
626
627
628
629
630
631
633
634
635
636
637
638
639
641
642
644
645
646
647
649
650
656
657
658
659
660
661
662
663
664
665
666
667
668
669
670
671
672
674
678
679
680
681
682
683
684
685
686
687
688
689
691
698
699
700
701
702
705
706
707
708
709
710
711
712
713
714
715
716
717
719
720
721
723
725
726
727
728
729
732
733
734
737
738
740
741
743
744
747
748
749
750
751
752
753
754
755
756
757
758
759
760
761
762
763
764
765
769
770
772
775
776
777
778
779
780
781
782
783
785
786
787
788
791
793
794
795
796
797
798
799
800
804
805
806
807
808
809
810
812
813
814
817
818
819
823
824
827
828
829
831
833
834
835
836
837
838
842
844
845
846
847
850
851
852
853
854
855
856
857
858
859
860
861
862
863
864
865
866
870
871
872
873
874
875
876
877
879
880
882
884
887
888
889
890
892
893
894
896
897
898
900
901
902
903
904
905
906
907
908
909
911
912
913
914
915
916
917
918
919
921
922
923
924
925
926
927
929
930
931
932
933
934
937
938
939
941
943
944
945
946
948
949
952
953
954
955
956
957
958
959
961
962
963
964
965
966
967
970
971
972
973
975
976
977
979
980
981
984
985
987
988
989
990
991
992
993
994
995
996
998
999
1001
1002
1004
1005
1007
1008
1012
1013
1014
1015
1016
1020
1021
1022
1023
1024
1027
1028
1030
1031
1033
1034
1035
1036
1038
1039
1040
1041
1042
1043
1044
1047
1050
1051
1052
1053
1054
1055
1056
1057
1058
1059
1060
1061
1062
1063
1064
1065
1067
1070
1071
1072
1073
1074
1075
1078
1079
1080
1081
1082
1083
1084
1085
1086
1087
1088
1089
1090
1091
1092
1093
1094
1098
1099
1100
1102
1103
1105
1106
1108
1109
1111
1112
1114
1116
1117
1119
1121
1122
1123
1124
1126
1128
1129
1131
1132
1133
1135
1137
1138
1139
1141
1142
1144
1149
1150
1151
1153
1154
1155
1156
1158
1160
1161
1162
1163
1164
1166
1167
1169
1170
1172
1173
1174
1176
1177
1178
1179
1180
1181
1184
1185
1186
1187
1188
1189
1190
1191
1192
1195
1196
1197
1198
1199
1200
1202
1203
1204
1205
1206
1208
1209
1210
1211
1213
1214
1215
1216
1217
1218
1220
1221
1222
1224
1226
1227
1228
1229
1230
1232
1234
1236
1237
1238
1239
1240
1242
1243
1244
1245
1249
1250
1251
1252
1255
1256
1257
1258
1263
1265
1266
1267
1269
1270
1271
1272
1273
1274
1275
1279
1280
1283
1284
1285
1286
1287
1289
1291
1292
1293
1295
1296
1297
1299
1304
1305
1306
1307
1309
1310
1311
1312
1313
1314
1315
1317
1318
1319
1320
1321
1322
1323
1324
1325
1326
1328
1329
1331
1333
1334
1335
1336
1337
1338
1339
1341
1344
1346
1347
1348
1349
1352
1354
1356
1357
1358
1359
1360
1361
1362
1364
1365
1366
1367
1371
1372
1373
1374
1375
1376
1377
1378
1379
1380
1381
1382
1383
1384
1385
1386
1387
1388
1390
1391
1393
1394
1396
1397
1398
1400
1401
1402
1403
1405
1406
1407
1409
1410
1411
1412
1413
1414
1416
1417
1420
1421
1422
1423
1424
1425
1426
1427
1428
1429
1430
1434
1437
1438
1439
1440
1441
1442
1443
1445
1446
1447
1448
1449
1450
1451
1455
1456
1457
1458
1459
1460
1463
1467
1468
1469
1470
1471
1474
1475
1477
1478
1481
1482
1484
1485
1486
1487
1488
1489
1493
1494
1495
1496
1497
1498
1499
1500
1503
1504
1505
1507
1508
1509
1510
1513
1514
1517
1520
1521
1524
1525
1529
1530
1531
1532
1533
1534
1535
1536
1537
1541
1542
1544
1545
1546
1547
1548
1551
1552
1553
1554
1557
1560
1561
1562
1565
1566
1567
1568
1569
1570
1575
1576