1
2
3
4
5
6
7
8
9
10
11
12
13
14
15
16
17
19
21
22
23
24
25
26
27
28
29
30
32
33
34
35
36
37
38
39
40
41
42
43
44
45
46
47
48
49
50
51
52
53
54
55
56
57
59
61
63
64
66
67
68
69
70
72
73
74
75
76
77
78
79
80
81
82
83
84
85
87
88
92
93
94
95
96
97
98
99
102
103
104
105
106
107
108
109
112
113
116
117
120
121
124
125
129
130
133
134
138
141
142
143
144
145
146
150
151
152
153
154
155
156
159
160
161
162
163
164
165
166
167
168
169
170
171
172
173
179
180
181
182
183
184
185
186
187
188
189
190
192
193
194
200
201
202
203
204
206
207
208
209
210
211
213
216
217
218
219
220
221
222
223
224
225
226
227
228
229
230
231
232
233
235
236
237
238
241
242
243
244
245
246
247
250
251
253
254
256
257
258
259
260
261
262
263
265
268
269
270
271
272
273
274
275
277
280
281
282
285
286
287
288
289
290
291
292
293
294
297
298
299
300
303
305
306
307
308
310
312
314
315
316
317
318
319
320
321
323
328
332
333
334
335
336
337
338
340
341
342
343
344
345
350
351
352
353
354
355
356
357
358
359
360
363
364
365
369
370
371
374
376
377
378
379
380
381
382
383
384
385
386
387
388
390
394
395
397
398
399
400
405
406
408
409
411
412
413
415
416
419
420
423
424
425
426
427
428
429
430
431
432
434
435
436
437
441
442
443
444
445
446
447
449
450
453
454
457
458
459
462
463
466
467
468
473
474
475
476
477
478
479
481
482
483
484
489
490
491
492
493
496
497
498
499
500
501
502
504
505
506
508
512
513
515
517
518
519
520
521
524
525
526
529
531
533
534
535
537
538
539
540
541
543
544
545
546
550
552
553
554
555
556
557
558
559
560
561
562
563
564
566
567
568
569
570
571
573
574
578
579
582
586
587
588
590
591
592
593
594
596
597
598
601
602
603
604
605
606
610
611
612
613
614
617
620
621
622
623
624
625
628
630
631
632
633
634
635
636
637
638
641