1
2
3
4
5
6
7
8
9
10
11
12
13
14
15
16
17
19
21
22
23
24
25
26
28
29
30
31
32
33
34
35
36
37
38
39
40
41
42
43
44
45
46
47
48
49
50
51
52
53
54
55
56
57
58
60
61
62
64
66
67
69
70
71
72
73
74
77
78
79
82
84
85
86
87
88
89
90
91
92
93
94
96
97
98
99
100
101
103
104
105
106
107
110
111
112
113
116
117
119
120
121
124
125
126
129
130
131
134
136
137
138
139
140
143
144
145
146
147
148
150
151
152
155
157
158
160
161
162
164
165
166
168
169
170
171
172
174
175
176
177
179
180
181
182
183
186
187
188
189
192
193
195
197
198
199
200
201
203
205
206
207
210
211
213
214
216
217
219
220
221
222
223
224
225
228
229
230
231
233
234
235
236
237
238
240
241
242
244
245
247
248
249
253
256
257
258
262
263
264
267
269
270
271
272
274
275
276
277
278
279
280
281
284
285
286
289
290
291
294
295
296
297
300
301
302
303
304
305
306
308
309
310
311
312
314
315
317
318
322
323
325
327
328
329
330
332
333
334
335
336
337
338
339
343
344
345
346
347
348
350
351
356
357
359
362
363
364
367
368
369
372
373
374
377
378
379