1
2
3
4
5
6
7
8
9
10
11
12
13
14
15
16
17
19
21
22
23
25
26
27
28
29
31
32
33
34
35
36
37
39
40
41
42
43
46
47
48
49
51
52
53
54
56
57
58
59
61
62
63
64
66
67
68
69
70
72
73
74
75
76
78
79
82
83
86
87
90
91
94
95
98
99
102
103
106
107
110
111
114
115
118
119
122
123
126
127
128
129
132
133
134
135
136
137
138
139
142
143
144
145
146
147
148
151
152
153
154
155
156
157
158
161
162
163
164
165
166
167
170
171
172
173
174
175
176
179
180
181
182
183
184
185
186
187
188
191
192
193
194
195
196
197
198
200
201
204
205
206
207
208
209
210
211
215
216
217
218
219
222
223
224
225
226
227
230
231
234
235
238
241
242
243
244
245
248
249
250
251
252
255
256
257
258
259
260
263
264
265
266
267
268
269
270
271
272
276
277
278
279
280
281
282
285
286
287
288
289
293
294
295
296
297
298