1
2
3
4
5
6
7
8
9
10
11
12
13
14
15
16
17
19
21
22
24
25
26
27
28
29
30
31
32
33
34
35
36
37
38
39
40
41
42
43
44
45
46
47
48
50
51
52
54
56
57
59
60
61
62
63
64
67
68
69
72
74
75
76
77
78
79
80
81
82
83
84
86
87
88
89
90
91
93
94
95
96
97
100
101
102
103
106
107
109
110
111
114
115
116
119
120
121
124
126
127
128
129
130
133
134
135
136
137
138
140
141
142
145
146
148
149
150
151
153
154
155
156
157
160
161
162
163
166
167
169
170
171
173
174
175
176
177
179
181
182
183
186
187
189
190
192
193
195
196
197
198
199
200
201
204
205
206
207
209
210
211
212
213
214
216
217
218
220
221
223
224
225
229
232
233
236
237
238
241
242
243
246
247
248
251
252
253
256
257
258