1
2
3
4
5
6
7
8
9
10
11
12
13
14
15
16
17
19
21
22
23
24
25
26
28
29
30
31
32
33
34
35
36
37
38
39
40
41
42
43
44
45
46
47
48
49
50
51
52
53
54
55
56
57
58
59
60
62
63
65
66
67
68
70
71
72
73
74
75
76
77
80
81
82
83
84
85
88
89
90
91
92
93
94
95
100
101
103
104
105
106
107
108
109
112
113
114
115
116
117
118
122
123
124
125
127
129
130
131
132
133
134
135
136
140
141
142
143
144
145
148
149
150
153
154
156
157
158
159
160
161
165
166
167
168
169
170
171
173
174
175
176
177
178
179
180
183
185
186
187
188
189
192
193
194
195
197
198
199
201
202
205
206
207
208
211
212
213
214
218
219
220
221
222
223
226
227
228
229
230
231
233
234
235
236
237
238
239
240
241
242
243
244
245
246
250
253
254
255
256
257
258
259
261
262
263
264
265
266
267
269
273
274
276
277
279
280
284
285
286
287
288
289
290
291
295
296
297
299
300
303
305
306
307
308
310
312
313
314
315
318
319
320
321
324
325
326
327
328
329
330
331