1
2
3
4
5
6
7
8
9
10
11
12
13
14
15
16
17
19
21
22
23
24
25
27
29
30
31
32
33
34
35
36
37
38
39
40
41
42
43
44
46
47
48
49
50
51
52
53
54
55
56
57
58
59
60
61
62
63
64
66
67
69
70
71
72
73
74
75
76
77
78
79
80
81
82
83
84
85
87
88
89
90
95
96
97
100
101
102
103
104
105
106
107
108
109
110
111
113
117
118
119
120
121
124
125
126
128
129
130
131
132
133
134
135
136
137
139
140
143
146
147
148
149
152
153
154
156
157
158
159
160
161
165
166
167
168
169
170
171
173
176
177
178
179
180
183
184
185
186
188
189
190
191
192
193
194
195
196
197
198
199
200
202
203
205
206
207
208
209
210
211
215
216
217
218
219
221
222
225
226
229
232
233
234
235
236
237
238
239
240
241
242
243
244
245
246
247
248
251
253
254
255
256
257
258
263
264
265
266
267
268
270
271
274
276
277
278
279
280
281
282
283
284
286
289
290
294
295
296
297
298
299
300
301
303
305
306
307
308
309
310
311
312
315
316
318
319
320
321
324
325
326
329
330
332
333
337
338
339
340
341
342
343
344
346
347
351
352
355
356
359
360
361
362
363