1
2
3
4
5
6
7
8
9
10
11
12
13
14
15
16
17
18
20
21
22
23
24
25
27
28
29
30
32
33
34
35
36
37
39
40
41
42
43
44
46
47
48
49
51
52
54
57
58
61
62
65
66
69
70
73
74
77
78
81
82
85
86
89
90
93
94
97
98
101
102
106
109
110
111
112
114
115
116
117
118
119
121
122
123
124
125
126
127
128
129
131
135
138
139
140
141
142
143
144
146
147
148
149
151
155
156
157
158
159
161
162
164
165
166
167
168
171
172
173
174
175
176
177
178
179
180
181
183
184
185
186
187
188
189
190
192
196
197
199
200
202
203
204
205
206
207
208
209
210
211
212
213
214
215
216
218
221
222
223
224
225
226
228
229
230