1
2
3
4
5
6
7
8
9
10
11
12
13
14
15
16
17
19
21
22
23
24
25
26
27
28
29
31
32
33
34
35
36
37
38
39
40
41
42
43
44
45
46
47
48
49
50
51
52
53
54
55
56
57
58
59
60
61
62
63
64
65
66
67
69
70
71
72
74
75
77
78
81
82
83
84
85
86
87
88
90
91
92
93
94
95
96
97
98
100
101
102
103
105
106
107
109
110
112
113
115
116
117
118
119
121
122
124
125
126
127
128
129
130
131
132
135
136
138
143
144
145
146
147
148
149
150
151
152
153
154
155
156
158
160
163
164
165
166
167
168
169
170
171
172
173
176
177
178
179
180
181
184
185
186
187
188
189
190
191
198
199
201
202
203
204
205
206
207
208
211
212
213
214
215
216
217
218
219
220
221
222
224
225
229
230
231
232
233
234
235
236
237
238
240
241
243
244
245
247
248
249
250
251
252
253
254
255
256
257
258
259
260
261
264
265
266
268
269
270
271
272
273
279
280
281
282
283
284
285
286
288
289
291
292
293
294
295
296
297
298
299
300
301
302
303
306
307
308
309
310
311
312
313
314
317
318
319
320
322
325
326
327
328
329
330
331
332
336
337
338
340
342
343
344
347
348
349
350
351
352
353
354
355
356
357
358
359
360
361
362
364
365
369
370
371
372
374
375
378
379
380
382
383
384
385
386
387
388
390
392
393
395
396
397
400
402
403
404
405
406
407
408
409
410
412
413
416
417
418
419
423
424
425
427
430
431
432
433
434
438
439
440
443
444
445
446
447
448
449
450
451
452
453
454
455
456
457
458
460
461
462
463
464
465
466
467
468
469
470
471
472
473
474
475
476
477
478
479
482
483
484
485
490
491
492
493
494
495
496
497
498
499
500
501
502
503
506
507
508
512
513
517
518
519
520
521
522
523
526
527
528
529
530
531
535
538
539
540
543
544
545