1
2
3
4
5
6
7
8
9
10
11
12
13
14
15
16
17
19
21
22
24
25
26
27
28
29
30
31
32
33
34
35
36
37
38
39
41
42
44
45
46
48
49
50
51
52
53
55
57
58
59
62
63
66
67
70
71
74
75
78
79
82
83
86
87
90
91
94
95
98
99
102
103
104
105
107
108
111
112
115
116
119
120
122
123
125
126
129
132
133
134
135
136
138
139
141
142
144
145
148
149
150
154
155
156
157
158
159
160
161
162
163
164
165
166
168
169
171
172
174
175
177
178
180
181
183
184
185
187
188
190
191
193
194
196
197
199
200
202
203
205
206
208
209
212
213
216
217
218
221
222
223
225
227
228
230
231
233
234
236
237
241
242
244
245
247
248
252
253
254
255
256
257
258
259
261
262
265
266
269
270
273
274
277
278
281
282
285
286
289
290
293
294
297
298
301
302
305
306
309
310
313
314
317
318
322
323
325
326
329
330
332
333
334
338
339
341
343
344
346
350
351
354
355
357
358
359
363
364
366
367
368
369
372
373
376
377
381
382
384
385
386
388
389
392
393
397
399
400
401
402
403
404
405
407
408
411
412
415
416
419
420
423
424
427
428
431
432
435
436
439
440
441
444
445
448
449
452
453
456
457
460
461
464
465
470
472
473
474
475
477
478
480
481
483
484
488
489
491
492
495
496
499
502
503
505
507
508
509
511
512
515
516
517
520
521
525
527
529
531
532
533
536
537
540
542
543
545
546
547
548
550
551
554
555
558
559
562
563
566
567
570
571
574
575
576
579
580
584
586
587
588
589
591
592
595
596
597
598
599
600
603
604
607
608
611
612
615
616
619
620
623
624
627
628
631
632