1
2
3
4
5
6
7
8
9
10
11
12
13
14
15
16
17
19
21
22
23
24
25
26
27
28
30
31
32
33
34
35
36
37
38
39
40
41
42
45
46
47
48
49
51
52
54
55
57
60
61
62
63
66
67
68
69
70
72
73
76
77
78
79
80
82
84
85
86
87
88
91
94
95
96
100
101
103
105
106
108
109
110
111
112
114
116
118
119
122
124
126
127
128
129
131
133
135
138
139
141
142
143
145
146
147
148
151
154
155
157
158
159
161
162
163
165
166
167
170
173
174
175
178
179
181
182
183
184
185
186
187
188
189
192
193
194
195
198
199
200
203
204
205
206
207
208
209
210
211
212
213
214
216
217
221
222
223
227
228
229
230
231
232
233
234
235
236
238
240
241
242
246
247
248
249
250
251
252
253
254
255
257
258
259
263
264
265
266
267
268
272
273
276
277
278
279
281
284
285
286
287
288
290
292
295
296
297
298
301
302
303
304
306
307
308
309
310
311
312
313
314
315
316
320
321
324
325
326
327
329
330
331
332
333