1
2
3
4
5
6
7
8
9
10
11
12
13
14
15
16
17
19
20
22
23
24
25
26
27
28
29
30
31
32
33
34
36
37
38
39
40
41
42
43
44
45
46
47
48
49
50
51
52
53
54
55
56
57
59
60
61
62
63
64
65
66
67
69
70
71
72
74
75
76
77
79
80
81
82
84
85
86
87
89
90
91
92
93
94
95
96
97
98
99
100
101
102
103
105
106
107
108
109
111
112
113
114
116
118
120
122
124
126
127
129
130
131
132
133
135
137
139
140
141
142
144
145
146
147
148
149
150
151
154
155
158
159
162
163
166
167
170
171
172
173
174
178
179
180
182
185
186
189
190
193
194
195
196
197
198
199
200
201
205
206
208
209
212
213
216
217
220
221
222
224
227
228
231
232
235
236
237
238
239
241
242
243
244
245
246
249
250
251
252
253
254
255
257
259
260
261
262
263
264
268
269
270
271
272
273
277
278
279
280
281
282
283
284
285
286
289
292
293
294
295
296
297
298
299
301
302
303
304
305
306
307
308
309
310
314
315
316
319
320
321
322
323
326
327
328
329
330
331
332
335
336
337
338
339
340
341
344
345
346
347
348
349
350
351
352
353
354
355
356
357
359
360
362
363
366
367
368
371
372
373
376
377
378
381
382
383
386
387
388
391
392
393
396
397
398
399
402
403
406
407
408
410
413
414
417
418
419
423
425
426
427
428
429
430
431
433
436
437
438
439
441
442
443
444
445
446
448
449
450
451
452
456
457
458
459
460
461
462
463
464
465
466
467
468
469
473
474
475
476
477
478
479
480
481
482
483
487
488
489
490
491
492
494
497
498
499
500
501
502
503
504
507
508
512
513
514
515
516
517
518
522
523
527
528
529
532
533
537
539
540
544
546
548
549
550
553
554
555
556
557
560
561
562
564
567
568
570
571
572
575
576
577
578
579
580
583
585
586
587
588
589
592
593
595
598
599
602
603
604
605
606
608
611
612
613
614
615
616
617
618
621
622
623
624
625
626
627
628
630
631
633
634
635
636
637
638
639
640
641
642
645
646
649
652
653
654
656
657
658
661
664
665
666
668
669
670
671
672
673
674
675
678
682
683
684
685
687
691
692
693
695
698
699
702
703
706
707
710
711
714
715
718
719
722
723
726
727
730
731
734
735
738
739
742
743
746
747
748
750
753
754
757
758
761
762
763
766
769
770
773
774
775
777
780
781
784
785
786
787
788
789
790
792
793
797
798
799
800
801
803
804
805
806
807
808
809
810
811
814