1
2
3
4
5
6
7
8
9
10
11
12
13
14
15
16
17
19
21
22
24
25
26
27
28
29
30
31
32
33
35
36
37
38
39
41
42
43
44
45
46
47
49
50
51
52
53
56
57
58
59
61
62
63
64
65
70
71
72
73
74
75
76
78
79
80
81
82
85
86
87
88
90
91
92
93
94
99
100
101
102
103
104
105
107
108
109
110
111
114
115
116
117
119
120
121
122
123
128
129
130
131
132
133
134
136
137
138
139
140
143
144
145
146
148
149
150
151
152
157
158
159
160
161
162
163
165
166
167
168
169
172
173
174
175
177
178
179
180
181
186
187
188
189
190
191
192
194
195
196
197
198
201
202
203
204
206
207
208
209
210
215
216
217
218
219
220
221
223
224
225
226
227
230
231
232
233
235
236
237
238
239
244
245
246
247
249
250
251
252
253
256
257
258
260
261
265
266
267
268
270
271
272
273
274
277
278
279
281
282
286
288
289
290
292
293
294
295
296
299
300
301
302
305
306
307
308
309
314
316
317
318
320
321
322
323
324
327
328
329
330
333
334
339
340
341
342
343
344
345
347
348
350
351
352
355
356
357
360
361
362
363
364
365
366
367
368
369
370
371
372
373
374
375
376
377
378
379
380
381
382
383
384
385
386
387
388
389
390
391
392
393
394
395
396
397
399
400
401
402
403
404
405
407
408
409
410
411
412
413
414
415
416
417
418
419
420
421
422
427
428
429
430
431
433
434
435
438
439
440
445
447
448
449
451
452
453
454
455
457
458
459
460
461
462
463
464
467
468
469
470
471
472
473
474
475