1
2
3
4
5
6
7
8
9
10
11
12
13
14
15
16
17
19
21
22
23
24
25
26
28
29
30
31
32
33
34
35
36
37
38
39
40
41
42
43
44
45
46
47
48
49
50
51
52
53
54
56
57
58
59
60
62
63
64
65
66
67
69
71
74
75
76
77
79
80
81
83
84
85
88
89
90
91
94
95
98
99
102
103
106
107
110
111
114
115
116
119
120
123
124
127
128
131
132
133
136
137
138
139
140
141
144
147
148
149
150
151
152
153
154
155
156
157
158
159
160
161
162
163
164
165
166
168
169
173
174
175
178
179
180
183
184
185
186
188
189
190
191
192
193
194
195
196
197
198
199
200
204
205
206
208
209
210
211
212
213
214
215
216
217
218
219
223
224
225
227
228
229
230
231
232
233
234
235
236
237
238
242
243
244
246
247
248
249
250
251
252
253
254
255
256
257
258
262
263
264
265
267
268
269
270
271
272
273
274
275
276
277
278
279
283
284
285
287
288
289
290
291
292
293
294
295
296
297
298
302
303
304
306
307
308
309
310
311
312
313
314
315
316
317
318
322
323
324
326
327
328
329
330
331
332
333
334
335
336
337
338
342
343
344
345
346
347
348
349
350
351
353
354
355
357
358
359
360
362
363
364
365
366
370
371
374
375
377
378
381
382
383
384
385
386
387
391
392
393
394
395
396
397
398
402
403
404
405
406
407
408
412
413
414
415
416
417
418
419
420
424
425
426
427
428
429
430
434
435