1
2
3
4
5
6
7
8
9
10
11
12
13
14
15
16
17
19
20
21
22
23
25
26
27
28
29
30
31
32
33
34
35
36
37
38
39
40
41
43
44
45
46
47
48
49
51
53
55
56
57
58
59
60
61
62
63
64
65
66
67
69
74
75
77
78
81
82
83
84
88
89
90
91
92
93
94
95
96
97
98
99
100
101
105
106
107
108
109
114
115
116
117
118
119
121
122
125
126
129
130
131
135
136
137
138
139
140
145
146
147
148
149
150
151
152
153
154
156
157
160
161
166
167
168
169
170
171
172
173
174
175
179
180
181
182
183
184
185
186
187
188
192
193
194
195
196
197
198
199
200
201
205
206
207
208
209
212
215
216
217
218
219
222
225
226
227
228
229
230
231
232
233
234
235
241
244
245
246
247
248
249
250
251
252
253
254
260
263
264
265
266
267
268
269
270
271
272
273
279
282
283
284
285
286
287
288
289
290
291
292
298
301
302
303
304
305
306
307
311
314
315
316
317
318
319
320
324
327
328
329
331
334
335
336
338
341
342
343
344
345
346
347
348
349
350
354
355
356
359
362
363
364
365
366
367
368
369
370
374
376
379
380
381
382
383
384
385
386
387
390
392
395
396
397
398
399
400
401
402
403
407
409
412
413
414
415
416
417
418
419
420
421
426
429
430
431
432
433
434
435
436
437
438
443
446
447
448
449
450
451
452
453
454
455
460
463
464
465
466
467
468
469
470
471
475
477
480
481
484
485
488
489
492
493
496
497
500
501
504
505
508
509
512
513
516
517
520
521
524
525
528
529
532
533