1
2
3
4
5
6
7
8
9
10
11
12
13
14
15
16
17
19
20
21
22
23
25
26
27
28
29
30
31
32
33
34
35
36
37
38
39
40
41
42
43
44
45
46
48
49
50
51
52
53
54
55
56
58
59
60
61
62
63
64
65
66
67
68
69
70
71
72
74
77
78
81
82
83
84
86
87
88
89
94
95
98
99
100
102
103
105
106
107
108
110
113
114
115
119
121
122
123
124
128
129
130
134
135
136
137
138
139
140
141
145
146
147
148
149
150
151
152
153
154
155
156
157
158
159
160
161
162
163
164
166
167
168
169
170
173
174
175
177
178
179
180
181
182
183
184
185
186
187
188
189
190
191
192
196
197
198
201
202
203
204
205
207
208
209
210
211
212
213
214
215
216
217
218
221
222
226
227
228
231
232
233
234
235
238
239
240
241
242
245
246
247
248
249
252
253
254
255
256
259
260
261
262
263
266
267
268
269
270
273
274
275
276
277
280
281
282
283
284
287
288
289
290