1
2
3
4
5
6
7
8
9
10
11
12
13
14
15
16
17
19
20
21
22
24
26
27
28
29
30
31
32
33
34
35
36
38
39
40
41
43
44
45
47
48
49
52
53
56
57
60
61
64
65
68
69
72
73
76
77
80
81
84
85
88
89
92
93
96
97
100
101
104
105
108
109
112
113
117
118
121
122
125
126
129
130
134
135
138
139
142
143
146
147
150
151
154
155
158
159
162
163
166
167
170
171
174
175
178
179
182
183
186
187
190
191
194
195
198
199
202
203
204
205
208
209
210
211
214
215
216
217
220
221
222
223
226
227
230
231
234
235
236
239
240
241
244
245
246
247
248
249
250
251
252
253
254
255
256
257
258
259
260
261
263
266
267
268
269
270
271
272
273
276
277
278
279
280
281
282
283
284
286
289
290
291
292
293
294
295
296
297
298
301
302
304
305
306
307
309
310
312
313
314
315
316
318
319