1
2
3
4
5
6
7
8
9
10
11
12
13
14
15
16
17
19
20
21
22
23
24
25
26
27
28
29
30
31
32
33
34
35
36
37
38
39
40
41
42
43
44
45
46
47
48
49
50
51
52
53
54
55
56
57
58
59
60
61
62
63
64
65
66
67
68
69
70
71
72
73
74
75
76
77
78
79
80
81
82
83
84
85
86
87
88
89
90
91
92
93
95
96
97
98
100
101
103
105
106
107
108
109
110
111
112
113
114
115
116
117
119
120
121
122
123
124
125
126
127
128
129
130
131
132
133
134
135
136
137
138
139
140
141
142
143
144
145
146
147
148
149
151
154
155
156
157
158
159
160
161
162
163
164
165
166
167
168
169
171
172
173
175
176
177
178
179
180
181
183
184
188
189
190
191
192
193
197
200
201
202
203
204
205
206
207
211
212
213
214
215
216
217
218
219
220
221
226
227
228
229
231
235
236
237
238
239
240
241
242
243
244
245
246
248
252
253
254
255
256
257
259
260
261
262
263
264
265
267
268
269
270
273
274
275
276
277
278
279
280
281
283
284
285
287
288
289
290
291
292
293
294
295
300
301
302
303
304
305
306
307
308
309
311
312
313
316
317
318
320
322
323
324
325
326
327
329
331
334
335
338
339
340
343
344
345
346
349
350
351
354
355
358
359
360
361
362
364
365
367
368
369
370
372
375
376
377
378
379
382
383
384
385
386
388
389
391
392
393
394
396
397
398
399
400
401
402
403
404
405
409
410
411
412
413
414
417
418
419
420
421
422
425
426
427
428
429
430
433
434
435
436
437
440
441
442
443
444
447
448
449
450
451
454
455
456
457
460
461
464
465
466
467
470
471
472
473
474
476
479
480
481
482
483
485
488
489
490
491
492
493
494
496
498
499
500
501
502
503
504
507
510
511
512
513
514
515
516
518
520
521
522
524
525
526
529
530
531
532
533
534
535
536
537
539
540
541
542
543
544
545
548
551
552
553
554
555
556
557
559
561
562
563
565
566
567
570
571
572
573
574
575
576
577
578
579
580
583
586
587
588
589
590
591
593
594
595
596
597
598
599
600
601
602
605
606
607
608
609
610
613
614
615
618
619
620
621
622
624
625
626
629
631
632
633
634
635
636
637
639
642
643
644
645
646
647
648
649
650
651
652
656
658
659
660
661
662
663
664
665
666
667
668
669
670
671
672
673
674
675
676
678
679
680
681
682
683
685
686
687
688
689
691
694
695
696
697
698
699
701
702
703
704
705
706
707
710
711
712
713
714
715
716
718
720
721
722
723
726
727
728
729
730
731
732
737
740
741
742
745
746
749
750
751
752
753
754
758
759
760
761
762
763
764
765
767
768
769
770
773
774
775
776
777
778
779
785
786
787
788
789
790
791
793
795
796
797
798
799
800
803
807
808
809
810
811
812
813
814
817
819
822
823
824
825
826
828
830
831
833
835
836
837
839
840
844
845
846
847
848
851
852
855
856
859
860
863
864
865
866
867
868
869
870
871
873
875
876
877
879
880
881
882
883
884
885
886
887
888
889
890
894
895
896
897
898
899
902
903
904
908
909
910
911
913
914
915
916
917
920
921
922
923
924
925
926
927
928
929
930
933
937
938
939
942
943
944
945
946
947
948
950
951
955
956
959
960
961
962
963
966
967
970
972
973
974
975
976
977
978
979
980
981
982
986
988
989
990
992
994
995
996
997
998
999
1000
1001
1002
1006
1007
1010
1013
1014
1015
1016
1017
1020
1021
1022
1023
1024
1027
1028
1029
1030
1031
1034
1035
1036
1037
1038
1039
1040
1041
1045
1046
1047
1048
1049
1052
1053
1054
1055
1056
1059
1060
1061
1062
1063
1066
1067
1068
1069
1070
1071
1075
1076
1077
1078
1079
1082
1083
1084
1085
1086
1089
1090
1091
1092
1093
1096
1097
1098
1099
1100
1103
1104
1105
1106
1107
1110
1111
1112
1113
1114
1117
1118
1119
1120
1121
1124
1125
1128
1129
1132
1133
1134
1135
1136
1139
1140
1143
1144
1145
1146
1147
1148
1149
1150
1151
1152
1154
1155
1156
1157
1158
1159
1160
1161
1162
1163
1164
1165
1166
1167
1168
1169
1170
1171
1172
1173
1174
1175
1177
1178
1179
1180
1183
1184
1185
1187
1188
1189
1191
1192
1193
1196
1199
1200
1201
1204
1205
1206
1207
1208
1209
1213
1214
1217
1218
1219
1220
1221
1223
1225
1228
1229
1230
1231
1232
1233
1234
1235
1236
1237
1238
1239
1240
1241
1242
1243
1246
1248
1249
1251
1254
1255
1256
1260
1261
1262
1263
1264
1265
1266
1267
1268
1269
1270
1271
1272
1273
1274
1275
1280
1283
1286
1287
1288
1292
1293
1296
1297
1298
1299
1301
1304
1305
1308
1309
1310
1312
1315
1316
1319
1320
1323
1324
1325
1326
1327
1328
1329
1331
1332
1335
1336
1339
1340
1343
1344
1347
1348
1351
1352
1355
1356
1359
1360