1
2
3
4
5
6
7
8
9
10
11
12
13
14
15
16
17
19
20
21
22
23
24
26
27
28
29
30
31
32
33
34
35
36
37
38
40
41
42
43
44
47
48
49
50
51
54
55
56
57
58
61
62
63
64
65
68
69
70
71
72
75
76
77
78
79
82
83
84
85
86
89
90
91
92
93
94
97
98
99
100
101
104
105
106
107
108
111
112
113
114
115
118
119
120
121
122
125
126
127
128
129
132
133
134
135
136
139
140
141
142
143
146
147
148
149
150
153
154
155
156
157
160
161
162
163
164
167
168
169
170
171
174
175
176
177
178
181
182
183
184
185
188
189
190
191
192
195
196
197
198
199
202
203
204
205
206
209
210
211
212
213
214
216
219
220
221
222
223