1
2
3
4
5
6
7
8
9
10
11
12
13
14
15
16
17
19
20
21
22
23
25
26
28
29
30
31
32
33
34
35
36
37
38
39
40
41
42
44
45
46
47
48
50
52
53
55
56
57
58
59
60
61
62
63
64
65
66
67
68
70
73
74
75
76
77
78
79
86
87
88
89
90
93
94
95
96
97
98
99
100
101
102
103
104
105
106
107
108
109
110
113
114
117
118
121
122
123
124
125
126
127
128
130
133
134
135
137
140
141
144
145
146
147
148
151
154
155
156
157
158
159
160
161
162
163
166
167
170
171
174
175
176
177
178
181
182
185
186
187
188
189
190
193
195
197
198
199
200
201
202
204
205
206
207
208
209
210
211
212
213
214
215
216
220
221
222
223
224
225
229
230
233
234
235
239
240
242
243
244
245
247
248
249
252
255
256
257
258
260
261
262
264
265
268
269
270
272
273
276
277
278
279
280
281
282
283
286
287
288
290
291
293
296
297
298
300
303
304
305
307
310
311
314
315
318
319
322
323
324
325
328
331
332
335
336
339
340
343
344
345
346
347
350
353
354
357
358
359
360
362
365
366
369
370
373
374
375
376
377
380
381
382
383
384
387
388
389
390
391
394
395
398
399