1
2
3
4
5
6
7
8
9
10
11
12
13
14
15
16
18
20
21
22
23
24
25
27
28
29
30
31
32
33
34
35
36
37
38
39
40
42
43
44
45
46
47
48
49
50
51
52
53
54
55
56
57
58
59
60
61
62
63
65
66
67
69
70
71
73
74
76
77
78
79
82
83
84
85
86
88
89
92
93
94
95
96
98
99
100
103
104
105
108
109
110
111
114
115
116
119
120
123
124
127
128
129
130
131
132
133
134
135
136
137
138
139
140
141
142
143
144
146
147
148
149
150
152
153
154
155
156
157
158
159
160
161
162
163
164
165
167
168
169
170
171
172
173
174
175
178
181
182
185
186
189
190
193
194
197
198
199
201
202
203
205
206
207
208
209
210
211
213
214
215
216
217
219
220
221
222
223
224
225
226
227
228
230
234
235
236
238
239
240
241
242
243
244
247
248
249
250
252
254
257
258
261
262
265
266
267
268
271
272
273
274
277
278
279
280
281
282
283
284
288
289
290
291
292
293
294
295
299
300
303
304
307
308
311
312
315
316
319
320
323
324
327
328
331
332
335
336
339
340
343
344
347
348
351
352
355
356
359
360
363
364
367
368
371
372
375
376
378
379
382
383
386
387
390
394
395
398
399
402
403
404
408
409
412
413
416
417
418