1
2
3
4
5
6
7
8
9
10
11
12
13
14
15
16
17
19
20
21
22
23
24
25
27
28
29
30
31
33
34
35
36
37
38
39
41
42
44
45
46
48
49
50
52
53
54
56
57
58
59
61
62
63
65
66
67
68
69
71
72
75
76
77
79
80
81
82
85
86
90
91
94
95
96
97
98
99
102
103
107
108
111
112
113
116
117
118
119
121
124
125
126
128
129
130
131
133
134
135
136
137
142
143
144
148
151
152
153
154
156
158
159
160
162
163
164
168
169
170
173
176
177
178
179
180
181
182
183
184
185
186
187
190
191
192
193
194
195
196
197
198
200
201
205
206
209
211
215
216
217
218
219
220
221
222
224
225
227
228
229
230
233
234
235
236
241
242
243
244
248
249
250
252
253
255
256
259
260
261
262
263
264
265
266
267
268
269
271
272
273
278
279
280
281
282
283
284
285
286
287
288
289
290
291
292
293
300
301
302
303
304
305