1
2
3
4
5
6
7
8
9
10
11
12
13
14
15
16
17
19
20
21
22
23
24
25
26
28
29
30
32
33
34
35
36
37
38
39
40
41
42
43
45
46
47
48
50
51
52
53
55
56
59
60
64
65
66
67
68
69
71
74
75
78
79
82
83
86
87
88
89
90
93
94
95
96
97
100
101
102
103
104
107
108
109
110
111
114
115
118
119
120
121
122
125
126
127
128
129
130
133
134
137
138
139
140
141
144
145
146
147
148
149
152
153
156
157
160
161
164
165
166
167
168
169
170
171
172
173
174
175
176
178
179
180
181
185
186
187
189
192
193
196
197
200
201
204
205
206
208
211
212
215
216
219
220
223
224
227
228
231
232
233
236
237
238
239
240
241
242
243
248
249
250
253
254
255
256
257
258
259
265
266
267
268
269
270
271