1
2
3
4
5
6
7
8
9
10
11
12
13
14
15
16
17
19
20
21
22
23
24
25
26
27
28
29
30
31
32
33
34
36
37
38
39
40
42
43
44
45
46
47
48
49
50
51
52
53
54
55
56
57
58
59
60
61
62
63
64
65
66
67
68
69
70
71
72
73
74
75
76
77
78
79
80
81
82
83
84
85
86
87
88
89
90
91
92
93
94
95
97
98
99
100
101
102
103
104
105
106
107
108
110
111
113
114
115
116
117
118
119
120
121
122
123
124
125
126
127
128
129
130
131
132
133
134
135
136
137
138
139
140
141
142
143
144
145
146
147
148
149
150
151
152
153
154
155
156
157
158
159
160
161
162
163
164
165
166
167
168
169
170
171
172
173
174
175
176
177
178
179
180
181
182
183
185
186
187
188
189
190
192
195
196
197
200
201
202
203
204
205
206
207
210
211
212
213
214
215
216
217
220
221
222
223
224
225
226
227
230
231
232
233
234
235
236
238
240
243
244
245
246
247
248
249
250
251
252
253
255
259
260
261
262
263
264
265
266
269
270
271
272
273
274
275
276
279
280
281
282
283
284
285
286
287
289
290
293
294
295
296
297
298
299
300
301
302
303
306
307
308
309
310
311
312
313
314
315
316
318
319
320
321
322
323
324
325
326
327
329
332
336
337
338
340
343
344
345
346
347
348
349
350
352
355
356
357
358
359
360
362
365
366
367
368
369
371
374
375
376
378
381
382
383
384
385
388
389
390
391
392
395
396
397
398
399
402
403
404
405
406
407
408
410
411
412
413
414
415
416
421
422
425
426
427
428
429
430
431
432
434
435
438
440
441
442
443
448
452
453
454
455
456
458
460
462
464
465
468
469
471
472
473
474
475
476
479
480
483
484
487
488
489
490
491
492
493
494
495
497
501
502
503
505
506
507
508
509
510
513
514
515
516
517
518
519
520
521
523
524
526
527
528
529
530
531
532
533
534
538
540
541
542
543
544
545
546
547
548
552
555
556
557
558
559
560
561
562
563
564
569
570
572
573
574
575
576
577
578
579
581
584
585
586
587
588
589
590
591
592
594
597
598
601
602
605
606
607
608
609
610
611
612
614
615
616
618
622
623
624
626
629
630
631
633
636
637
638
641
642
643
644
645
646
647
648
651
652
653
654
655
656
657
658
661
662
663
664
665
666
668
671
672
673
674
675
678
679
682
683
686
687
690
691
692
693
694
697
698
701
702
703
704
705
708
709
710
711
712
713
714
715
717
718
719
720
724
725
726
728
729
732
733
734
735
736
737
738
739
740
741
742
743
744
747
750
751
752
753
754
755
757
758
761
762
763
764
765
766
767
768
769
770
771
772
773
776
779
780
781
782
783
784
786
787
790
791
792
793
794
796
799
800
801
802
803
804
805
806
810
811
812
814
817
818
821
822
823
825
828
829
832
833
836
837
840
841
842
843
844
847
848
849
850
851
852
855
856
857
859
862
863
864
865
866
869
870
871
873
876
877
880
881
882
883
886
889
890
893
894
897
898
899
900
903
906
907
910
911
914
915
916
917
918
921
922
923
924
925
928
929
932
933
934
935
936
937
938
939
940
945
946
947
948
949
950
953
954
957
958
961
962
963
964
965
966
969
970
973
974
975
976
977
978
979
982
983
986
987
988
989
990
991
994
995
998
999
1000
1001
1002
1003
1004
1005
1006
1007
1011
1012
1015
1016
1019
1020
1021
1022
1023
1024
1025
1026
1027
1028
1032
1033
1034
1035
1036
1037
1038
1039
1043
1044
1047
1048
1049
1050
1051
1052
1055
1056
1059
1060
1061
1062
1063
1064
1067
1068
1071
1072
1073
1074
1075
1076
1079
1080
1081
1082
1083
1084
1085
1088
1089
1092
1093
1094
1095
1096
1097
1100
1101
1102
1103
1104
1105
1108
1111
1112
1115
1116
1117
1118
1119
1122
1123
1124
1125
1126
1129
1130
1133
1134
1137
1138
1141
1142
1143
1144
1145
1146
1147
1148
1151
1152
1155
1156
1159
1160
1161
1162
1163
1164
1165
1166
1169
1170
1171
1172
1173
1176
1177
1180
1181
1182
1183
1184
1187
1188
1189
1190
1191
1193
1194
1197
1198
1199
1200
1201
1202
1203
1204
1205
1206
1207
1208
1213
1214
1215
1217
1218
1219
1222
1225
1226
1227
1228
1229
1232
1233
1236
1237
1240
1241
1242
1243
1244
1247
1248
1249
1250
1251
1252
1253
1257
1258
1259
1260
1261
1264
1265
1266
1267
1268
1271
1272
1273
1274
1275
1278
1279
1282
1283
1286
1287
1290
1291
1294
1295
1298
1299
1302
1303
1304
1307
1308
1311
1312
1314
1315
1318
1319
1322
1323
1326
1327
1330
1331
1334
1335
1338
1339
1342
1343
1344
1347
1348
1351
1352
1354
1355
1356
1357
1358
1359
1360
1361
1362
1363
1364
1365
1366
1367
1368
1371
1372
1373
1374
1378
1379
1380
1383
1384
1385
1386
1389
1390
1391
1392
1393
1398
1400
1401
1402
1403
1406
1407
1408
1411
1412
1413
1416
1417
1418
1422
1423
1424
1426
1427
1428
1429
1430
1431
1432
1433
1434
1437
1440
1441
1442
1443
1444
1445
1447
1448
1450
1451
1457
1458
1459
1460
1461
1462
1463
1466
1467
1468
1469
1475
1476
1477
1480
1481
1482
1483
1484
1485
1486
1487
1488
1489
1490
1495
1496
1497
1500
1501
1502
1503
1504
1505
1506
1507
1509
1510
1516
1517
1518
1519
1520
1521
1522
1523
1524
1525
1526
1531
1532
1533
1534
1535
1536
1538
1539
1540
1541
1546
1547
1548
1549
1550
1551
1552
1553
1554
1555
1556
1561
1562
1563
1564
1565
1566
1567
1568
1569
1570
1572
1573
1574
1575
1576
1577
1580
1584
1586
1587
1588
1589
1590
1591
1592
1593
1594
1598
1602
1603
1604
1605
1606
1607
1608
1609
1610
1612
1614
1615
1616
1618
1621
1622
1623
1624
1625
1626
1627
1628
1630
1632
1633
1634
1636
1639
1640
1641
1642
1643
1644
1645
1646
1647
1648
1649
1650
1652
1653
1654
1656
1657
1658
1661
1662
1663
1664
1665
1666
1667
1668
1669
1671
1672
1673
1675
1676
1678
1679
1680
1681
1684
1687
1688
1689
1690
1691
1695
1696
1697
1698
1699
1700
1703
1704
1705
1706
1707
1711
1712
1713
1716
1717
1718
1719
1720
1721
1722
1723
1725
1728
1729
1730
1731
1732
1735
1739
1740
1741
1742
1743
1744
1749
1750
1751
1752
1753
1754
1755
1756
1757
1758
1759
1760
1762
1763
1765
1766
1770
1771
1772
1773
1774
1778
1779
1780
1781
1782
1783
1785
1786
1787
1792
1793
1794
1795
1796
1797
1798
1799
1800
1802
1805
1806
1807
1808
1809
1810
1811
1812
1813
1814
1815
1818
1819
1820
1821
1822
1826
1827
1831
1832
1833
1834
1835
1836
1837
1838
1839
1841
1842
1843
1844
1847
1848
1849
1850
1851
1853
1854
1855
1856
1857
1858
1859
1861
1862
1863
1864
1865
1866
1869
1870
1871
1874
1875
1876
1878
1879
1880
1885
1886
1887
1888
1889
1892
1893
1896
1898
1900
1903
1904
1905
1906
1907
1908
1912
1913
1914
1915
1916
1917
1918
1920
1921
1922
1923
1928
1929
1930
1931
1932
1933
1934
1935
1937
1938
1939
1940
1941
1942
1945
1946
1947
1952
1953
1956
1957
1961
1962
1963
1967
1968
1969
1973
1974
1977
1978
1981
1982
1985
1986
1989
1990
1993
1994
1997
1998
2001
2002
2005
2006
2009
2010
2013
2014