1
2
3
4
5
6
7
8
9
10
11
12
13
14
15
16
17
19
20
21
22
23
24
25
26
27
28
29
31
32
33
34
35
36
37
38
39
40
41
42
43
44
45
46
47
48
49
50
51
52
53
54
55
56
57
58
59
60
61
62
63
64
65
66
67
68
69
70
71
72
73
74
76
77
78
79
80
81
83
84
85
86
87
88
89
90
91
92
93
94
95
96
97
98
99
100
101
102
103
104
105
106
107
108
109
110
111
112
113
115
116
118
119
120
121
124
125
127
128
129
130
133
134
135
136
137
138
141
142
143
145
146
147
150
151
154
156
157
158
161
162
165
166
167
168
169
170
171
172
173
174
175
176
177
178
182
183
184
185
189
190
191
192
193
194
195
196
197
198
199
202
203
204
205
206
207
208
209
215
216
217
218
219
221
222
223
224
226
227
228
233
234
235
236
237
238
239
240
241
242
243
249
250
251
252
253
254
255
256
257
258
259
265
266
267
268
269
271
272
273
274
275
276
277
279
280
282
284
285
286
291
292
293
294
295
296
297
298
299
300
301
302
303
304
305
306
308
309
311
312
313
314
315
316
318
319
320
321
322
323
324
325
326
327
328
329
331
332
333
334
335
336
342
343
344
345
346
347
348
349
351
352
353
354
355
356
357
358
359
360
361
362
363
368
369
371
372
373
374
375
376
377
378
379
380
383
384
385
386
391
392
393
394
395
396
398
399
400
401
404
408
409
410
411
412
413
414
415
416
417
418
420
421
422
423
424
425
426
427
428
429
430
431
432
433
434
435
436
437
438
439
440
441
442
445
446
447
448
449
450
451
452
453
454
455
456
457
459
460
461
464
465
466
468
469
470
471
475
476
477
478
479
480
481
482
486
487
488
490
495
496
497
498
499
500
501
502
503
505
507
508
509
510
511
513
515
516
517
518
520
522
523
524
526
527
528
531
532
533
534
535
536
537
538
540
542
543
544
545
546
548
550
551
552
553
554
556
557
558
559
560
561
565
566
567
568
569
570
571
574
578
579
582
583
584
588
589
590
591
595
596
599
600
601
602
603
604
605
606
608
609
612
613
614
615
616
617
618
619
620
621
623
624
625
626
627
628
629
630
632
633
634
635
638
640
641
642
643
645
646
647
649
650
652
653
655
657
658
659
660
661
662
663
664
665
666
667
668
669
670
672
673
678
681
682
683
686
687
688
689
690
691
692
693
694
695
696
697
699
700
701
702
703
704
705
706
707
710
711
712
717
718
719
720
721
724
725
726
727
728
729
732
733
734
735
736
739
740
741
742
743
746
747
748
749
750
753
754
755
756
757
758
761
762
763
764
765
768
769
770
771
772
775
776
777
778
779
782
783
784
785
786
789
790
791
792
793
796
797
798
799
800
803
804
805
806
807
811
814
815
816
818
819
820
821
824
825
826
828
829
830
831
834
835
836
837
840
841
842
843
844
845
846
847
848
849
852
853
857
858
859
860
861
862
863
864
865
868
869
872
874
877
878
879
880
881
882
883
884
885
886
887
888
889
891
892
898
899
900
901
902
903
904
905
907
910
911
912
913
917
918
919
920
921
923
924
927
928
929
930
931
932
934
936
937
940
941
942
943
944
945
947
948
949
950
951
952
954
955
957
960
961
962
963
964
966
967
968
971
972
973
974
975
976
981
982
985
986
987
990
992
994
996
999
1001
1002
1005
1006
1007
1008
1012
1013
1016
1017
1020
1021
1024
1025
1028
1029
1032
1033
1036
1037
1040
1041
1042
1043
1044
1045