1
3
4
5
6
7
8
9
10
11
12
13
14
15
16
17
18
20
21
22
24
25
26
27
28
29
30
31
32
34
35
36
37
38
39
40
41
42
43
44
45
47
48
49
51
52
53
54
57
58
59
60
62
63
64
65
67
68
69
70
71
73
74
75
76
78
79
80
81
82
83
84
85
86
87
88
89
90
91
94
95
96
97
98
99
100
103
104
105
106
107
108
109
110
111
114
115
116
117
118
119
120
121
124
125
126
127
128
129
130
131
132
135
136
137
138
139
140
141
142
144
145
146
148
151
152
153
154
155
156
160
161
162
164
165
166
167
168
169
170
171
172
176
178
179
180
181
182
183
185
186
189
190
191
192
193
194
195
196
197
198
199
200
201
202
203
205
206
207
208
210
211
212
213
218
219
220
222
223
224
225
227
228
229
230
231
232
233
234
235
236
238
239
240
241
242
243
245
246
247
248
249
252
253
254
255
257
258
261
262
264
265
270
271
272
273
274
275
276
277
278
279
280
281
282
283
285
287
288
289
291
293
294
297
298
299
300
301
302
305
306
309
311
312
313
316
317
318
319
320
321
323
326
327
330
333
334
335
336
337
338
339
340
341