1
2
4
5
6
7
8
9
10
11
12
13
14
15
16
17
18
19
21
22
23
24
25
26
27
29
30
31
32
33
34
35
36
37
38
39
41
42
43
44
45
46
47
48
49
50
51
52
53
54
56
57
58
59
60
61
76
77
78
79
80
81
84
85
86
89
90
91
92
93
95
96
97
98
99
101
103
104
105
106
107
108
111
112
113
114
115
116
117
118
119
120
123
124
125
126
127
128
129
130
131
132
133
134
135
136
137
140
141
142
143
144
145
148
149
150
151
152
153
157
158
159
160
161
162
165
166
167
168
169
170
171
174
175
176
177
178
179
180
183
184
185
186
187
188
189
192
193
194
195
196
197
198
199
200
201
202
203
204
205
206
207
210
211
212
215
216
217
218
219
220
221
222
223
224
225
226
227
228
229
232
233
234
235
236
237
238
239
240
241
242
243
245