1
3
4
5
6
7
8
9
10
11
12
13
14
15
16
17
18
20
21
23
24
25
26
27
28
29
30
31
32
33
34
35
37
38
39
40
41
42
43
44
45
46
47
48
49
50
51
52
53
54
55
56
57
59
60
61
62
64
65
66
67
69
70
71
72
73
75
77
78
80
82
83
84
85
86
87
88
89
90
91
94
95
98
99
100
101
102
103
104
105
106
107
108
109
110
112
113
114
116
119
120
123
124
127
128
129
130
131
134
135
136
137
138
139
140
141
142
143
144
145
146
147
148
149
150
151
154
155
156
157
158
159
160
161
162
163
164
165
166
167
168
169
170
171
172
173
174
175
176
177
178
180
181
183
184
185
186
187
190
191
192
194
196
198
200
201
204
205
208
209
212
213
217
219
220
221
222
224
225
226
227
229
231
232
233
236
237
238
239
242
243
244
245
246
249
250
251
252
254
257
258
259
260
263
266
267
268
269
270
271
272
275
276
277
278
279
282
283
284
285
286
287
288
289
290
291
292
294
297
298
299
300
301
302
303
305
306
307
310
311
312
313
314
315
316
317
320
321
322
323
324
325
326
327
328
329
330
332
333
334
336
337
338
341
342
345
346
347
349
350
351
352
353
354
355
358
359
360
361
362
363
364
367
368
369
371
372
374
377
378
379
381
382
384
387
388
389
390
391
394
395
396
397
398
399
400
401
402
403
405
407
408