1
3
4
5
6
7
8
9
10
11
12
13
14
15
16
17
19
20
21
22
23
24
25
26
27
28
30
31
32
33
34
35
36
37
39
40
41
42
43
44
45
46
47
48
49
50
51
52
53
54
55
56
58
60
62
64
65
67
68
70
72
74
75
76
77
78
81
82
83
84
85
86
87
88
92
93
94
95
96
97
98
99
104
105
106
107
108
109
110
111
113
114
115
119
121
123
125
126
127
128
130
131
132
133
134
136
137
138
139
140
142
143
144
145
147
148
149
150
152
153
154
155
157
158
159
160
162
163
164
165
166
168
169
170
171
175
178
179
180
181
182
183
184
185
186
187
188
191
192
193
194
195
196
197
199
208
209
210
211
215
216
217
218
221
222
223
224
225
226
227
228
229
232
233
235
236
237
238
239
240
242
243
244
245
247
248
249
253
254
256
257
258
261
265
266
267
268
270
271
272
273
274
275
276
277
278
286
287
290
291
294
295
298
299
302
303
304
305
306
307
311
312
316
317
320
321
324
325
328
329
332
333
337
338
341
342
346
347
350
351
355
356