1
3
4
5
6
7
8
9
10
11
12
13
14
15
16
17
18
20
21
22
23
24
25
26
27
28
29
30
32
33
34
35
36
38
39
40
41
42
43
44
45
46
47
48
49
51
52
53
54
55
56
77
78
79
80
81
82
85
86
87
90
91
92
93
94
95
97
98
99
100
101
104
105
106
107
108
109
110
111
112
113
114
118
119
120
121
122
123
126
127
128
129
130
131
132
135
136
137
138
139
140
143
144
145
146
147
148
149
150
151
152
153
154
156
157
158
160
161
162
163
164
166
167
168
169
170
174
175
176
177
178
179
180
181
182
183
184
185
186
187
190
191
192
195
196
197
198
199
200
201
202
203
204
205
206
207
208
209
210
211
212
213
214
215
217