1
3
4
5
6
7
9
10
11
12
13
14
15
16
17
18
19
20
21
22
23
24
27
28
29
30
31
32
33
34
35
36
37
38
39
40
41
42
43
44
46
47
48
49
50
51
53
54
55
56
57
58
59
60
63
64
65
66
69
70
71
72
73
76
77
78
79
82
83
84
87
88
89
90
91
92
93
94
95
96
97
99
102
103
104
105
106
107
108
109
110
111
112
113
115
118
119
120
123
124
125
128
129
130
131
132
133
134
135
136
137
138
139
141
142
145
148
149
150
151
152
153
154
156
157
158
159
162
165
166
167
168
169
170
171
172
174
175
176
177
180
183
184
185
186
188
189
190
191
192
197
198
199
200
201
202
204
205
206
209
212
213
214
215
216
217
219
220
221
224
228
229
230
233
234
235
238
239
240
241
242
244
247
248
249
250
252
255
256
257
258
259
260
261
262
263
264
265
266
267
268
269
270
271
273
274
275
276
277
280
281
282
283
284
285
286
287
288
289
290
291
292
293
294
295
296
297
301
302
303
304
305
306
307
310
311
312
313
316
317
320
321
322
323
324
327
328
329
330
333
334
338
339
340
343
344
345
346
347
350
351
352
353
354
355
356
357
359
360
361
364
365
366
369
370
371
374
375
376
379
380
381
384
385
386