1
3
4
5
6
7
8
9
10
11
12
13
14
15
16
17
18
20
21
22
23
24
25
26
28
29
30
31
32
33
34
35
36
37
39
40
41
42
43
44
45
46
48
49
50
52
53
54
55
56
57
58
59
60
61
63
64
65
66
67
69
70
71
73
74
75
77
78
79
81
82
83
84
86
87
89
90
91
93
94
96
97
98
99
100
101
103
104
105
106
108
110
111
112
113
114
116
117
120
121
122
123
124
125
126
127
128
130
131
132
133
134
135
136
140
143
144
145
146
147
148
149
150
151
152
153
157
158
159
160
161
162
164
165
167
170
171
172
173
174
175
176
177
179
182
183
184
185
186
188
191
192
193
194
195
196
197
198
199
200
201
202
207
208
209
210
211
213
214
215
216
218
220
223
224
225
226
227
228
229
230
231
232
233
235
236
238
240
242
244
245
246
247
248
249
250
251
253
254
257
258
261
262
263
264
265
268
269
270
271
272
273
274
276
277
280
281
282
283
284
286
288
289
290
291
292
293
298
299
300
301
302
303
304
306
308
310
311
312
313
315
318
319
320
322
324
326
327
328
329
330
333
335
337
338
339
340
341
342
343
344
346
347
348
349
350
351
352
353
354
355
356
357
359
360
361
362
363
364
370
371
372
373
375
376
377
378
379
381
382
385
386
387
388
389
391
392
394
395
398
399
400
401
402
403
404
406
407
408
409
410
411
412
413
416
417
418
419
420
421
422
423
424
425
428
429
430
431
432
435
436
437
438
439
441
442
443
444
445
446
447
448
451
452
453
454
455
458
459
460
461
462
463
466
467
468
469
470
473
474
475
476
477
478
479
480
481
483
484
485
486
487
490
491
492
493
494
497
498
499
503
504
505
506
507
508
509
510
511
512
514
516
517
520
521
524
525
526
527
528
531
532
533
534
535
536
538
540
541
542
543
544
545
546
547
548
549
551
552
553
555
557
559
560
561
562
563
564
566
568
570
571
573
575
576
577
578
579
580
581
582
583
584
585
586
587
588
589
592
593
594
595
596
597
598
599
600
601
602
605
606
607
608
611
612
613
614
618
620
621
622
623
624
626
627
628
632
633
634
635
636
638
640
641
642
643
647
649
650
651
652
654
655
656
657
658
659
660
661
664
665
666
667
670
672
674
676
677
678
679
681
682
684
685
686
689
691
693
694
695
696
697
698
700
702
703
705
706
707
708
709
710
712
713
714
722
723
724
725
726
727
728
731
732
733
734
735
736
737
738
739
740
743
744
745
746
747
750
751
752
753
754
755
756
759
760
761
762
764
765
766
767
768
770
774
775
776
777
778
779
780
781
782
785
786
787
788
789
790
791
792
793
795
796
797
798
799
802
805
806
807
808
809
810
811
812
813
814
815
816
819
820
821
822
823
824
825
826
827
829
831
832
833
834
835
836
837
838
839
840
841
846
848
849
850
851
852
853
854
855
857
858
859
863
864
865
866
867
870
871
872
873
874
875
877
878
879
880
882
885
886
889
890
891
892
893
897
898
899
900
901
902
903
904
907
908
909
910
911
912
913