1
3
5
6
7
8
9
10
11
12
13
14
15
16
17
18
19
20
22
24
25
26
27
28
29
30
32
34
35
38
39
40
41
42
43
44
46
47
49
50
52
53
55
56
57
58
118
119
120
121
123
124
125
126
128
134
135
136
137
138
141
142
143
144
145
146
147
148
150
154
155
156
157
159
168
169
170
171
172
175
176
177
178
179
180
181
183
186
187
188
189
191
233
234
235
236
237
240
241
242
243
244
245
246
247
248
250
254
255
256
257
259
260
266
267
268
269
271
275
276
277
278
279
282
283
284
285
286
287
288
289
291
294
295
297
298
300
301
303
304
305
307
308
310
311
313
314
316
317
319
320
321
323
324
326
327
329
330
331
332
333
335
336
337
338
340
341
343
345
346
347
348
349
350
351
352
353
354
355
356
357
359
361
363
366
367
368
369
370
373
374
375
376
377
381
382
383
384
385
386
387
388
391
392
393
394
395
396
397
398
401
402
403
404
405
406
407
408
409
410
411
412
413
414
416
420
421
422
423
424
425
426
427
429
430
431
432
433
435
436
437
438
439
440
443
444
445
446
447
448
451
452
453
455
456
458
459
460
465
466
467
468
469
470
472
473
477
478
479
480
481
482
483
484
485
486
487
488
489
490
491
492
493
494
498
499
500
501
502
506
507
508
509
510
511
512
516
517
518
519
520
524
525
526
527
528
529
530
531
532
533
534
535
536
540
541
542
543
544
548
549
550
551
552
553
554
555
556
557
558
559
560
561
562
563
564
565
567
568
571
575
576
577
578
579
580
581
582
583
584
585
587
591
592
593
594
595
596
597
598
599
600
602
603
604
605
606
607
609
610
611
613
614
616
618
620
622
625
626
628
629
630
631
632
634
635
636
637
638
639
640
641
642
643
644
645
646
648
649
652
653
654
656
657
658
659
660
666
667
669
670
671
673
674
675
677
678
679
681
682
683
685
686
687
689
690
691
693
694
695
697
698
699
701
702
703
705
706
707
709
710
711
712
713
715
716