1
2
3
4
5
6
7
8
9
10
11
12
13
14
15
16
17
18
19
21
22
23
24
25
26
27
28
29
30
31
32
33
34
35
36
38
39
40
41
42
43
44
45
46
47
48
49
50
52
54
55
56
57
58
59
60
61
62
63
64
65
66
67
68
69
70
71
72
74
75
76
77
79
80
82
83
84
86
88
89
91
93
94
95
96
97
98
99
100
101
102
103
104
105
106
107
108
109
110
112
113
114
115
116
117
118
120
121
124
125
126
127
128
129
130
131
132
133
134
135
136
139
140
141
142
143
145
147
150
151
154
155
156
157
158
159
160
161
162
164
166
167
168
169
170
171
172
173
174
176
177
178
181
182
183
184
185
186
187
188
189
190
192
194
197
198
199
200
201
202
206
208
209
210
211
213
216
219
220
221
222
223
224
225
226
227
228
229
230
231
232
233
234
235
236
237
238
240
241
243
245
246
247
249
250
251
252
253
254
255
256
260
261
262
265
266
267
272
273
274
278
279
280
281
282
283
284
285
288
289
292
293
295
298
301
302
303
304
305
306
309
310
311
312
313
314
317
318
319
320
321
322
323
324
329
330
333
334
335
336
337
338
339
340
342
343
347
348
349
350
351
352
353
357
358
359
360
363
366
367
368
369
374
375
376
377
378
379
380
381
382
383
384
385
386
387
390
391
392
393
394
395
396
397
398
399
400
401
402
403
404
409
410
411
412
413
416
419
420
421
422
423
424
425
426
427
428
429
430
431
432
433
434
435
436
437
440
441
442
443
444
445
446
447
448
451
452
453
454
455
456
457
458
459
460
461
462
463
464
466
467
468
470
473
474
475
479
480
481
482
485
488
489
490
491
492
493
494
495
496
497
498
499
500
501
502
503
505
507
509
510
511
512
513
514
515
516
518
519
521
522
523
524
526
529
530
533
534
535
536
539
540
541
542
543
545
546
547
550
553
555
556
557
558
559
560
561
564
565
566
569
570
571
576
577
578
579
580
581
582
583
584
585
587
588
589
591
592
593
594
597
598
599
600
601
602
605
606
607
608
609
610
613
614
615
616
617
618
619
620
621
622
625
626
627
628
631
632
633
634
637
638
639
642
643
644
645
647
648
650
651