1
2
3
4
5
6
7
8
9
10
11
12
13
14
15
16
17
18
19
21
22
23
24
25
27
28
29
30
31
32
33
34
35
36
37
38
39
40
41
42
43
44
45
46
47
48
49
50
51
52
53
55
56
57
58
59
60
61
62
63
65
66
67
68
69
72
73
74
75
76
77
78
79
80
81
82
83
84
85
86
87
88
91
92
93
94
95
96
97
98
99
100
101
102
103
104
105
106
107
108
109
110
111
112
113
114
115
119
120
121
124
125
126
127
130
131
132
134
138
139
140
141
142
143
144
147
148
149
150
151
152
154
155
156
157
159
162
163
164
165
166
167
168
171
172
173
175
176
181
182
183
184
187
188
189
190
191
192
193
194
196
197
199
200
201
202
203
204
205
206
207
208
210
211
212
213
214
216
217
219
222
224
225
226
230
231
232
233
234
235
237
238
239
240
241
242
243
244
245
248
249
250
251
252
254
255
256
257
258
260
261
263
264
265
266
267
268
272
273
274
275
276
277
278
279
280
281
282
283
284
285
286
288
289
291
294
295
296
297
298
300
301
303
304
305
307
310
311
312
313
314
315
316
317
318
320
321
322
323
326
328
330
331
332