1
2
3
4
5
6
7
8
9
10
11
12
13
14
15
16
17
18
20
21
22
23
24
25
27
28
29
30
31
32
33
34
35
37
38
39
41
42
43
44
45
46
47
49
50
51
52
53
55
57
58
59
60
61
62
65
66
67
70
71
74
75
78
79
80
81
82
83
85
88
89
90
91
92
93
94
95
96
97
98
99
100
101
102
103
104
105
106
107
108
110
111
112
113
114
115
116
118
119
120
121
122
123
125
126
128
131
132
133
134
135
136
137
138
139
140
141
142
143
144
145
146
147
148
149
150
151
152
154
157
158
159
160
161
162
163
165
168
169
170
171
172
173
174
175
176
177
178
179
180
181
182
183
184
185
186
187
188
189
191
192
193
194
195
198
199
201
202
205
206
207
208
210
211
212
213
214
215
216
217
219
220
221
222
223
224
225
226
227
228
229
230
231
232
233
234
235
239
240
241
242
245
248
249
250