1
2
3
4
5
6
7
8
9
10
11
12
13
14
15
16
17
18
19
21
22
23
24
25
26
28
29
30
31
32
34
35
36
37
38
39
40
41
42
43
44
45
46
47
48
49
51
52
54
55
56
57
58
59
60
62
63
65
66
67
68
71
72
73
74
75
76
77
78
79
80
81
82
87
88
89
90
91
92
93
94
95
96
97
98
100
104
105
106
107
108
109
110
111
112
113
114
115
117
121
122
123
124
125
126
127
128
129
130
131
132
134
138
139
140
141
142
143
144
145
146
147
148
149
151
152
156
157
158
159
160
161
162
163
164
165
166
167
169
170
174
175
176
177
178
179
180
181
182
183
184
185
187
188
192
193
194
195
196
198
199
200
201
202
203
207
208
211
212
215
216
219
220
223
224
225
229
230
231
235
236
237
241
242
243
244
248
249
250
251
252
253
254
255
256
257
258
261
262
266
267
268
269
270
271
272
273
274
277
278
279
280
281
282
283
284
285
286
290
291
292
293
294
295
296
297
298
299
302
305
306
307
308
309
310
311
312
315
316
317
318
319
320
321
322
325
326
327
328
329
330
331
332
335
336
337
338
339
340
341
342
343
346
347
348
349
350
351
352
353
354
355
356
363
364
365
366
367
368
369
370
371
372
373
374
375
376
377
378
382