1
2
3
4
5
6
7
8
9
10
11
12
13
14
15
16
17
18
20
22
23
24
25
26
27
28
29
31
32
33
34
36
37
38
39
41
42
43
44
45
46
47
48
49
50
51
52
53
54
55
56
57
58
59
60
61
62
63
64
65
66
67
69
70
71
72
73
74
76
78
79
80
81
82
84
85
86
87
88
89
90
91
92
93
94
95
96
98
99
100
101
102
103
104
105
106
107
108
109
110
111
112
113
115
116
119
120
121
123
124
128
129
130
131
132
133
135
136
137
139
140
141
143
146
147
148
149
150
151
152
154
155
156
157
158
160
161
163
164
166
169
170
171
172
173
174
175
176
177
178
180
182
185
186
187
188
189
190
191
192
193
196
197
198
201
202
203
204
205
206
207
210
211
212
213
214
215
216
217
220
221
222
223
224
225
226
227
228
229
230
231
234
235
238
239
242
243
244
245
246
247
248
249
250
251
252
253
254
255
256
257
258
259
260
261
262
265
268
269
272
273
274
275
276
277
279
280
281
282
284
285
286
290
291
292
293
295
297
298
299
300
303
304
307
308
311
313
316
317
318
319
320
321
322
323
324
325
326
328
329
330
332
333
334
335
336
337
338
341
344
345
346
347
350
351
352
353
354
355
356
357
358
360
363
364
365
366
367
368
369
370
371
372
373
374
375
376
377
378
379
380
381
382
383
386
389
390
391
393
394
395
396
397
398
399
400
401
403
404
408
409
410
411
412
413
414
416
419
420
421
422
423
424
425
426
427
428
429
430
431
432
433
434
435
436
437
440
443
444
445
446
447
448
449
450
451
452
453
454
455
456
457
458
461
464
465
466
470
471
474
476
478
479
480
481
482
483
485
486
487
488
489
490
491
492
493
494
495
496
497
498
499
500
501
502
503
504
507
510
511
512
513
514
515
516
517
518
519
520
521
522
523
524
525
526
527
528
529
530
531
532
533
536
539
540
541
542
543
545
548
550
552
553
554
555
556
560
561
562
565
566
567
568
569
570
571
572
574
577
578
579
584
585
586
589
590
591
592
593
594
600
601
604
605
606
607
610
611
612
613
614
617
618
621
622
625
626
627
628
630
631
632
633
634
635
636
638
639
640
641
642
643
644
645
646
647
648
649
650
652
653
654
657
660
661
662
663
664
665
666
667
668
669
670
671
673
674
675
676
677
678
679
680
681
682
683
684
685
687
688
689
692
695
696
699
700
703
704
705
708
709
710
713
714
715
718
719
720
723
724
725
726
729
730
731
732
735
736
737
740
741
742
743
744
747
748
749
750
751
754
755
756
759
760
761
764
765
766
769
770
771
774
775
776