1
2
3
4
5
6
7
8
9
10
11
12
13
14
15
16
17
18
19
21
22
23
25
26
27
28
29
30
31
32
33
34
35
36
37
38
39
40
41
42
43
44
45
46
47
48
49
50
52
53
54
55
56
57
58
59
60
61
62
63
64
65
67
68
69
70
72
73
74
75
76
77
78
80
81
84
85
86
87
88
89
90
92
93
94
95
96
99
100
101
102
103
104
105
108
109
110
111
112
113
114
115
116
117
118
120
121
122
124
125
126
127
130
133
134
135
136
137
139
140
143
144
145
146
148
149
150
151
153
154
155
156
158
159
160
164
165
166
167
168
169
170
171
172
173
174
175
176
180
181
182
183
184
185
186
187
188
189
190
191
192
193
194
195
196
198
199
200
201
203
204
206
207
208
209
212
213
214
216
217
218
219
220
221
222
223
224
228
229
230
231
232
233
237
238
239
240
241
242
247
248
249
250
251
252
253
254
255
256
257