1
2
3
4
5
6
7
8
9
10
11
12
13
14
15
16
17
18
20
21
22
23
24
25
26
27
28
29
31
32
33
34
35
36
38
40
41
42
43
44
45
46
47
48
49
50
51
52
54
55
57
58
59
61
62
63
64
65
66
67
68
69
70
71
72
75
76
77
78
79
82
83
84
85
86
87
88
92
93
94
95
96
97
98
99
100
101
104
105
106
107
108
109
110
111
112
113
114
115
118
119
120
121
124
125
126
127
129
130
131
132
134
135
138
140
141
142
143
144
145
147
148
149
150
151
153
154
155
159
160
163
164
165
166
167
168
169
170
171
173
176
177
178
179
180
181
182
185
186
187
188
189
190
191
192
193
196
197
198
199
200
201
202
203
204
205
206
207
208
209
210
211
215
216
217
218
219
220
221
222
223
224
225
226
227
229
230