1
2
3
4
5
6
7
8
9
10
11
12
13
14
15
16
17
18
20
21
22
23
24
25
26
27
28
29
30
31
32
33
35
36
37
38
39
40
41
43
44
45
46
47
48
49
50
51
52
53
54
55
56
57
58
59
60
61
62
63
64
65
66
67
68
69
70
71
72
73
74
75
76
77
78
79
80
81
82
83
84
85
86
87
89
91
93
95
97
98
100
101
103
105
106
107
109
110
111
112
113
115
116
117
118
119
120
121
122
123
124
125
126
127
130
131
132
133
135
136
137
139
141
142
144
145
146
148
149
150
151
152
153
154
155
158
159
160
161
162
163
166
167
168
169
170
173
174
175
176
177
178
180
181
182
183
186
188
189
190
191
192
194
195
196
197
199
200
202
203
204
205
208
209
210
212
213
214
215
217
218
219
222
223
226
227
230
232
233
234
235
236
237
238
239
242
243
244
251
253
254
256
257
258
259
260
261
263
264
265
266
269
270
271
272
273
274
275
276
277
278
279
281
282
284
285
286
287
288
289
290
294
297
298
299
300
301
302
303
304
305
306
307
309
310
311
314
317
318
320
321
322
323
325
326
327
328
329
330
332
333
334
336
339
340
341
343
344
350
351
352
353
354
355
356
357
358
359
360
361
363
364
365
366
369
370
372
373
374
375
377
378
379
380
383
384
386
389
390
391
392
393
394
395
396
397
398
399
400
401
402
405
406
409
410
411
412
413
414
415
416
417
418
420
422
423
424
425
427
428
429
430
431
432
435
436
437
438
439
440
442
443
444
445
446
447
448
449
452
453
454
455
456
457
458
459
460
461
462
463
464
465
466
471
472
473
474
477
480
481
482
483
484
485
486
487
488
489
490
491
493
496
497
498
499
500
501
502
503
505
506
507
508
509
510
512
513
514
516
517
519
520
521
522
523
526
527
528
530
531
533
534
535
536
537
539
542
543
544
545
546
547
549
550
555
556
557
559
560
561
562
563
565
568
569
570
571
572
573
574
575
576
577
578
580
581
583
584
586
587
588
590
592
594
595
596
597
600
601
602
603
604
609
612
613
614
617
618
619
620
621
622
623
624
625
627
629
631
632
633
635
636
637
638
640
641
642
643
645
646
647
651
652
655
656
659
660
661
662
663
664
665
666
667
669
670
671
672
673
674
675
676
677
678
679
680
681
682
683
684
685
686
687
688
691
692
693
694
698
702
703
704
705
706
707
708
709
710
711
712
714
715
716
717
718
722
725
726
727
728
729
730
731
732
733
734
735
738