1
2
3
4
5
6
7
8
9
10
11
12
13
14
15
16
17
18
19
21
22
23
24
25
26
27
28
29
30
31
32
33
34
36
37
38
39
40
41
43
44
45
46
47
48
49
50
51
52
53
54
55
56
57
59
60
61
63
64
66
67
69
70
72
73
74
76
77
78
80
82
83
84
85
86
87
88
89
90
91
92
93
94
95
96
97
98
99
100
101
102
103
104
105
106
107
109
110
111
112
113
116
118
120
121
122
123
124
125
126
127
128
129
131
132
133
134
135
136
137
138
139
140
141
142
143
144
145
146
147
149
150
151
152
153
154
155
156
157
161
162
163
164
165
166
167
168
169
170
171
172
173
174
178
179
180
183
184
185
186
187
188
189
190
193
194
195
196
197
198
199
200
201
202
203
204
205
206
207
208
209
210
211
212
213
214
215
216
217
218
219
220
221
222
225
226
227
228
229
230
233
234
235
236
237
238
239
242
243
246
247
248
249
250
251
254
255
258
259
260
261
262
263
266
267
268
269
270
271
272
273
274
275
276
277
279
281
282
283
284
287
289
290
291
293
296
297
298
300
303
304
305
307
310
311
312
314
319
321
322
323
324
325
326
327
328
329
330
331
332
333
334
335
336
337
338
339
340
342
343
345
346
348
349
350
351
352
354
355
356
357
359
360
362
363
364
365
366
368
369
371
372
376
377
378
379
380
381
382
383
384
385
386
387
388
389
392
393
394
395
396
397
398
399
400
401
402
403
404
405
408
409
410
411
412
413
414
415
416
417
418
419
420
421
422
423
426
427
428
429
430
431
432
433
434
436
437
441
442
445
446
447
450
451
452
455
456
457
458
459