1
2
3
4
5
6
7
8
9
10
11
12
13
14
15
16
17
18
19
21
22
23
25
26
27
28
29
30
31
32
33
34
35
36
37
38
39
40
41
42
43
44
46
47
48
50
59
61
62
65
66
70
71
72
73
76
77
78
79
80
81
82
86
87
88
89
90
93
94
95
98
99
100
101
104
106
107
108
109
110
111
112
113
114
118
119
120
121
122
123
124
125
126
127
128
129
131
133
134
135
137
138
139
140
143
144
146
147
148
149
150
151
152
153
154
155
156
157
158
159
161
162
163
164
166
167
168
170
173
174
175
176
177
178
179
180
181
182
183
184
185
186
187
188
190
191
192
193
194
196
199
200
201
203
204
205
206
207
208
214
215
216
220
221
222
223
224
226
227
228
231
232
233
234
235
236
237
238
243
244