1
2
3
4
5
6
7
8
9
10
11
12
13
14
15
16
17
19
21
23
24
25
26
28
29
30
31
33
34
35
36
38
39
40
41
43
44
45
46
48
49
50
51
52
53
55
56
57
58
59
60
62
63
64
65
66
67
69
70
71
72
73
74
76
77
78
79
80
81
83
84
85
86
88
89
90
91
93
94
95
96
98
99
100
101
103
104
105
106
108
109
110
111
112
113
114
115
116
117
118
119
120
122
123
125
126
128
129
131
132
134
135
136
137
138
139
141
142
144
145
147
148
150
151
152
153
154
155
157
158
159
160
161
162
163
164
166
167
169
170
172
173
175
176
177
178
179
180
181
182
183
184
186
187
188
189
190
191
192
193
194
195
196
198
200
201
203