1
2
3
4
5
6
7
8
9
10
11
12
13
14
15
16
17
18
20
22
23
24
26
27
28
29
30
31
32
33
34
35
36
38
39
40
41
42
43
44
45
46
47
48
49
50
51
53
54
55
57
58
60
61
62
64
65
66
67
68
69
70
71
72
73
74
75
76
77
79
82
83
84
85
86
87
89
90
91
92
93
94
95
96
98
99
100
101
102
103
104
105
106
107
109
110
111
112
114
115
116
117
118
119
120
121
122
123
124
126
127
128
129
130
131
132
133
137
138
139
140
141
143
144
145
146
147
148
149
151
152
153
154
155
156
157
159
160
161
162
163
164
165
166
167
168
172
173
174
175
176
177
180
181
182
183
184
185
188
189
190
191
192
193
194
195
196
198
199
200
201
203
204
205
206
207
208
209
210
212
213
214
215
217
218
219
220
221
224
225
226
229
230
231
232
233
234
235
236
237
238
239
240
241
242
243
244
249
250
251
252
253
254
255
256
258
259
260
261
262
263
264
265
267
268
269
270
272
273
274
276
277
278
280
281
282
283
285
286
287
288
289
290
292
293
294
295
297
298
299
300
301
302
303
304
305
306
307
311
312
313
314
315
316
317
318
320
323
324
325
326
327
328
330
333
334
335
336
337
338
339
340
342
345
346
347
348
349
350
352
355
356
357
358
360
361
362
363
364
366
367
368
369
370
372
373
374
375
376
377
378
380
381
382
383
384
388
389
390
391
392
393
394
395
397
398
399
400
401
402
403
404
405
407
410
411
412
413
414
415
416
417
418
419
420
421
422
423
424
427
428
429
430
433
434
435
436
437
438
441
442
443
444
445
446
447
448
449
450
451
454
455
456
457
458
459
460
462
463
464
465
468
469
470
471
472
474
475
476
477
479
480
481
482
483
484
485
486
487
491
492
493
494
495
496
497
498
499
500
501
502
503
504
505
506
508
509
510
511
513
514
515
516
519
520
521
522
523
524
525
526
527
528
531
532
533
534
535
536
537
540
541
542
543
544
545
547
548
549
550
552
553
554
555
556
557
558
559
560
561