1
2
4
6
7
8
9
11
12
14
15
16
17
19
20
21
23
24
25
26
27
28
30
32
33
34
37
38
41
42
43
46
47
48
51
52
53
54
55
56
58
59
61
62
65
66
67
68
69
71
72
75
76
77
79
80
81
82
84
85
86
88
89
90
92
93
96
97
98
99
100
102
103
105
108
109
110
111
113
114
115
116
118
119
120
122
123
124
127
128
129
130
131
134
135
136
137
139
140
142
144
145
146
147
148
150
151
152
153
155
156
157
160
161
162
163
164
165
166
168
169
170
172
173
176
177
178
179
181
182
183
184
185
186
188
189
190
192
193
194
195
196
197
199
200
201
203
204
205
206
207
208
210
211
212
213
214
215
216
219
220
221
222
223
224
225
226
227
230
231
232
233
235
236
237
238
239
240
243
244
245
246
248
250
251
252
253
254
256
257
258
259
260
261
264
265
266
269
270
271
274
275
276
278
279
280
283
284
287
288
289
290
291
292
294
295
296
297
300
301
304
305
306
309
310
313
314
315
316
318
321
322
323
324
325
326
328
331
332
333
334
335
336
338
339
340
341
343
344
346
347
348
349
352
353
354
355
356
357
361
362
363
364
366
367
369
370
373
374
376
378
380
382
385
386
387
388
389
390
391
392
393
394
395
396
397
398
399
400
401
402
403
404
406
408
409
410
411
413
414
415
417
418
419
420
426
428
429
430
431
432
433
435
436
437
438
439
442
443
444
445
447
448
449
450
452
453
455
456
457
458
459
460
461
463
464
466
467
468
469
470
471
472
473
475
476
477
479
480
482
483
484
485
486
487
489
490
492
493
494
495
497
498
499
500
501
504
505
506
507
508
509
510
511
512
513
515
518
519
520
521
523
524
526
527
528
529
530
532
533
534
535
536
539
542
543
544
547
550
551
553
554
555
556
558
559
560
562
563
564
565
566
567
569
571
572
573
576
577
580
581
582
585
586
587
590
591
592
593
594
595
598
599
600
601
604
606
607
608
609
610
611
612
616
617
618
620
621
622
623
624
628
629
630
632
633
634
636
637
638
641
642
645
646
647
648
651
654
655
657
658
659
662
665
666
667
668
669
670
672
673
675
676
679
680
681
682
683
685
686
689
690
691
693
694
695
696
698
699
700
702
703
704
706
707
710
711
712
713
714
716
717
719
722
723
724
725
727
728
729
730
732
733
734
736
737
738
741
742
743
744
745
748
749
750
751
753
754
756
758
759
760
761
762
764
765
766
767
769
770
771
774
775
776
777
778
779
780
782
783
784
786
787
790
791
792
793
795
796
797
798
799
800
802
803
804
806
807
808
809
810
811
813
814
815
817
818
819
820
821
822
824
825
826
827
828
829
830
833
834
835
836
837
838
839
840
841
844
845
846
847
849
850
851
852
853
854
857
858
859
860
862
864
865
866
867
868
870
871
872
873
874
875
878
879
880
883
884
885
888
889
890
892
893
894
897
898
901
902
903
904
905
906
908
909
910
911
914
915
918
919
920
923
924
927
928
929
930
932
935
936
937
938
939
940
942
945
946
947
948
949
950
952
953
954
955
957
958
960
961
962
963
966
967
968
969
970
971
975
976
977
978
980
981
983
984
987
988
990
992
994
996
999
1000
1001
1002
1003
1004
1005
1006
1007
1008
1009
1010
1011
1012
1013
1014
1015
1016
1017
1018
1020
1022
1023
1024
1025
1027
1028
1029
1031
1032
1033
1034
1035
1036
1037
1038
1040
1046
1048
1049
1050
1051
1052
1053
1055
1056
1057
1058
1059
1062
1063
1064
1065
1067
1068
1069
1070
1072
1073
1075
1076
1077
1078
1079
1080
1081
1083
1084
1086
1087
1088
1089
1090
1091
1092
1093
1095
1096
1097
1099
1100
1102
1103
1104
1105
1106
1107
1109
1110
1112
1113
1114
1115
1117
1118
1119
1120
1121
1124
1125
1126
1127
1128
1129
1130
1131
1132
1133
1135
1138
1139
1140
1141
1143
1144
1146
1147
1148
1150
1151
1152
1153
1155
1156
1157
1158
1159
1162
1165
1166
1167
1170
1173
1174
1176
1177
1178
1179
1181
1182
1183
1184
1186
1187
1188
1189
1190
1191
1193
1195
1196
1197
1200
1201
1204
1205
1206
1209
1210
1211
1214
1215
1216
1217
1218
1219
1221
1222
1224
1225
1228
1229
1230
1231
1232
1233
1235
1236
1238
1239
1242
1243
1244
1246
1247
1248
1249
1251
1252
1253
1255
1256
1257
1259
1260
1263
1264
1265
1266
1267
1269
1270
1272
1275
1276
1277
1278
1280
1281
1282
1283
1286
1287
1288
1289
1291
1292
1294
1295
1296
1299
1300
1301
1302
1303
1306
1307
1308
1309
1311
1312
1314
1316
1317
1318
1319
1320
1322
1323
1324
1325
1326
1329
1330
1331
1332
1333
1334
1335
1337
1338
1339
1341
1342
1345
1346
1347
1348
1350
1351
1352
1353
1354
1355
1357
1358
1359
1361
1362
1363
1364
1365
1366
1368
1369
1370
1372
1373
1374
1375
1376
1377
1379
1380
1381
1382
1383
1384
1385
1388
1389
1390
1391
1392
1393
1394
1395
1396
1399
1400
1401
1402
1404
1405
1406
1407
1408
1409
1412
1413
1414
1415
1417
1419
1420
1421
1422
1423
1425
1426
1427
1428
1429
1430
1433
1434
1435
1438
1439
1440
1443
1444
1445
1447
1448
1449
1452
1453
1456
1457
1458
1459
1460
1461
1463
1464
1465
1466
1469
1470
1473
1474
1475
1478
1479
1482
1483
1484
1485
1487
1490
1491
1492
1493
1494
1495
1497
1500
1501
1502
1503
1504
1505
1507
1508
1509
1510
1512
1513
1514
1516
1517
1518
1519
1522
1523
1524
1525
1526
1527
1531
1532
1533
1534
1536
1537
1538
1539
1540
1541
1542
1544
1546
1547
1550
1551
1553
1555
1557
1559
1562
1563
1564
1565
1566
1567
1568
1569
1570
1571
1572
1573
1574
1575
1576
1577
1578
1579
1580
1581
1583
1585
1586
1587
1588
1590
1591
1592
1594
1595
1596
1597
1603
1605
1606
1607
1608
1609
1610
1612
1613
1614
1615
1616
1619
1620
1621
1622
1624
1625
1626
1627
1629
1630
1632
1633
1634
1635
1636
1637
1638
1640
1641
1643
1644
1645
1646
1647
1648
1649
1650
1652
1653
1654
1656
1657
1659
1660
1661
1662
1663
1664
1666
1667
1669
1670
1671
1672
1674
1675
1676
1677
1678
1681
1682
1683
1684
1685
1686
1687
1688
1689
1690
1692
1695
1696
1697
1698
1699
1700
1703
1704
1705
1707
1708
1710
1711
1713
1714
1715
1716
1718
1719
1720
1721
1723
1724
1725
1727
1728
1729
1730
1732
1733
1734
1735
1736
1737
1739
1740
1741
1742
1743
1746
1749
1750
1751
1754
1757
1758
1760
1761
1762
1763
1765
1766
1767
1768
1769
1770
1772
1774
1775
1776
1779
1780
1783
1784
1785
1788
1789
1790
1793
1794
1795
1796
1797
1798
1800
1801
1803
1804
1807
1808
1810
1811
1812
1813
1815
1816
1819
1820
1821
1822
1823
1825
1828
1829
1830
1831
1833
1835
1836
1837
1838
1840
1841
1843
1844
1845
1848
1849
1850
1851
1852
1855
1856
1857
1858
1860
1861
1863
1865
1866
1867
1868
1869
1870
1873
1874
1875
1876
1877
1878
1879
1881
1882
1885
1886
1887
1888
1890
1891
1892
1893
1894
1895
1897
1898
1899
1901
1902
1903
1904
1905
1906
1908
1909
1910
1912
1913
1914
1915
1916
1917
1919
1920
1921
1922
1923
1924
1925
1928
1929
1930
1931
1932
1933
1934
1935
1936
1939
1940
1941
1942
1944
1945
1946
1947
1948
1949
1952
1953
1954
1955
1957
1959
1960
1961
1962
1963
1965
1966
1967
1968
1969
1970
1973
1974
1975
1978
1979
1980
1983
1984
1985
1987
1988
1991
1992
1995
1996
1997
1998
1999
2002
2003
2006
2007
2008
2011
2012
2015
2016
2017
2018
2020
2023
2024
2025
2026
2027
2028
2030
2033
2034
2035
2036
2037
2038
2039
2041
2042
2043
2046
2047
2048
2049
2050
2051
2055
2056
2057
2058
2059
2060
2061
2062
2063
2065
2067
2068
2071
2072
2075
2076
2077
2078
2079
2080
2081
2082
2083
2084
2085
2086
2087
2088
2089
2090
2091
2092
2093
2094
2096
2098
2099
2100
2101
2107
2109
2110
2111
2112
2113
2114
2117
2118
2119
2121
2122
2124
2125
2127
2128
2129
2130
2132
2133
2134
2135
2137
2138
2139
2141
2142
2143
2144
2146
2147
2148
2149
2150
2151
2153
2154
2155
2156
2157
2159
2160
2161
2162
2165
2168
2169
2170
2173
2176
2177
2179
2180
2181
2182
2183
2184
2186
2188
2189
2190
2193
2194
2197
2198
2199
2202
2203
2204
2207
2209
2210
2211
2212
2214
2215
2218
2219
2220
2221
2224
2225
2226
2227
2229
2230
2231
2232
2235
2236
2237
2238
2239
2242
2243
2244
2245
2247
2248
2250
2252
2253
2254
2255
2258
2259
2260
2261
2262
2263
2266
2267
2268
2269
2271
2272
2273
2274
2275
2276
2278
2279
2280
2282
2283
2284
2285
2286
2287
2289
2290
2291
2293
2294
2295
2296
2297
2298
2300
2301
2302
2303
2304
2305
2306
2309
2310
2311
2312
2313
2314
2315
2316
2317
2320
2321
2322
2323
2325
2326
2327
2328
2329
2330
2333
2334
2335
2336
2338
2340
2341
2342
2343
2344
2346
2347
2348
2349
2350
2351
2354
2355
2356
2359
2360
2361
2364
2365
2366
2368
2369
2372
2373
2376
2377
2378
2381
2382
2385
2386
2387
2390
2391
2394
2395
2396
2397
2399
2402
2403
2404
2405
2406
2407
2409
2412
2413
2414
2415
2418
2419
2420
2421
2422
2423
2427
2428
2429
2430
2433
2434
2437
2438
2439
2440
2441
2442
2443
2444
2445
2446
2447
2448
2449
2450
2451
2452
2453
2454
2455
2456
2458
2465
2468
2469
2470
2473
2476
2477
2479
2480
2481
2482
2483
2484
2485
2486
2487
2489
2490
2491
2492
2493
2494
2496
2498
2499
2500
2503
2504
2507
2508
2509
2512
2513
2514
2517
2518
2519
2520
2521
2523
2524
2525
2527
2528
2530
2531
2533
2534
2535
2538
2539
2541
2542
2543
2544
2546
2547
2548
2549
2552
2553
2556
2557
2558
2559
2560
2562
2565
2566
2567
2568
2570
2571
2572
2573
2575
2576
2577
2580
2581
2582
2583
2584
2587
2588
2589
2590
2592
2593
2595
2597
2598
2599
2600
2601
2602
2605
2606
2607
2608
2609
2610
2611
2613
2614
2617
2618
2619
2620
2622
2623
2624
2625
2626
2627
2629
2630
2631
2633
2634
2635
2636
2637
2638
2640
2641
2642
2644
2645
2646
2647
2648
2649
2651
2652
2653
2654
2655
2656
2657
2660
2661
2662
2663
2664
2665
2666
2667
2668
2671
2672
2673
2674
2676
2677
2678
2679
2680
2681
2684
2685
2686
2687
2689
2691
2692
2693
2694
2695
2697
2698
2699
2700
2701
2702
2705
2706
2707
2710
2711
2712
2715
2716
2717
2719
2720
2721
2724
2725
2728
2729
2730
2731
2732
2733
2734
2736
2739
2740
2743
2744
2745
2748
2749
2752
2753
2754
2755
2757
2760
2761
2762
2763
2764
2765
2767
2770
2771
2772
2773
2774
2775
2776
2778
2779
2780
2782
2783
2786
2787
2788
2789
2790
2791
2795
2796
2797
2798
2799
2800
2801
2802
2803
2804
2806
2808
2809
2810
2811
2812
2813
2814
2815
2816
2817
2818
2819
2823
2824
2827
2828
2829
2831
2834
2837
2838
2839
2840
2841
2842
2843
2844
2845
2846
2847
2848
2849
2850
2851
2852
2853
2854
2855
2856
2858
2860
2861
2862
2863
2864
2870
2872
2873
2874
2875
2876
2877
2878
2882
2883
2885
2886
2887
2888
2889
2892
2893
2894
2895
2896
2899
2900
2901
2902
2903
2906
2907
2908
2909
2910
2912
2913
2914
2915
2916
2918
2920
2921
2922
2923
2924
2925
2926
2927
2929
2931
2932
2933
2934
2936
2937
2938
2939
2940
2942
2944
2945
2946
2947
2948
2950
2951
2952
2953
2954
2956
2958
2959
2960
2961
2962
2963
2964
2965
2967
2969
2970
2971
2972
2973
2974
2975
2976
2978
2980
2981
2982
2983
2984
2985
2986
2987
2989
2991
2992
2993
2994
2995
2996
2997
2999
3001
3002
3003
3004
3005
3006
3007
3009
3011
3012
3013
3015
3016
3017
3018
3019
3022
3023
3024
3025
3026
3027
3030
3031
3032
3034
3035
3036
3037
3039
3040
3041
3043
3044
3045
3046
3047
3048
3049
3050
3051
3052
3053
3055
3058
3061
3062
3063
3066
3069
3070
3072
3073
3074
3075
3076
3077
3078
3079
3080
3082
3083
3084
3085
3086
3087
3089
3091
3092
3093
3096
3097
3100
3101
3102
3105
3106
3107
3110
3111
3113
3114
3115
3116
3118
3119
3120
3122
3123
3124
3125
3126
3127
3129
3131
3132
3133
3136
3137
3140
3141
3142
3145
3146
3147
3150
3151
3152
3153
3154
3155
3157
3158
3160
3161
3164
3165
3166
3167
3168
3170
3171
3174
3175
3176
3178
3179
3180
3181
3183
3184
3185
3187
3188
3189
3191
3192
3195
3196
3197
3198
3199
3201
3202
3204
3207
3208
3209
3210
3212
3213
3214
3215
3217
3218
3219
3221
3222
3223
3226
3227
3228
3229
3230
3233
3234
3235
3236
3238
3239
3241
3243
3244
3245
3246
3247
3249
3250
3251
3252
3254
3255
3256
3259
3260
3261
3262
3263
3264
3265
3267
3268
3269
3271
3272
3275
3276
3277
3278
3280
3281
3282
3283
3284
3285
3287
3288
3289
3291
3292
3293
3294
3295
3296
3298
3299
3300
3302
3303
3304
3305
3306
3307
3309
3310
3311
3312
3313
3314
3315
3318
3319
3320
3321
3322
3323
3324
3325
3326
3329
3330
3331
3332
3334
3335
3336
3337
3338
3339
3342
3343
3344
3345
3347
3349
3350
3351
3352
3353
3355
3356
3357
3358
3359
3360
3363
3364
3365
3368
3369
3370
3373
3374
3375
3377
3378
3379
3382
3383
3386
3387
3388
3389
3390
3391
3393
3394
3395
3396
3399
3400
3403
3404
3405
3408
3409
3412
3413
3414
3415
3417
3420
3421
3422
3423
3424
3425
3427
3430
3431
3432
3433
3434
3435
3437
3438
3439
3440
3442
3443
3445
3446
3447
3448
3451
3452
3453
3454
3455
3456
3460
3461
3462
3463
3465
3466
3468
3469
3472
3473
3475
3477
3479
3481
3484
3485
3486
3487
3488
3489
3490
3491
3492
3493
3494
3495
3496
3497
3498
3499
3500
3501
3502
3503
3505
3507
3508
3509
3510
3512
3513
3514
3516
3517
3518
3519
3525
3527
3528
3529
3530
3531
3532
3534
3535
3536
3537
3538
3541
3542
3543
3544
3546
3547
3548
3549
3551
3552
3554
3555
3556
3557
3558
3559
3560
3562
3563
3565
3566
3567
3568
3569
3570
3571
3572
3574
3575
3576
3578
3579
3581
3582
3583
3584
3585
3586
3588
3589
3591
3592
3593
3594
3596
3597
3598
3599
3600
3603
3604
3605
3606
3607
3608
3609
3610
3611
3612
3614
3617
3618
3619
3620
3622
3623
3625
3626
3627
3628
3629
3631
3632
3633
3634
3635
3638
3641
3642
3643
3646
3649
3650
3651
3652
3653
3655
3656
3657
3659
3660
3662
3663
3665
3666
3667
3670
3671
3673
3674
3675
3676
3678
3679
3680
3681
3684
3685
3688
3689
3690
3691
3692
3694
3697
3698
3699
3700
3702
3703
3704
3705
3707
3708
3709
3712
3713
3714
3715
3716
3719
3720
3721
3722
3724
3725
3727
3729
3730
3731
3732
3733
3734
3737
3738
3739
3740
3741
3742
3743
3745
3746
3749
3750
3751
3752
3754
3755
3756
3757
3758
3759
3761
3762
3763
3765
3766
3767
3768
3769
3770
3772
3773
3774
3776
3777
3778
3779
3780
3781
3783
3784
3785
3786
3787
3788
3789
3792
3793
3794
3795
3796
3797
3798
3799
3800
3803
3804
3805
3806
3808
3809
3810
3811
3812
3813
3816
3817
3818
3819
3821
3823
3824
3825
3826
3827
3829
3830
3831
3832
3833
3834
3837
3838
3839
3842
3843
3844
3847
3848
3849
3851
3852
3853
3856
3857
3860
3861
3862
3863
3864
3865
3866
3868
3871
3872
3875
3876
3877
3880
3881
3884
3885
3886
3887
3889
3892
3893
3894
3895
3896
3897
3899
3902
3903
3904
3905
3906
3907
3908
3910
3911
3912
3914
3915
3918
3919
3920
3921
3922
3923
3927
3928
3929
3930
3931
3932
3933
3934
3935
3936
3938
3940
3941
3942
3943
3944
3945
3946
3947
3948
3949
3950
3951
3955
3956
3959
3960
3961
3963
3966
3969
3970
3971
3972
3973
3974
3975
3976
3977
3978
3979
3980
3981
3982
3983
3984
3985
3986
3987
3988
3990
3992
3993
3994
3995
3996
4002
4004
4005
4006
4007
4008
4009
4010
4014
4015
4017
4018
4019
4020
4021
4024
4025
4026
4027
4028
4031
4032
4033
4034
4035
4038
4039
4040
4041
4042
4044
4045
4046
4047
4048
4050
4052
4053
4054
4055
4056
4057
4058
4059
4061
4063
4064
4065
4066
4068
4069
4070
4071
4072
4074
4076
4077
4078
4079
4080
4082
4083
4084
4085
4086
4088
4090
4091
4092
4093
4094
4095
4096
4097
4099
4101
4102
4103
4104
4105
4106
4107
4108
4110
4112
4113
4114
4115
4116
4117
4118
4119
4121
4123
4124
4125
4126
4127
4128
4129
4131
4133
4134
4135
4136
4137
4138
4139
4141
4143
4144
4145
4147
4148
4149
4150
4151
4154
4155
4156
4157
4158
4159
4162
4163
4164
4166
4167
4168
4169
4171
4172
4173
4175
4176
4177
4178
4179
4180
4181
4182
4183
4184
4185
4187
4190
4193
4194
4195
4198
4201
4202
4204
4205
4206
4207
4209
4210
4211
4212
4213
4214
4216
4218
4219
4220
4223
4224
4227
4228
4229
4232
4233
4234
4237
4238
4239
4240
4241
4244
4245
4246
4249
4251
4252
4253
4254
4255
4256
4260
4261
4262
4264
4265
4266
4267
4268
4272
4273
4274
4276
4277
4278
4280
4281
4282
4285
4286
4289
4290
4291
4292
4295
4298
4299
4301
4302
4303
4306
4309
4310
4311
4312
4313
4315
4316
4318
4319
4322
4323
4325
4326
4327
4328
4330
4331
4334
4335
4336
4337
4338
4340
4343
4344
4345
4346
4348
4350
4351
4352
4353
4355
4356
4358
4359
4360
4363
4364
4365
4366
4367
4370
4371
4372
4373
4375
4376
4378
4380
4381
4382
4383
4384
4385
4388
4389
4390
4391
4392
4393
4394
4396
4397
4400
4401
4402
4403
4405
4406
4407
4408
4409
4410
4412
4413
4414
4416
4417
4418
4419
4420
4421
4423
4424
4425
4427
4428
4429
4430
4431
4432
4434
4435
4436
4437
4438
4439
4440
4443
4444
4445
4446
4447
4448
4449
4450
4451
4454
4455
4456
4457
4459
4460
4461
4462
4463
4464
4467
4468
4469
4470
4472
4474
4475
4476
4477
4478
4480
4481
4482
4483
4484
4485
4488
4489
4490
4493
4494
4495
4498
4499
4500
4502
4503
4506
4507
4510
4511
4512
4513
4514
4517
4518
4521
4522
4523
4526
4527
4530
4531
4532
4533
4535
4538
4539
4540
4541
4542
4543
4545
4548
4549
4550
4551
4552
4553
4555
4556
4557
4560
4561
4562
4563
4564
4565
4569
4570
4571
4572
4573
4574
4575
4576
4577
4579
4581
4582
4585
4586
4589
4590
4591
4592
4593
4594
4595
4596
4597
4598
4599
4600
4601
4602
4603
4604
4605
4606
4607
4608
4610
4612
4613
4614
4615
4616
4617
4618
4620
4622
4623
4624
4625
4626
4627
4628
4629
4630
4631
4634
4635
4641
4643
4644
4645
4646
4647
4648
4649
4652
4653
4655
4656
4658
4659
4661
4662
4663
4664
4666
4667
4668
4669
4671
4672
4673
4675
4676
4677
4678
4680
4681
4682
4683
4684
4685
4687
4688
4689
4690
4691
4694
4697
4698
4699
4702
4705
4706
4708
4709
4710
4711
4713
4714
4715
4717
4718
4719
4721
4722
4723
4724
4726
4727
4728
4729
4730
4731
4733
4735
4736
4737
4740
4741
4744
4745
4746
4749
4750
4751
4754
4755
4756
4757
4758
4759
4761
4762
4764
4765
4768
4769
4770
4771
4772
4774
4775
4778
4779
4780
4781
4782
4784
4785
4788
4789
4790
4791
4792
4794
4795
4797
4798
4801
4802
4803
4804
4805
4807
4808
4809
4810
4812
4813
4814
4816
4817
4818
4820
4821
4822
4823
4826
4827
4830
4831
4832
4833
4834
4836
4837
4839
4840
4842
4843
4845
4848
4849
4850
4851
4853
4854
4855
4856
4858
4859
4860
4862
4863
4864
4866
4867
4868
4870
4871
4872
4875
4876
4877
4878
4879
4882
4883
4884
4885
4887
4888
4890
4892
4893
4894
4895
4896
4898
4899
4900
4901
4903
4904
4905
4906
4908
4909
4910
4911
4913
4914
4915
4918
4919
4920
4921
4922
4923
4924
4926
4927
4928
4930
4931
4932
4934
4935
4936
4938
4939
4942
4943
4944
4945
4947
4948
4949
4950
4951
4952
4954
4955
4956
4958
4959
4960
4961
4962
4963
4965
4966
4967
4969
4970
4971
4972
4973
4974
4976
4977
4978
4979
4980
4981
4982
4985
4986
4987
4988
4989
4990
4991
4992
4993
4996
4997
4998
4999
5001
5002
5003
5004
5005
5006
5009
5010
5011
5012
5014
5016
5017
5018
5019
5020
5022
5023
5024
5025
5026
5027
5030
5031
5032
5035
5036
5037
5040
5041
5042
5044
5045
5046
5047
5050
5051
5054
5055
5056
5057
5058
5059
5061
5062
5063
5064
5065
5066
5067
5068
5069
5071
5072
5075
5076
5079
5080
5081
5084
5085
5088
5089
5090
5091
5093
5096
5097
5098
5099
5100
5101
5103
5106
5107
5108
5109
5110
5111
5113
5114
5115
5116
5118
5119
5121
5122
5123
5125
5126
5127
5129
5130
5131
5132
5134
5135
5136
5139
5140
5141
5142
5143
5144
5148
5149
5150
5151
5153
5154
5156
5157
5159
5160
5162
5163
5166
5167
5169
5171
5173
5175
5176
5178
5181
5184
5185
5186
5187
5188
5189
5190
5191
5192
5193
5194
5195
5196
5197
5198
5199
5200
5201
5202
5203
5205
5207
5208
5209
5210
5212
5213
5214
5216
5217
5218
5219
5221
5222
5223
5224
5226
5227
5228
5229
5231
5232
5233
5239
5241
5242
5243
5244
5245
5246
5248
5249
5250
5251
5252
5255
5256
5257
5258
5260
5261
5262
5263
5265
5266
5268
5269
5270
5271
5272
5273
5274
5276
5277
5279
5280
5281
5282
5283
5284
5285
5286
5288
5289
5290
5292
5293
5295
5296
5297
5298
5299
5300
5302
5303
5305
5306
5307
5308
5310
5311
5312
5313
5314
5317
5318
5319
5320
5321
5322
5323
5324
5325
5326
5328
5331
5332
5333
5334
5336
5337
5339
5340
5341
5342
5343
5345
5346
5347
5348
5349
5352
5353
5354
5355
5357
5358
5360
5361
5362
5363
5364
5366
5367
5368
5369
5370
5373
5374
5375
5376
5377
5378
5380
5381
5382
5383
5384
5387
5388
5389
5390
5392
5393
5394
5395
5397
5398
5400
5401
5402
5403
5404
5405
5406
5408
5409
5411
5412
5413
5414
5415
5416
5417
5418
5420
5421
5422
5424
5425
5427
5428
5429
5430
5431
5432
5434
5435
5437
5438
5439
5440
5442
5443
5444
5445
5446
5449
5450
5451
5452
5453
5454
5455
5456
5457
5458
5460
5463
5466
5467
5468
5471
5474
5475
5477
5478
5479
5481
5482
5483
5484
5485
5486
5488
5490
5491
5492
5495
5496
5499
5500
5501
5504
5505
5506
5509
5510
5511
5512
5513
5514
5516
5517
5520
5521
5523
5524
5525
5526
5528
5529
5530
5532
5533
5536
5537
5538
5539
5540
5542
5545
5546
5547
5548
5550
5551
5552
5553
5555
5556
5557
5560
5561
5562
5563
5564
5567
5568
5569
5570
5572
5573
5575
5577
5578
5579
5580
5581
5583
5584
5585
5588
5589
5590
5591
5592
5593
5594
5596
5597
5600
5601
5602
5603
5605
5606
5607
5608
5609
5610
5612
5613
5614
5616
5617
5618
5619
5620
5621
5623
5624
5625
5627
5628
5629
5630
5631
5632
5634
5635
5636
5637
5638
5639
5640
5643
5644
5645
5646
5647
5648
5649
5650
5651
5654
5655
5656
5657
5659
5660
5661
5662
5663
5664
5667
5668
5669
5670
5672
5674
5675
5676
5677
5678
5680
5681
5682
5683
5684
5685
5688
5689
5690
5693
5694
5695
5698
5699
5700
5702
5703
5706
5707
5710
5711
5712
5713
5714
5717
5718
5721
5722
5723
5726
5727
5730
5731
5732
5733
5735
5738
5739
5740
5741
5742
5743
5745
5748
5749
5750
5751
5752
5753
5755
5756
5757
5758
5761
5762
5763
5764
5765
5766
5770
5771
5772
5773
5775
5776
5779
5780
5782
5784
5787
5788
5789
5790
5791
5792
5793
5794
5795
5796
5797
5798
5799
5800
5801
5802
5803
5804
5805
5806
5808
5810
5811
5812
5813
5819
5821
5822
5823
5824
5826
5827
5829
5830
5831
5832
5833
5835
5836
5837
5838
5839
5842
5845
5846
5847
5850
5853
5854
5856
5857
5858
5859
5861
5862
5863
5865
5866
5867
5868
5869
5870
5872
5874
5875
5876
5879
5880
5883
5884
5885
5888
5889
5890
5893
5894
5895
5896
5897
5898
5900
5901
5903
5904
5907
5908
5909
5910
5911
5913
5914
5917
5918
5919
5921
5922
5923
5924
5926
5927
5928
5930
5931
5932
5934
5935
5938
5939
5940
5941
5942
5944
5945
5947
5950
5951
5952
5953
5955
5956
5957
5958
5960
5961
5962
5964
5965
5966
5969
5970
5971
5972
5973
5976
5977
5978
5979
5981
5982
5984
5986
5987
5988
5989
5990
5992
5993
5994
5995
5997
5998
5999
6002
6003
6004
6005
6006
6007
6008
6010
6011
6012
6014
6015
6018
6019
6020
6021
6023
6024
6025
6026
6027
6028
6030
6031
6032
6034
6035
6036
6037
6038
6039
6041
6042
6043
6045
6046
6047
6048
6049
6050
6052
6053
6054
6055
6056
6057
6058
6061
6062
6063
6064
6065
6066
6067
6068
6069
6072
6073
6074
6075
6077
6078
6079
6080
6081
6082
6085
6086
6087
6088
6090
6092
6093
6094
6095
6096
6098
6099
6100
6101
6102
6103
6106
6107
6108
6111
6112
6113
6116
6117
6118
6120
6121
6122
6125
6126
6129
6130
6131
6132
6133
6134
6136
6137
6138
6139
6142
6143
6146
6147
6148
6151
6152
6155
6156
6157
6158
6160
6163
6164
6165
6166
6167
6168
6170
6173
6174
6175
6176
6177
6178
6180
6181
6182
6183
6185
6186
6188
6189
6190
6191
6194
6195
6196
6197
6198
6199
6203
6204
6205
6206
6208
6209
6211
6212
6215
6216
6218
6220
6222
6224
6227
6228
6229
6230
6231
6232
6233
6234
6235
6236
6237
6238
6239
6240
6241
6242
6243
6244
6245
6246
6248
6250
6251
6252
6253
6255
6256
6257
6259
6260
6261
6262
6268
6270
6271
6272
6273
6274
6275
6277
6278
6279
6280
6281
6284
6285
6286
6287
6289
6290
6291
6292
6294
6295
6297
6298
6299
6300
6301
6302
6303
6305
6306
6308
6309
6310
6311
6312
6313
6314
6315
6317
6318
6319
6321
6322
6324
6325
6326
6327
6328
6329
6331
6332
6334
6335
6336
6337
6339
6340
6341
6342
6343
6346
6347
6348
6349
6350
6351
6352
6353
6354
6355
6357
6360
6361
6362
6363
6365
6366
6368
6369
6370
6371
6372
6374
6375
6376
6377
6378
6381
6384
6385
6386
6389
6392
6393
6395
6396
6397
6399
6400
6401
6403
6404
6405
6406
6407
6408
6410
6412
6413
6414
6417
6418
6421
6422
6423
6426
6427
6428
6431
6432
6433
6434
6435
6436
6438
6439
6442
6443
6444
6445
6446
6448
6449
6452
6453
6454
6456
6457
6458
6459
6461
6462
6463
6465
6466
6469
6470
6471
6472
6473
6475
6476
6478
6481
6482
6483
6484
6486
6487
6488
6489
6491
6492
6493
6495
6496
6497
6500
6501
6502
6503
6504
6507
6508
6509
6510
6512
6513
6515
6517
6518
6519
6520
6521
6523
6524
6525
6526
6528
6529
6530
6533
6534
6535
6536
6537
6538
6539
6541
6542
6543
6545
6546
6549
6550
6551
6552
6554
6555
6556
6557
6558
6559
6561
6562
6563
6565
6566
6567
6568
6569
6570
6572
6573
6574
6576
6577
6578
6579
6580
6581
6583
6584
6585
6586
6587
6588
6589
6592
6593
6594
6595
6596
6597
6598
6599
6600
6603
6604
6605
6606
6608
6609
6610
6611
6612
6613
6616
6617
6618
6619
6621
6623
6624
6625
6626
6627
6629
6630
6631
6632
6633
6634
6637
6638
6639
6642
6643
6644
6647
6648
6649
6651
6652
6655
6656
6659
6660
6661
6662
6663
6664
6665
6668
6669
6672
6673
6674
6677
6678
6681
6682
6683
6684
6686
6689
6690
6691
6692
6693
6694
6696
6699
6700
6701
6702
6703
6704
6706
6707
6708
6710
6711
6712
6713
6716
6717
6718
6719
6720
6721
6725
6726
6727
6728
6730
6731
6733
6734
6737
6738
6740
6742
6745
6746
6747
6748
6749
6750
6751
6752
6753
6754
6755
6756
6757
6758
6759
6760
6761
6762
6763
6764
6766
6768
6769
6770
6771
6773
6774
6775
6776
6782
6784
6785
6786
6787
6789
6790
6792
6793
6794
6795
6796
6798
6799
6800
6801
6802
6805
6806
6807
6808
6810
6811
6813
6814
6815
6816
6817
6819
6820
6821
6822
6823
6826
6829
6830
6831
6834
6837
6838
6840
6841
6842
6843
6845
6846
6847
6849
6850
6851
6852
6853
6854
6856
6858
6859
6860
6863
6864
6867
6868
6869
6872
6873
6874
6877
6878
6879
6880
6881
6882
6884
6885
6887
6888
6891
6892
6893
6894
6895
6897
6898
6901
6902
6903
6905
6906
6907
6908
6910
6911
6912
6914
6915
6916
6918
6919
6922
6923
6924
6925
6926
6928
6929
6931
6934
6935
6936
6937
6939
6940
6941
6942
6944
6945
6946
6948
6949
6950
6953
6954
6955
6956
6957
6960
6961
6962
6963
6965
6966
6968
6970
6971
6972
6973
6974
6976
6977
6978
6979
6981
6982
6983
6986
6987
6988
6989
6990
6991
6992
6994
6995
6996
6998
6999
7002
7003
7004
7005
7007
7008
7009
7010
7011
7012
7014
7015
7016
7018
7019
7020
7021
7022
7023
7025
7026
7027
7029
7030
7031
7032
7033
7034
7036
7037
7038
7039
7040
7041
7042
7045
7046
7047
7048
7049
7050
7051
7052
7053
7056
7057
7058
7059
7061
7062
7063
7064
7065
7066
7069
7070
7071
7072
7074
7076
7077
7078
7079
7080
7082
7083
7084
7085
7086
7087
7090
7091
7092
7095
7096
7097
7100
7101
7102
7104
7105
7106
7109
7110
7113
7114
7115
7116
7117
7118
7120
7121
7122
7123
7126
7127
7130
7131
7132
7135
7136
7139
7140
7141
7142
7144
7147
7148
7149
7150
7151
7152
7154
7157
7158
7159
7160
7161
7162
7164
7165
7166
7167
7169
7170
7172
7173
7174
7175
7178
7179
7180
7181
7182
7183
7187
7188
7189
7190
7192
7193
7195
7196
7199
7200
7202
7204
7206
7208
7211
7212
7213
7214
7215
7216
7217
7218
7219
7220
7221
7222
7223
7224
7225
7226
7227
7228
7229
7230
7232
7234
7235
7236
7237
7239
7240
7241
7243
7244
7245
7246
7252
7254
7255
7256
7257
7258
7259
7261
7262
7263
7264
7265
7268
7269
7270
7271
7273
7274
7275
7276
7278
7279
7281
7282
7283
7284
7285
7286
7287
7289
7290
7292
7293
7294
7295
7296
7297
7298
7299
7301
7302
7303
7305
7306
7308
7309
7310
7311
7312
7313
7315
7316
7318
7319
7320
7321
7323
7324
7325
7326
7327
7330
7331
7332
7333
7334
7335
7336
7337
7338
7339
7341
7344
7345
7346
7347
7349
7350
7352
7353
7354
7356
7357
7358
7359
7361
7362
7363
7364
7365
7368
7371
7372
7373
7376
7379
7380
7382
7383
7384
7385
7386
7387
7389
7391
7392
7393
7396
7397
7400
7401
7402
7405
7406
7407
7410
7412
7413
7414
7415
7417
7418
7421
7422
7423
7424
7427
7428
7429
7430
7432
7433
7434
7435
7438
7439
7440
7441
7442
7445
7446
7447
7448
7450
7451
7453
7455
7456
7457
7458
7461
7462
7463
7464
7465
7466
7469
7470
7471
7472
7474
7475
7476
7477
7478
7479
7481
7482
7483
7485
7486
7487
7488
7489
7490
7492
7493
7494
7496
7497
7498
7499
7500
7501
7503
7504
7505
7506
7507
7508
7509
7512
7513
7514
7515
7516
7517
7518
7519
7520
7523
7524
7525
7526
7528
7529
7530
7531
7532
7533
7536
7537
7538
7539
7541
7543
7544
7545
7546
7547
7549
7550
7551
7552
7553
7554
7557
7558
7559
7562
7563
7564
7567
7568
7569
7571
7572
7575
7576
7579
7580
7581
7584
7585
7588
7589
7590
7593
7594
7597
7598
7599
7600
7602
7605
7606
7607
7608
7609
7610
7612
7615
7616
7617
7618
7621
7622
7623
7624
7625
7626
7630
7631
7632
7633
7636
7637
7640
7641
7642
7643
7644
7645
7646
7647
7648
7649
7650
7651
7652
7653
7654
7655
7656
7657
7658
7659
7661
7668
7671
7672
7673
7676
7679
7680
7682
7683
7684
7685
7687
7688
7689
7691
7692
7693
7695
7696
7697
7698
7699
7700
7702
7704
7705
7706
7709
7710
7713
7714
7715
7718
7719
7720
7723
7724
7725
7726
7727
7728
7730
7731
7733
7734
7737
7738
7739
7740
7741
7743
7744
7747
7748
7749
7750
7751
7753
7754
7757
7758
7759
7760
7762
7763
7764
7765
7767
7768
7769
7771
7772
7773
7775
7776
7779
7780
7781
7782
7783
7785
7786
7788
7789
7791
7794
7795
7796
7797
7799
7800
7801
7802
7804
7805
7806
7808
7809
7810
7812
7813
7814
7817
7818
7819
7820
7821
7824
7825
7826
7827
7829
7830
7832
7834
7835
7836
7837
7838
7840
7841
7842
7843
7845
7846
7847
7848
7850
7851
7852
7855
7856
7857
7858
7859
7860
7861
7863
7864
7865
7867
7868
7869
7871
7872
7875
7876
7877
7878
7880
7881
7882
7883
7884
7885
7887
7888
7889
7891
7892
7893
7894
7895
7896
7898
7899
7900
7902
7903
7904
7905
7906
7907
7909
7910
7911
7912
7913
7914
7915
7918
7919
7920
7921
7922
7923
7924
7925
7926
7929
7930
7931
7932
7934
7935
7936
7937
7938
7939
7942
7943
7944
7945
7947
7949
7950
7951
7952
7953
7955
7956
7957
7958
7959
7960
7963
7964
7965
7968
7969
7970
7973
7974
7975
7977
7978
7979
7982
7983
7986
7987
7988
7989
7990
7991
7993
7994
7995
7996
7997
7998
8001
8002
8005
8006
8007
8010
8011
8014
8015
8016
8017
8019
8022
8023
8024
8025
8026
8027
8029
8032
8033
8034
8035
8036
8037
8039
8040
8041
8042
8044
8045
8047
8048
8049
8051
8052
8053
8054
8057
8058
8059
8060
8061
8062
8066
8067
8068
8069
8071
8072
8074
8075
8077
8078
8081
8082
8084
8086
8088
8090
8093
8094
8095
8096
8097
8098
8099
8100
8101
8102
8103
8104
8105
8106
8107
8108
8109
8110
8111
8112
8114
8116
8117
8118
8119
8121
8122
8123
8125
8126
8127
8128
8130
8131
8132
8133
8139
8141
8142
8143
8144
8145
8146
8148
8149
8150
8151
8152
8155
8156
8157
8158
8160
8161
8162
8163
8165
8166
8168
8169
8170
8171
8172
8173
8174
8176
8177
8179
8180
8181
8182
8183
8184
8185
8186
8188
8189
8190
8192
8193
8195
8196
8197
8198
8199
8200
8202
8203
8205
8206
8207
8208
8210
8211
8212
8213
8214
8217
8218
8219
8220
8221
8222
8223
8224
8225
8226
8228
8231
8232
8233
8234
8236
8237
8239
8240
8241
8242
8243
8245
8246
8247
8248
8249
8252
8253
8254
8255
8257
8258
8260
8261
8262
8264
8265
8266
8267
8269
8270
8271
8272
8273
8276
8279
8280
8281
8284
8287
8288
8290
8291
8292
8293
8294
8295
8297
8299
8300
8301
8304
8305
8308
8309
8310
8313
8314
8315
8318
8320
8321
8322
8323
8325
8326
8329
8330
8331
8332
8335
8336
8337
8338
8340
8341
8342
8343
8346
8347
8348
8349
8350
8353
8354
8355
8356
8358
8359
8361
8363
8364
8365
8366
8369
8370
8371
8372
8373
8374
8377
8378
8379
8380
8382
8383
8384
8385
8386
8387
8389
8390
8391
8393
8394
8395
8396
8397
8398
8400
8401
8402
8404
8405
8406
8407
8408
8409
8411
8412
8413
8414
8415
8416
8417
8420
8421
8422
8423
8424
8425
8426
8427
8428
8431
8432
8433
8434
8436
8437
8438
8439
8440
8441
8444
8445
8446
8447
8449
8451
8452
8453
8454
8455
8457
8458
8459
8460
8461
8462
8465
8466
8467
8470
8471
8472
8475
8476
8477
8479
8480
8483
8484
8487
8488
8489
8492
8493
8496
8497
8498
8501
8502
8505
8506
8507
8508
8510
8513
8514
8515
8516
8517
8518
8520
8523
8524
8525
8526
8529
8530
8531
8532
8533
8534
8538
8539
8540
8541
8544
8545
8548
8549
8550
8551
8552
8553
8554
8555
8556
8557
8558
8559
8560
8561
8562
8563
8564
8565
8566
8567
8569
8576
8579
8580
8581
8584
8587
8588
8590
8591
8592
8593
8595
8596
8597
8598
8600
8601
8602
8604
8605
8606
8607
8608
8609
8611
8613
8614
8615
8618
8619
8622
8623
8624
8627
8628
8629
8632
8633
8634
8635
8636
8637
8639
8640
8642
8643
8646
8647
8648
8649
8650
8652
8653
8655
8656
8659
8660
8661
8662
8663
8665
8666
8669
8670
8671
8672
8674
8675
8676
8677
8679
8680
8681
8683
8684
8685
8687
8688
8689
8691
8692
8693
8695
8696
8699
8700
8701
8702
8703
8705
8706
8708
8709
8711
8714
8715
8716
8717
8719
8720
8721
8722
8724
8725
8726
8728
8729
8730
8732
8733
8734
8737
8738
8739
8740
8741
8744
8745
8746
8747
8749
8750
8752
8754
8755
8756
8757
8758
8760
8761
8762
8763
8765
8766
8767
8768
8770
8771
8772
8775
8776
8777
8778
8779
8780
8781
8783
8784
8785
8787
8788
8789
8791
8792
8795
8796
8797
8798
8800
8801
8802
8803
8804
8805
8807
8808
8809
8811
8812
8813
8814
8815
8816
8818
8819
8820
8822
8823
8824
8825
8826
8827
8829
8830
8831
8832
8833
8834
8835
8838
8839
8840
8841
8842
8843
8844
8845
8846
8849
8850
8851
8852
8854
8855
8856
8857
8858
8859
8862
8863
8864
8865
8867
8869
8870
8871
8872
8873
8875
8876
8877
8878
8879
8880
8883
8884
8885
8888
8889
8890
8893
8894
8895
8897
8898
8899
8900
8903
8904
8907
8908
8909
8910
8911
8912
8914
8915
8916
8917
8918
8920
8921
8922
8923
8926
8927
8930
8931
8932
8935
8936
8939
8940
8941
8942
8944
8947
8948
8949
8950
8951
8952
8954
8957
8958
8959
8960
8961
8962
8964
8965
8966
8967
8969
8970
8972
8973
8974
8975
8977
8978
8980
8981
8982
8983
8986
8987
8988
8989
8990
8991
8995
8996
8997
8998
9000
9001
9003
9004
9006
9007
9010
9011
9013
9015
9017
9019
9021
9023
9025
9027
9030
9031
9032
9033
9034
9035
9036
9037
9038
9039
9040
9041
9042
9043
9044
9045
9046
9047
9048
9049
9051
9053
9054
9055
9056
9058
9059
9060
9062
9063
9064
9065
9067
9068
9069
9071
9072
9073
9074
9080
9082
9083
9084
9085
9086
9087
9089
9090
9091
9092
9093
9096
9097
9098
9099
9101
9102
9103
9104
9106
9107
9109
9110
9111
9112
9113
9114
9115
9117
9118
9120
9121
9122
9123
9124
9125
9126
9127
9129
9130
9131
9133
9134
9136
9137
9138
9139
9140
9141
9143
9144
9146
9147
9148
9149
9151
9152
9153
9154
9155
9158
9159
9160
9161
9162
9163
9164
9165
9166
9167
9169
9172
9173
9174
9175
9176
9177
9179
9180
9181
9182
9183
9186
9187
9188
9189
9191
9192
9193
9194
9196
9197
9199
9200
9201
9202
9203
9204
9205
9207
9208
9210
9211
9212
9213
9214
9215
9216
9217
9219
9220
9221
9223
9224
9226
9227
9228
9229
9230
9231
9233
9234
9236
9237
9238
9239
9241
9242
9243
9244
9245
9248
9249
9250
9251
9252
9253
9254
9255
9256
9257
9259
9262
9263
9264
9265
9267
9268
9270
9271
9272
9273
9274
9276
9277
9278
9279
9280
9283
9286
9287
9288
9291
9294
9295
9297
9298
9299
9300
9301
9302
9304
9306
9307
9308
9311
9312
9315
9316
9317
9320
9321
9322
9325
9327
9328
9329
9330
9332
9333
9336
9337
9338
9339
9342
9343
9344
9345
9347
9348
9349
9350
9353
9354
9355
9356
9357
9360
9361
9362
9363
9365
9366
9368
9370
9371
9372
9373
9376
9377
9378
9379
9380
9381
9384
9385
9386
9387
9389
9390
9391
9392
9393
9394
9396
9397
9398
9400
9401
9402
9403
9404
9405
9407
9408
9409
9411
9412
9413
9414
9415
9416
9418
9419
9420
9421
9422
9423
9424
9427
9428
9429
9430
9431
9432
9433
9434
9435
9438
9439
9440
9441
9443
9444
9445
9446
9447
9448
9451
9452
9453
9454
9456
9458
9459
9460
9461
9462
9464
9465
9466
9467
9468
9469
9472
9473
9474
9477
9478
9479
9482
9483
9484
9486
9487
9490
9491
9494
9495
9496
9499
9500
9503
9504
9505
9508
9509
9512
9513
9514
9515
9517
9520
9521
9522
9523
9524
9525
9527
9530
9531
9532
9533
9536
9537
9538
9539
9540
9541
9545
9546
9547
9548
9551
9552
9555
9556
9557
9558
9559
9560
9561
9562
9563
9564
9565
9566
9567
9568
9569
9570
9571
9572
9573
9574
9576
9583
9586
9587
9588
9591
9594
9595
9597
9598
9599
9601
9602
9603
9605
9606
9607
9608
9609
9610
9612
9614
9615
9616
9619
9620
9623
9624
9625
9628
9629
9630
9633
9634
9635
9636
9637
9638
9640
9641
9644
9645
9646
9647
9648
9650
9651
9654
9655
9656
9658
9659
9660
9661
9663
9664
9665
9667
9668
9669
9671
9672
9675
9676
9677
9678
9679
9681
9682
9684
9687
9688
9689
9690
9692
9693
9694
9695
9697
9698
9699
9701
9702
9703
9706
9707
9708
9709
9710
9713
9714
9715
9716
9718
9719
9721
9723
9724
9725
9726
9727
9729
9730
9731
9732
9734
9735
9736
9739
9740
9741
9742
9743
9744
9745
9747
9748
9749
9751
9752
9755
9756
9757
9758
9760
9761
9762
9763
9764
9765
9767
9768
9769
9771
9772
9773
9774
9775
9776
9778
9779
9780
9782
9783
9784
9785
9786
9787
9789
9790
9791
9792
9793
9794
9795
9798
9799
9800
9801
9802
9803
9804
9805
9806
9809
9810
9811
9812
9814
9815
9816
9817
9818
9819
9822
9823
9824
9825
9827
9829
9830
9831
9832
9833
9835
9836
9837
9838
9839
9840
9843
9844
9845
9848
9849
9850
9853
9854
9855
9857
9858
9861
9862
9865
9866
9867
9868
9869
9870
9871
9874
9875
9878
9879
9880
9883
9884
9887
9888
9889
9890
9892
9895
9896
9897
9898
9899
9900
9902
9905
9906
9907
9908
9909
9910
9912
9913
9914
9916
9917
9918
9919
9922
9923
9924
9925
9926
9927
9931
9932
9933
9934
9936
9937
9939
9940
9943
9944
9946
9948
9950
9952
9955
9956
9957
9958
9959
9960
9961
9962
9963
9964
9965
9966
9967
9968
9969
9970
9971
9972
9973
9974
9976
9978
9979
9980
9981
9983
9984
9985
9986
9992
9994
9995
9996
9997
9999
10000
10002
10003
10004
10005
10006
10008
10009
10010
10011
10012
10015
10016
10017
10018
10020
10021
10023
10024
10025
10026
10027
10029
10030
10031
10032
10033
10036
10039
10040
10041
10044
10047
10048
10050
10051
10052
10053
10055
10056
10057
10058
10060
10061
10062
10063
10064
10065
10067
10069
10070
10071
10074
10075
10078
10079
10080
10083
10084
10085
10088
10089
10091
10092
10093
10095
10096
10097
10099
10100
10101
10103
10104
10105
10107
10108
10109
10110
10112
10113
10114
10115
10116
10117
10119
10121
10122
10123
10126
10127
10130
10131
10132
10135
10136
10137
10140
10141
10142
10143
10144
10145
10147
10148
10151
10152
10153
10154
10155
10157
10158
10161
10162
10163
10164
10165
10167
10168
10171
10172
10173
10174
10175
10177
10178
10181
10182
10183
10184
10185
10187
10188
10190
10191
10194
10195
10196
10197
10198
10199
10201
10202
10203
10204
10206
10207
10208
10210
10211
10212
10214
10215
10216
10218
10219
10220
10222
10223
10224
10225
10228
10229
10232
10233
10234
10235
10236
10238
10239
10241
10242
10244
10245
10247
10248
10250
10253
10254
10255
10256
10258
10259
10260
10261
10263
10264
10265
10267
10268
10269
10271
10272
10273
10275
10276
10277
10279
10280
10281
10284
10285
10286
10287
10288
10291
10292
10293
10294
10296
10297
10299
10301
10302
10303
10304
10305
10307
10308
10309
10310
10312
10313
10314
10315
10317
10318
10319
10320
10322
10323
10324
10325
10327
10328
10329
10332
10333
10334
10335
10336
10337
10338
10340
10341
10342
10344
10345
10346
10348
10349
10350
10352
10353
10354
10356
10357
10360
10361
10362
10363
10365
10366
10367
10368
10369
10370
10372
10373
10374
10376
10377
10378
10379
10380
10381
10383
10384
10385
10387
10388
10389
10390
10391
10392
10394
10395
10396
10397
10398
10399
10400
10403
10404
10405
10406
10407
10408
10409
10410
10411
10414
10415
10416
10417
10419
10420
10421
10422
10423
10424
10427
10428
10429
10430
10432
10434
10435
10436
10437
10438
10440
10441
10442
10443
10444
10445
10448
10449
10450
10453
10454
10455
10458
10459
10460
10462
10463
10464
10467
10468
10471
10472
10473
10474
10475
10476
10477
10478
10479
10480
10481
10482
10483
10484
10486
10487
10490
10491
10494
10495
10496
10499
10500
10503
10504
10505
10506
10508
10511
10512
10513
10514
10515
10516
10518
10521
10522
10523
10524
10525
10526
10528
10529
10530
10532
10533
10534
10536
10537
10538
10540
10541
10542
10544
10545
10546
10547
10549
10550
10551
10554
10555
10556
10557
10558
10559
10563
10564
10565
10566
10568
10569
10571
10572
10574
10575
10577
10578
10580
10581
10584
10585
10587
10589
10591
10593
10595
10597
10599
10601
10602
10604
10607
10610
10611
10612
10613
10614
10615
10616
10617
10618
10619
10620
10621
10622
10623
10624
10625
10626
10627
10628
10629
10631
10633
10634
10635
10636
10638
10639
10640
10641
10643
10644
10645
10646
10648
10649
10650
10651
10653
10654
10655
10656
10658
10659
10660
10666
10668
10669
10670
10671
10673
10674
10676
10677
10678
10680
10681
10682
10683
10685
10686
10687
10688
10689
10692
10693
10694
10695
10697
10698
10700
10701
10702
10704
10705
10706
10707
10709
10710
10711
10712
10713
10716
10717
10718
10719
10721
10722
10724
10725
10726
10727
10728
10730
10731
10732
10733
10734
10737
10738
10739
10740
10742
10743
10745
10746
10747
10748
10749
10751
10752
10753
10754
10755
10758
10759
10760
10761
10762
10763
10765
10766
10767
10768
10769
10772
10773
10774
10775
10777
10778
10779
10780
10782
10783
10785
10786
10787
10788
10789
10790
10791
10793
10794
10796
10797
10798
10799
10800
10801
10802
10803
10805
10806
10807
10809
10810
10812
10813
10814
10815
10816
10817
10819
10820
10822
10823
10824
10825
10827
10828
10829
10830
10831
10834
10835
10836
10837
10838
10839
10840
10841
10842
10843
10845
10848
10851
10852
10853
10856
10859
10860
10862
10863
10864
10865
10867
10868
10869
10870
10871
10872
10873
10874
10875
10877
10878
10879
10880
10881
10882
10884
10886
10887
10888
10891
10892
10895
10896
10897
10900
10901
10902
10905
10906
10907
10908
10911
10912
10915
10917
10918
10919
10920
10921
10925
10926
10927
10929
10930
10931
10932
10933
10937
10938
10939
10941
10942
10943
10945
10946
10947
10950
10951
10954
10955
10956
10957
10960
10963
10964
10966
10967
10968
10971
10974
10975
10977
10978
10979
10981
10982
10983
10985
10986
10987
10988
10989
10990
10992
10994
10995
10996
10999
11000
11003
11004
11005
11008
11009
11010
11013
11014
11015
11016
11017
11018
11020
11021
11024
11025
11026
11027
11028
11030
11031
11034
11035
11036
11038
11039
11040
11041
11043
11044
11045
11047
11048
11049
11051
11052
11055
11056
11057
11058
11059
11061
11062
11064
11067
11068
11069
11070
11072
11073
11074
11075
11077
11078
11079
11081
11082
11083
11086
11087
11088
11089
11090
11093
11094
11095
11096
11098
11099
11101
11103
11104
11105
11106
11107
11109
11110
11111
11112
11114
11115
11116
11119
11120
11121
11122
11123
11124
11125
11127
11128
11129
11131
11132
11135
11136
11137
11138
11140
11141
11142
11143
11144
11145
11147
11148
11149
11151
11152
11153
11154
11155
11156
11158
11159
11160
11162
11163
11164
11165
11166
11167
11169
11170
11171
11172
11173
11174
11175
11178
11179
11180
11181
11182
11183
11184
11185
11186
11189
11190
11191
11192
11194
11195
11196
11197
11198
11199
11202
11203
11204
11205
11207
11209
11210
11211
11212
11213
11215
11216
11217
11218
11219
11220
11223
11224
11225
11228
11229
11230
11233
11234
11235
11237
11238
11241
11242
11245
11246
11247
11248
11249
11250
11251
11254
11255
11258
11259
11260
11263
11264
11267
11268
11269
11270
11272
11275
11276
11277
11278
11279
11280
11282
11285
11286
11287
11288
11289
11290
11292
11293
11294
11296
11297
11298
11299
11302
11303
11304
11305
11306
11307
11311
11312
11313
11314
11316
11317
11319
11320
11323
11324
11326
11328
11330
11332
11335
11336
11337
11338
11339
11340
11341
11342
11343
11344
11345
11346
11347
11348
11349
11350
11351
11352
11353
11354
11356
11358
11359
11360
11361
11363
11364
11365
11366
11367
11368
11369
11370
11372
11378
11380
11381
11382
11383
11385
11386
11388
11389
11390
11392
11393
11394
11395
11397
11398
11399
11400
11401
11404
11405
11406
11407
11409
11410
11412
11413
11414
11416
11417
11418
11419
11421
11422
11423
11424
11425
11428
11431
11432
11433
11436
11439
11440
11441
11442
11443
11444
11446
11447
11449
11450
11453
11454
11455
11456
11457
11459
11460
11461
11463
11464
11466
11467
11469
11470
11471
11474
11475
11476
11478
11479
11480
11481
11483
11484
11485
11486
11489
11490
11493
11494
11495
11496
11497
11499
11500
11502
11505
11506
11507
11508
11510
11512
11513
11514
11515
11517
11518
11520
11521
11522
11524
11525
11526
11529
11530
11531
11532
11533
11536
11537
11538
11539
11541
11542
11544
11546
11547
11548
11549
11550
11551
11552
11553
11556
11557
11558
11559
11560
11561
11562
11564
11565
11566
11568
11569
11572
11573
11574
11575
11577
11578
11579
11580
11581
11582
11584
11585
11586
11588
11589
11590
11591
11592
11593
11595
11596
11597
11599
11600
11601
11602
11603
11604
11606
11607
11608
11609
11610
11611
11612
11615
11616
11617
11618
11619
11620
11621
11622
11623
11626
11627
11628
11629
11631
11632
11633
11634
11635
11636
11639
11640
11641
11642
11644
11646
11647
11648
11649
11650
11652
11653
11654
11655
11656
11657
11660
11661
11662
11665
11666
11667
11670
11671
11672
11674
11675
11676
11679
11680
11683
11684
11685
11686
11687
11688
11689
11690
11691
11693
11696
11697
11700
11701
11702
11705
11706
11709
11710
11711
11712
11714
11717
11718
11719
11720
11721
11722
11724
11727
11728
11729
11730
11731
11732
11734
11735
11736
11737
11738
11740
11741
11742
11744
11745
11748
11749
11750
11751
11752
11753
11757
11758
11759
11760
11761
11762
11763
11764
11765
11767
11769
11770
11771
11772
11773
11774
11775
11776
11778
11780
11781
11782
11783
11784
11785
11786
11787
11788
11789
11790
11791
11795
11796
11799
11800
11801
11803
11806
11809
11810
11811
11812
11813
11814
11815
11816
11817
11818
11819
11820
11821
11822
11823
11824
11825
11826
11827
11828
11830
11832
11833
11834
11835
11837
11838
11839
11840
11841
11847
11849
11850
11851
11852
11853
11854
11857
11858
11859
11861
11862
11864
11865
11867
11868
11869
11870
11872
11873
11874
11875
11877
11878
11879
11881
11882
11883
11884
11886
11887
11888
11889
11890
11891
11893
11894
11895
11896
11897
11900
11901
11902
11903
11904
11905
11906
11910
11911
11913
11914
11915
11916
11917
11920
11921
11922
11923
11924
11927
11928
11929
11930
11931
11934
11935
11936
11937
11938
11940
11941
11942
11943
11944
11946
11948
11949
11950
11951
11952
11953
11954
11955
11957
11959
11960
11961
11962
11964
11965
11966
11967
11968
11970
11972
11973
11974
11975
11976
11978
11979
11980
11981
11982
11984
11986
11987
11988
11989
11990
11991
11992
11993
11995
11997
11998
11999
12000
12001
12002
12003
12004
12006
12008
12009
12010
12011
12012
12013
12014
12015
12017
12019
12020
12021
12022
12023
12024
12025
12027
12029
12030
12031
12032
12033
12034
12035
12037
12039
12040
12041
12043
12044
12045
12046
12047
12050
12051
12052
12053
12054
12055
12058
12059
12060
12062
12063
12064
12065
12067
12068
12069
12071
12072
12073
12074
12075
12076
12077
12078
12079
12080
12081
12083
12086
12089
12090
12091
12094
12097
12098
12099
12100
12101
12102
12104
12105
12107
12108
12111
12112
12113
12114
12115
12117
12118
12120
12121
12124
12125
12126
12128
12129
12130
12131
12133
12134
12135
12137
12138
12139
12141
12142
12143
12145
12146
12147
12149
12150
12153
12154
12155
12156
12157
12159
12160
12162
12165
12166
12167
12168
12170
12171
12172
12173
12175
12176
12177
12179
12180
12181
12184
12185
12186
12187
12188
12191
12192
12193
12194
12196
12197
12199
12201
12202
12203
12204
12205
12207
12208
12209
12210
12212
12213
12214
12217
12218
12219
12220
12221
12222
12223
12225
12226
12227
12229
12230
12233
12234
12235
12236
12238
12239
12240
12241
12242
12243
12245
12246
12247
12249
12250
12251
12252
12253
12254
12256
12257
12258
12260
12261
12262
12263
12264
12265
12267
12268
12269
12270
12271
12272
12273
12276
12277
12278
12279
12280
12281
12282
12283
12284
12287
12288
12289
12290
12292
12293
12294
12295
12296
12297
12300
12301
12302
12303
12305
12307
12308
12309
12310
12311
12313
12314
12315
12316
12317
12318
12321
12322
12323
12326
12327
12328
12331
12332
12333
12335
12336
12337
12338
12341
12342
12345
12346
12347
12348
12349
12350
12352
12353
12354
12355
12356
12358
12359
12362
12363
12366
12367
12368
12371
12372
12375
12376
12377
12378
12380
12383
12384
12385
12386
12387
12388
12390
12393
12394
12395
12396
12397
12398
12400
12401
12402
12403
12405
12406
12408
12409
12410
12411
12413
12414
12415
12418
12419
12420
12421
12422
12423
12427
12428
12429
12430
12432
12433
12435
12436
12439
12440
12442
12444
12446
12448
12450
12452
12454
12456
12459
12460
12461
12462
12463
12464
12465
12466
12467
12468
12469
12470
12471
12472
12473
12474
12475
12476
12477
12478
12480
12482
12483
12484
12485
12487
12488
12489
12491
12492
12493
12494
12496
12497
12498
12504
12506
12507
12508
12509
12510
12511
12513
12514
12515
12516
12517
12520
12521
12522
12523
12525
12526
12527
12528
12530
12531
12533
12534
12535
12536
12537
12538
12539
12541
12542
12544
12545
12546
12547
12548
12549
12550
12551
12553
12554
12555
12557
12558
12560
12561
12562
12563
12564
12565
12567
12568
12570
12571
12572
12573
12575
12576
12577
12578
12579
12582
12583
12584
12585
12586
12587
12588
12589
12590
12591
12593
12596
12597
12598
12599
12600
12601
12603
12604
12605
12606
12607
12610
12611
12612
12613
12615
12616
12617
12618
12620
12621
12623
12624
12625
12626
12627
12628
12629
12631
12632
12634
12635
12636
12637
12638
12639
12640
12641
12643
12644
12645
12647
12648
12650
12651
12652
12653
12654
12655
12657
12658
12660
12661
12662
12663
12665
12666
12667
12668
12669
12672
12673
12674
12675
12676
12677
12678
12679
12680
12681
12683
12686
12689
12690
12691
12694
12697
12698
12700
12701
12702
12703
12704
12705
12706
12707
12708
12710
12711
12712
12713
12714
12715
12717
12719
12720
12721
12724
12725
12728
12729
12730
12733
12734
12735
12738
12739
12740
12741
12742
12744
12745
12746
12748
12749
12751
12752
12754
12755
12756
12759
12760
12762
12763
12764
12765
12767
12768
12769
12770
12773
12774
12777
12778
12779
12780
12781
12783
12786
12787
12788
12789
12791
12792
12793
12794
12796
12797
12798
12801
12802
12803
12804
12805
12808
12809
12810
12811
12813
12814
12816
12818
12819
12820
12821
12822
12823
12826
12827
12828
12829
12830
12831
12832
12834
12835
12838
12839
12840
12841
12843
12844
12845
12846
12847
12848
12850
12851
12852
12854
12855
12856
12857
12858
12859
12861
12862
12863
12865
12866
12867
12868
12869
12870
12872
12873
12874
12875
12876
12877
12878
12881
12882
12883
12884
12885
12886
12887
12888
12889
12892
12893
12894
12895
12897
12898
12899
12900
12901
12902
12905
12906
12907
12908
12910
12912
12913
12914
12915
12916
12918
12919
12920
12921
12922
12923
12926
12927
12928
12931
12932
12933
12936
12937
12938
12940
12941
12942
12945
12946
12949
12950
12951
12952
12953
12954
12955
12957
12960
12961
12964
12965
12966
12969
12970
12973
12974
12975
12976
12978
12981
12982
12983
12984
12985
12986
12988
12991
12992
12993
12994
12995
12996
12997
12999
13000
13001
13003
13004
13007
13008
13009
13010
13011
13012
13016
13017
13018
13019
13020
13021
13022
13023
13024
13025
13027
13029
13030
13031
13032
13033
13034
13035
13036
13037
13038
13039
13040
13044
13045
13048
13049
13050
13052
13055
13058
13059
13060
13061
13062
13063
13064
13065
13066
13067
13068
13069
13070
13071
13072
13073
13074
13075
13076
13077
13079
13081
13082
13083
13084
13085
13091
13093
13094
13095
13096
13097
13098
13099
13103
13104
13106
13107
13108
13109
13110
13113
13114
13115
13116
13117
13120
13121
13122
13123
13124
13127
13128
13129
13130
13131
13133
13134
13135
13136
13137
13139
13141
13142
13143
13144
13145
13146
13147
13148
13150
13152
13153
13154
13155
13157
13158
13159
13160
13161
13163
13165
13166
13167
13168
13169
13171
13172
13173
13174
13175
13177
13179
13180
13181
13182
13183
13184
13185
13186
13188
13190
13191
13192
13193
13194
13195
13196
13197
13199
13201
13202
13203
13204
13205
13206
13207
13208
13210
13212
13213
13214
13215
13216
13217
13218
13220
13222
13223
13224
13225
13226
13227
13228
13230
13232
13233
13234
13236
13237
13238
13239
13240
13243
13244
13245
13246
13247
13248
13251
13252
13253
13255
13256
13257
13258
13260
13261
13262
13264
13265
13266
13267
13268
13269
13270
13271
13272
13273
13274
13276
13279
13282
13283
13284
13287
13290
13291
13293
13294
13295
13296
13297
13298
13300
13302
13303
13304
13307
13308
13311
13312
13313
13316
13317
13318
13321
13323
13324
13325
13326
13328
13329
13332
13333
13334
13335
13338
13339
13340
13341
13343
13344
13345
13346
13349
13350
13351
13352
13353
13356
13357
13358
13359
13361
13362
13364
13366
13367
13368
13369
13372
13373
13374
13375
13376
13377
13380
13381
13382
13383
13385
13386
13387
13388
13389
13390
13392
13393
13394
13396
13397
13398
13399
13400
13401
13403
13404
13405
13407
13408
13409
13410
13411
13412
13414
13415
13416
13417
13418
13419
13420
13423
13424
13425
13426
13427
13428
13429
13430
13431
13434
13435
13436
13437
13439
13440
13441
13442
13443
13444
13447
13448
13449
13450
13452
13454
13455
13456
13457
13458
13460
13461
13462
13463
13464
13465
13468
13469
13470
13473
13474
13475
13478
13479
13480
13482
13483
13486
13487
13490
13491
13492
13495
13496
13499
13500
13501
13504
13505
13508
13509
13510
13511
13513
13516
13517
13518
13519
13520
13521
13523
13526
13527
13528
13529
13532
13533
13534
13535
13536
13537
13541
13542
13543
13544
13547
13548
13551
13552
13553
13554
13555
13556
13557
13558
13559
13560
13561
13562
13563
13564
13565
13566
13567
13568
13569
13570
13572
13579
13582
13583
13584
13587
13590
13591
13593
13594
13595
13596
13597
13598
13600
13602
13603
13604
13607
13608
13611
13612
13613
13616
13617
13618
13621
13623
13624
13625
13626
13628
13629
13632
13633
13634
13635
13638
13639
13640
13641
13643
13644
13645
13646
13649
13650
13651
13652
13653
13656
13657
13658
13659
13661
13662
13664
13666
13667
13668
13669
13672
13673
13674
13675
13676
13677
13680
13681
13682
13683
13685
13686
13687
13688
13689
13690
13692
13693
13694
13696
13697
13698
13699
13700
13701
13703
13704
13705
13707
13708
13709
13710
13711
13712
13714
13715
13716
13717
13718
13719
13720
13723
13724
13725
13726
13727
13728
13729
13730
13731
13734
13735
13736
13737
13739
13740
13741
13742
13743
13744
13747
13748
13749
13750
13752
13754
13755
13756
13757
13758
13760
13761
13762
13763
13764
13765
13768
13769
13770
13773
13774
13775
13778
13779
13780
13782
13783
13786
13787
13790
13791
13792
13795
13796
13799
13800
13801
13804
13805
13808
13809
13810
13811
13813
13816
13817
13818
13819
13820
13821
13823
13826
13827
13828
13829
13832
13833
13834
13835
13836
13837
13841
13842
13843
13844
13847
13848
13851
13852
13853
13854
13855
13856
13857
13858
13859
13860
13861
13862
13863
13864
13865
13866
13867
13868
13869
13870
13872
13879
13882
13883
13884
13887
13890
13891
13893
13894
13895
13896
13898
13899
13900
13901
13902
13903
13905
13907
13908
13909
13912
13913
13916
13917
13918
13921
13922
13923
13926
13927
13928
13929
13930
13931
13933
13934
13936
13937
13940
13941
13943
13944
13945
13946
13948
13949
13952
13953
13954
13955
13956
13958
13961
13962
13963
13964
13966
13968
13969
13970
13971
13973
13974
13976
13977
13978
13981
13982
13983
13984
13985
13988
13989
13990
13991
13993
13994
13996
13998
13999
14000
14001
14002
14003
14006
14007
14008
14009
14010
14011
14012
14014
14015
14018
14019
14020
14021
14023
14024
14025
14026
14027
14028
14030
14031
14032
14034
14035
14036
14037
14038
14039
14041
14042
14043
14045
14046
14047
14048
14049
14050
14052
14053
14054
14055
14056
14057
14058
14061
14062
14063
14064
14065
14066
14067
14068
14069
14072
14073
14074
14075
14077
14078
14079
14080
14081
14082
14085
14086
14087
14088
14090
14092
14093
14094
14095
14096
14098
14099
14100
14101
14102
14103
14106
14107
14108
14111
14112
14113
14116
14117
14118
14120
14121
14124
14125
14128
14129
14130
14131
14132
14135
14136
14139
14140
14141
14144
14145
14148
14149
14150
14151
14153
14156
14157
14158
14159
14160
14161
14163
14166
14167
14168
14169
14170
14171
14173
14174
14175
14178
14179
14180
14181
14182
14183
14187
14188
14189
14190
14191
14192
14193
14194
14195
14197
14199
14200
14203
14204
14207
14208
14209
14210
14211
14212
14213
14214
14215
14216
14217
14218
14219
14220
14221
14222
14223
14224
14225
14226
14228
14230
14231
14232
14233
14239
14241
14242
14243
14244
14245
14246
14249
14250
14251
14253
14254
14256
14257
14259
14260
14261
14262
14264
14265
14266
14267
14269
14270
14271
14273
14274
14275
14276
14278
14279
14280
14281
14282
14283
14285
14286
14287
14288
14289
14292
14295
14296
14297
14300
14303
14304
14306
14307
14308
14310
14311
14312
14313
14314
14315
14317
14319
14320
14321
14324
14325
14328
14329
14330
14333
14334
14335
14338
14339
14340
14341
14342
14343
14345
14346
14347
14348
14349
14350
14351
14352
14353
14354
14356
14359
14360
14361
14362
14363
14364
14365
14366
14367
14371
14372
14374
14375
14376
14377
14379
14380
14381
14383
14384
14387
14388
14389
14390
14391
14393
14396
14397
14398
14399
14401
14402
14403
14404
14406
14407
14408
14411
14412
14413
14414
14415
14418
14419
14420
14421
14423
14424
14426
14428
14429
14430
14431
14432
14434
14435
14436
14439
14440
14441
14442
14443
14444
14445
14447
14448
14451
14452
14453
14454
14456
14457
14458
14459
14460
14461
14463
14464
14465
14467
14468
14469
14470
14471
14472
14474
14475
14476
14478
14479
14480
14481
14482
14483
14485
14486
14487
14488
14489
14490
14491
14494
14495
14496
14497
14498
14499
14500
14501
14502
14505
14506
14507
14508
14510
14511
14512
14513
14514
14515
14518
14519
14520
14521
14523
14525
14526
14527
14528
14529
14531
14532
14533
14534
14535
14536
14539
14540
14541
14544
14545
14546
14549
14550
14551
14553
14554
14557
14558
14561
14562
14563
14564
14565
14568
14569
14572
14573
14574
14577
14578
14581
14582
14583
14584
14586
14589
14590
14591
14592
14593
14594
14596
14599
14600
14601
14602
14603
14604
14606
14607
14608
14609
14612
14613
14614
14615
14616
14617
14621
14622
14623
14624
14626
14627
14630
14631
14633
14635
14638
14639
14640
14641
14642
14643
14644
14645
14646
14647
14648
14649
14650
14651
14652
14653
14654
14655
14656
14657
14659
14661
14662
14663
14664
14670
14672
14673
14674
14675
14677
14678
14679
14680
14681
14682
14683
14684
14687
14688
14689
14691
14692
14693
14694
14696
14697
14698
14699
14700
14702
14703
14704
14705
14708
14711
14712
14713
14716
14719
14720
14722
14723
14724
14725
14726
14727
14729
14731
14732
14733
14736
14737
14740
14741
14742
14745
14746
14747
14750
14752
14753
14754
14755
14757
14758
14761
14762
14763
14764
14767
14768
14769
14770
14772
14773
14774
14775
14778
14779
14780
14781
14782
14785
14786
14787
14788
14790
14791
14793
14795
14796
14797
14798
14801
14802
14803
14804
14805
14806
14809
14810
14811
14812
14814
14815
14816
14817
14818
14819
14821
14822
14823
14825
14826
14827
14828
14829
14830
14832
14833
14834
14836
14837
14838
14839
14840
14841
14843
14844
14845
14846
14847
14848
14849
14852
14853
14854
14855
14856
14857
14858
14859
14860
14863
14864
14865
14866
14868
14869
14870
14871
14872
14873
14876
14877
14878
14879
14881
14883
14884
14885
14886
14887
14889
14890
14891
14892
14893
14894
14897
14898
14899
14902
14903
14904
14907
14908
14909
14911
14912
14915
14916
14919
14920
14921
14924
14925
14928
14929
14930
14933
14934
14937
14938
14939
14940
14942
14945
14946
14947
14948
14949
14950
14952
14955
14956
14957
14958
14961
14962
14963
14964
14965
14966
14970
14971
14972
14973
14976
14977
14980
14981
14982
14983
14984
14985
14986
14987
14988
14989
14990
14991
14992
14993
14994
14995
14996
14997
14998
14999
15001
15008
15011
15012
15013
15016
15019
15020
15022
15023
15024
15025
15026
15027
15029
15031
15032
15033
15036
15037
15040
15041
15042
15045
15046
15047
15050
15052
15053
15054
15055
15057
15058
15061
15062
15063
15064
15067
15068
15069
15070
15072
15073
15074
15075
15078
15079
15080
15081
15082
15085
15086
15087
15088
15090
15091
15093
15095
15096
15097
15098
15101
15102
15103
15104
15105
15106
15109
15110
15111
15112
15114
15115
15116
15117
15118
15119
15121
15122
15123
15125
15126
15127
15128
15129
15130
15132
15133
15134
15136
15137
15138
15139
15140
15141
15143
15144
15145
15146
15147
15148
15149
15152
15153
15154
15155
15156
15157
15158
15159
15160
15163
15164
15165
15166
15168
15169
15170
15171
15172
15173
15176
15177
15178
15179
15181
15183
15184
15185
15186
15187
15189
15190
15191
15192
15193
15194
15197
15198
15199
15202
15203
15204
15207
15208
15209
15211
15212
15215
15216
15219
15220
15221
15224
15225
15228
15229
15230
15233
15234
15237
15238
15239
15240
15242
15245
15246
15247
15248
15249
15250
15252
15255
15256
15257
15258
15261
15262
15263
15264
15265
15266
15270
15271
15272
15273
15276
15277
15280
15281
15282
15283
15284
15285
15286
15287
15288
15289
15290
15291
15292
15293
15294
15295
15296
15297
15298
15299
15301
15308
15311
15312
15313
15316
15319
15320
15322
15323
15324
15325
15327
15328
15329
15331
15332
15333
15334
15335
15336
15338
15340
15341
15342
15345
15346
15349
15350
15351
15354
15355
15356
15359
15360
15361
15362
15363
15364
15366
15367
15369
15370
15373
15374
15375
15376
15377
15379
15380
15383
15384
15385
15387
15388
15389
15390
15392
15393
15394
15396
15397
15398
15400
15401
15404
15405
15406
15407
15408
15410
15411
15413
15416
15417
15418
15419
15421
15422
15423
15424
15426
15427
15428
15430
15431
15432
15435
15436
15437
15438
15439
15442
15443
15444
15445
15447
15448
15450
15452
15453
15454
15455
15456
15458
15459
15460
15461
15463
15464
15465
15468
15469
15470
15471
15472
15473
15474
15476
15477
15478
15480
15481
15484
15485
15486
15487
15489
15490
15491
15492
15493
15494
15496
15497
15498
15500
15501
15502
15503
15504
15505
15507
15508
15509
15511
15512
15513
15514
15515
15516
15518
15519
15520
15521
15522
15523
15524
15527
15528
15529
15530
15531
15532
15533
15534
15535
15538
15539
15540
15541
15543
15544
15545
15546
15547
15548
15551
15552
15553
15554
15556
15558
15559
15560
15561
15562
15564
15565
15566
15567
15568
15569
15572
15573
15574
15577
15578
15579
15582
15583
15584
15586
15587
15588
15591
15592
15595
15596
15597
15598
15599
15600
15602
15603
15604
15605
15608
15609
15612
15613
15614
15617
15618
15621
15622
15623
15624
15626
15629
15630
15631
15632
15633
15634
15636
15639
15640
15641
15642
15643
15644
15646
15647
15648
15649
15651
15652
15654
15655
15656
15657
15660
15661
15662
15663
15664
15665
15669
15670
15671
15672
15674
15675
15677
15678
15681
15682
15684
15686
15688
15690
15693
15694
15695
15696
15697
15698
15699
15700
15701
15702
15703
15704
15705
15706
15707
15708
15709
15710
15711
15712
15714
15716
15717
15718
15719
15721
15722
15723
15725
15726
15727
15728
15734
15736
15737
15738
15739
15740
15741
15743
15744
15745
15746
15747
15750
15751
15752
15753
15755
15756
15757
15758
15760
15761
15763
15764
15765
15766
15767
15768
15769
15771
15772
15774
15775
15776
15777
15778
15779
15780
15781
15783
15784
15785
15787
15788
15790
15791
15792
15793
15794
15795
15797
15798
15800
15801
15802
15803
15805
15806
15807
15808
15809
15812
15813
15814
15815
15816
15817
15818
15819
15820
15821
15823
15826
15827
15828
15829
15831
15832
15834
15835
15836
15837
15838
15840
15841
15842
15843
15844
15847
15850
15851
15852
15855
15858
15859
15861
15862
15863
15864
15866
15867
15868
15869
15870
15871
15873
15875
15876
15877
15880
15881
15884
15885
15886
15889
15890
15891
15894
15895
15896
15897
15898
15899
15901
15902
15904
15905
15908
15909
15911
15912
15913
15914
15916
15917
15918
15920
15921
15922
15924
15925
15928
15929
15930
15931
15932
15934
15937
15938
15939
15940
15942
15943
15944
15945
15947
15948
15949
15952
15953
15954
15955
15956
15959
15960
15961
15962
15964
15965
15967
15969
15970
15971
15972
15973
15975
15976
15977
15980
15981
15982
15983
15984
15985
15986
15988
15989
15992
15993
15994
15995
15997
15998
15999
16000
16001
16002
16004
16005
16006
16008
16009
16010
16011
16012
16013
16015
16016
16017
16019
16020
16021
16022
16023
16024
16026
16027
16028
16029
16030
16031
16032
16035
16036
16037
16038
16039
16040
16041
16042
16043
16046
16047
16048
16049
16051
16052
16053
16054
16055
16056
16059
16060
16061
16062
16064
16066
16067
16068
16069
16070
16072
16073
16074
16075
16076
16077
16080
16081
16082
16085
16086
16087
16090
16091
16092
16094
16095
16096
16099
16100
16103
16104
16105
16106
16107
16108
16110
16111
16114
16115
16118
16119
16120
16123
16124
16127
16128
16129
16130
16132
16135
16136
16137
16138
16139
16140
16142
16145
16146
16147
16148
16149
16150
16152
16153
16154
16155
16157
16158
16159
16162
16163
16164
16165
16166
16167
16171
16172
16173
16174
16176
16177
16180
16181
16183
16185
16187
16189
16192
16193
16194
16195
16196
16197
16198
16199
16200
16201
16202
16203
16204
16205
16206
16207
16208
16209
16210
16211
16213
16215
16216
16217
16218
16220
16221
16222
16228
16230
16231
16232
16233
16234
16235
16237
16238
16239
16240
16241
16244
16245
16246
16247
16249
16250
16251
16252
16254
16255
16257
16258
16259
16260
16261
16262
16263
16265
16266
16268
16269
16270
16271
16272
16273
16274
16275
16277
16278
16279
16281
16282
16284
16285
16286
16287
16288
16289
16291
16292
16294
16295
16296
16297
16299
16300
16301
16302
16303
16306
16307
16308
16309
16310
16311
16312
16313
16314
16315
16317
16320
16323
16324
16325
16328
16331
16332
16333
16335
16336
16337
16338
16339
16341
16342
16343
16344
16346
16347
16348
16349
16351
16352
16353
16354
16356
16357
16358
16359
16361
16362
16363
16364
16366
16367
16368
16369
16371
16372
16373
16374
16376
16377
16378
16379
16381
16382
16383
16384
16386
16387
16388
16389
16391
16392
16393
16394
16396
16397
16398
16399
16403
16404
16405
16406
16407
16408
16409
16410
16411
16414
16415
16416
16417
16418
16419
16422
16423
16424
16425
16426
16427
16430
16431
16432
16433
16434
16435
16438
16439
16440
16441
16442
16443
16446
16447
16448
16449
16450
16451
16454
16455
16456
16457
16458
16459
16462
16463
16464
16465
16466
16467
16470
16471
16472
16473
16474
16475
16478
16479
16480
16481
16482
16483
16486
16487
16488
16489
16490
16491
16494
16495
16496
16497
16498
16499
16502
16503
16504
16505
16506
16507
16513
16514
16515
16516
16517
16518
16521
16522
16523
16524
16525
16526
16527
16531
16532
16533
16534
16535
16536
16537
16538
16539
16540
16541
16542
16543
16544
16545
16546
16547
16548
16549
16550
16551
16552
16553
16554
16555
16556
16557
16558
16559
16563
16564
16565
16566
16567
16571
16572
16573
16574
16575
16576
16577
16578
16579
16580
16581
16582
16583
16584
16585
16586
16587
16588
16589
16590
16591
16592
16593
16594
16595
16596
16597
16598
16599
16603
16604
16605
16606
16607
16611
16612
16613
16614
16615
16616
16617
16618
16619
16620
16621
16622
16623
16624
16625
16626
16627
16628
16629
16630
16631
16632
16633
16634
16635
16636
16637
16638
16639
16646
16647
16648
16649
16651
16652
16653
16654
16656
16657
16658
16659
16661
16662
16663
16664
16666
16667
16668
16669
16671
16672
16673
16674
16676
16677
16678
16679
16681
16682
16683
16684
16686
16687
16688
16689
16691
16692
16693
16694
16696
16697
16698
16699
16701
16702
16703
16704
16706
16707
16708
16709
16711
16712
16713
16714
16716
16717
16718
16721
16722
16723
16724
16725
16726
16727
16728
16732
16733
16734
16735
16736
16737
16738
16739
16740
16741
16742
16743
16744
16745
16746
16747
16748
16749
16750
16751
16752
16753
16754
16755
16756
16757
16758
16759
16760
16761
16762
16763
16764
16765
16766
16767
16768
16769
16770
16771
16772
16773
16774
16775
16776
16777
16778
16779
16780
16781
16782
16783
16784
16785
16786
16787
16788
16789
16790
16791
16792
16793
16794
16795
16796
16797
16798
16799
16803
16804
16805
16806
16807
16811
16812
16813
16814
16815
16816
16817
16818
16819
16820
16821
16822
16823
16824
16825
16826
16827
16828
16829
16830
16831
16832
16833
16834
16835
16836
16837
16838
16839
16843
16844
16845
16846
16847
16851
16852
16853
16854
16855
16856
16857
16858
16859
16860
16861
16862
16863
16864
16865
16866
16867
16868
16869
16870
16871
16872
16873
16874
16875
16876
16877
16878
16879
16883
16884
16885
16888
16889
16890
16893
16895
16896
16899
16900
16901
16902
16903
16904
16905
16906
16907
16908
16909
16910
16911
16914
16915
16916
16917
16918
16919
16920
16921
16922
16923
16924
16925
16926
16929
16930
16931
16932
16933
16934
16935
16936
16937
16938
16939
16940
16941
16944
16945
16946
16947
16948
16949
16950
16951
16952
16953
16954
16955
16956
16959
16960
16961
16962
16963
16964
16965
16966
16967
16968
16969
16970
16971
16974
16975
16976
16977
16978
16979
16980
16981
16982
16983
16984
16985
16986
16989
16990
16991
16992
16993
16994
16995
16996
16997
16998
16999
17000
17001
17004
17005
17006
17007
17008
17009
17010
17011
17012
17013
17014
17015
17016
17019
17020
17021
17022
17023
17024
17025
17026
17027
17028
17029
17030
17031
17034
17035
17036
17037
17038
17039
17040
17041
17042
17043
17044
17045
17046
17049
17050
17051
17052
17053
17054
17055
17056
17057
17058
17059
17060
17061
17064
17065
17066
17067
17068
17069
17070
17071
17072
17073
17074
17075
17076
17079
17080
17081
17082
17083
17084
17085
17086
17087
17088
17089
17090
17091
17095
17096
17097
17100
17101
17102
17103
17104
17106
17107
17108
17109
17111
17112
17113
17114
17116
17117
17118
17119
17121
17122
17123
17124
17126
17127
17128
17129
17131
17132
17133
17134
17136
17137
17138
17139
17141
17142
17143
17144
17146
17147
17148
17149
17151
17152
17153
17154
17156
17157
17158
17159
17161
17162
17163
17164
17167
17168
17169
17172
17174
17175
17176
17177
17178
17179
17180
17181
17182
17186
17187
17188
17189
17190
17191
17192
17193
17194
17198
17199
17200
17201
17202
17203
17204
17205
17206
17210
17211
17212
17213
17214
17215
17216
17217
17218
17222
17223
17224
17225
17226
17227
17228
17229
17230
17234
17235
17236
17237
17238
17239
17240
17241
17242
17246
17247
17248
17249
17250
17251
17252
17253
17254
17258
17259
17260
17261
17262
17263
17264
17265
17266
17270
17271
17272
17273
17274
17275
17276
17277
17278
17282
17283
17284
17285
17286
17287
17288
17289
17290
17294
17295
17296
17297
17298
17299
17300
17301
17302
17306
17307
17308
17309
17310
17311
17312
17313
17314
17318
17319
17320
17321
17322
17323
17324
17325
17326
17332
17333
17334
17335
17336
17337
17338
17339
17340
17341
17342
17343
17344
17345
17346
17347
17348
17349
17350
17351
17352
17353
17354
17355
17356
17357
17358
17359
17360
17361
17362
17363
17364
17365
17366
17367
17368
17369
17370
17371
17372
17373
17374
17375
17376
17377
17378
17379
17380
17381
17382
17383
17384
17385
17386
17387
17388
17389
17390
17391
17392
17393
17394
17395
17396
17397
17398
17399
17400
17401
17402
17403
17404
17405
17406
17407
17408
17409
17410
17411
17412
17413
17414
17415
17416
17417
17418
17419
17420
17421
17422
17423
17424
17425
17426
17427
17428
17429
17430
17431
17432
17433
17434
17435
17436
17437
17438
17439
17440
17441
17442
17443
17444
17445
17446
17447
17448
17449
17450
17451
17452
17453
17454
17455
17456
17457
17458
17459
17460
17461
17462
17463
17464
17465
17466
17467
17468
17469
17470
17471
17472
17473
17474
17475
17476
17477
17478
17479
17480
17481
17482
17483
17484
17485
17486
17487
17488
17489
17490
17491
17492
17493
17494
17495
17496
17498
17499
17500
17502
17503
17504
17505
17506
17508
17511
17513
17515
17516
17517
17518
17522
17524
17526
17530
17531
17533
17534
17536
17537
17539
17540
17543
17545
17554
17556
17557
17558
17560
17561
17562
17563
17589
17590
17591
17592
17593
17594
17595
17596
17597
17598
17599
17600
17601
17602
17603
17604
17605
17606
17607
17608
17609
17610
17611
17612
17613
17614
17615
17616
17617
17618
17619
17620
17621
17622
17623
17624
17625
17626
17627
17628
17629
17630
17631
17632
17633
17634
17635
17636
17637
17638
17639
17640
17641
17642
17643
17644
17645
17646
17647
17648
17649
17650
17651
17652
17653
17654
17655
17656
17657
17658
17659
17660
17661
17662
17663
17664
17665
17666
17667
17668
17669
17670
17671
17672
17673
17674
17675
17676
17677
17678
17679
17680
17681
17682
17683
17684
17685
17686
17687
17688
17689
17690
17691
17692
17693
17694
17695
17696
17697
17698
17699
17700
17701
17702
17703
17704
17705
17706
17707
17708
17709
17710
17711
17712
17713
17714
17715
17716
17717
17718
17719
17720
17721
17722
17723
17724
17725
17726
17727
17728
17729
17730
17731
17732
17733
17734
17735
17736
17737
17738
17739
17740
17741
17742
17743
17744
17745
17746
17747
17748
17749
17750
17751
17752
17753
17754
17755
17756
17757
17758
17759
17760
17761
17762
17763
17764
17765
17766
17767
17768
17769
17770
17771
17772
17773
17774
17775
17776
17777
17778
17779
17780
17781
17782
17783
17784
17785
17786
17787
17788
17789
17790
17791
17792
17793
17794
17795
17796
17797
17798
17799
17800
17801
17802
17803
17804
17805
17806
17807
17808
17809
17810
17811
17812
17813
17814
17815
17816
17817
17818
17819
17820
17821
17822
17823
17824
17825
17826
17827
17828
17829
17830
17831
17832
17833
17834
17835
17836
17837
17838
17839
17840
17841
17842
17843
17844
17845
17846
17847
17848
17849
17850
17851
17852
17853
17854
17855
17856
17857
17858
17861
17862
17863
17864
17865
17868