1
2
3
4
5
6
7
8
9
10
11
12
13
14
15
16
17
18
19
21
22
23
24
25
26
27
28
29
30
31
32
33
34
35
36
37
39
40
41
42
43
44
45
46
47
48
49
50
51
52
53
54
56
58
59
60
61
62
63
64
65
66
67
68
69
70
71
72
73
74
75
76
77
78
79
80
81
82
83
84
85
86
87
88
89
90
91
92
93
94
95
96
97
99
101
102
104
106
107
108
110
111
112
114
115
116
117
119
120
122
123
125
126
128
129
131
132
134
135
136
137
138
139
140
142
143
145
146
148
149
151
152
154
155
157
158
160
161
163
164
166
167
169
170
172
173
175
176
178
179
181
182
183
184
185
186
187
188
189
190
191
194
195
196
197
198
199
200
201
202
203
206
207
208
209
210
211
212
213
214
215
218
219
222
223
224
225
226
227
228
229
230
231
232
233
234
235
236
237
238
239
240
241
244
245
247
248
250
251
252
253
254
255
256
257
258
259
260
261
262
263
264
265
266
267
268
270
271
274
275
276
277
281
283
284
285
286
287
288
289
290
291
292
293
294
295
297
298
299
300
301
302
306
307
308
309
310
311
312
313
314
315
316
317
320
321
322
323
324
325
326
327
328
329
330
331
333
336
337
338
339
340
341
342
343
344
345
346
347
348
349
350
351
352
354
355
356
359
360
361
362
363
364
365
368
369
370
371
372
373
376
377
378
379
380
381
382
383
384
385
386
387
388
389
390
391
392
395
396
398
401
402
403
404
405
406
407
408
409
410
411
412
413
414
415
416
417
418
420
423
424
425
426
427
428
429
430
434
435
436
437
439
440
442
443
444
445
447
448
449
450
453
455
456
457
458
459
460
461
463
464
465
466
467
468
470
471
472
474
475
476
481
482
484
485
486
488
489
491
492
493
494
495
496
497
499
502
503
504
505
506
507
508
509
510
511
513
514
515
516
520
521
522
523
524
525
526
528
529
530
532
533
534
535
538
539
540
543
544
545
546
547
548
549
552
555
556
559
560
563
564
565
568
569
570
571
574
579
580
581
582
583
584
587
588
589
590
591
592
595
596
597
598
599
600
603
604
605
606
607
608
611
612
613
616
617
618
619
620
623
624
625
626
627
628
631
632
635
636
637
638
639
640
641
642
643
644
645
647
648
649
650
653
654
655
656
657
658
659
660
662
663
664
668
669
670
674
675
676
679
680
681
682
683
687
688
689
690
691
693
694
695
696
698
699
700
704
705
706
707
708
709
710
711
712
713
714
715
717
718
719
721
722
723
724
727
728
729
730
731
732
733
734
737
738
739
740
742
743
744
747
748
749
750
751
752
755
756
758
759
760
762
763
764
765
767
768
769
770
771
772
773
774
775
776
778
779
782
783
784
785
788
790
791
793
794
796
797
799
800
802
803
806
807
808
809
810
811
813
814
815
817
820
821
822
825
826
827
828
829
830
831
832
834
837
838
839
840
841
842
843
845
848
849
850
851
852
853
854
856
859
860
861