1
2
3
4
5
6
7
8
9
10
11
12
13
14
15
16
17
19
21
22
23
24
25
26
27
28
29
30
31
32
33
34
35
36
37
38
39
40
41
42
43
44
45
46
47
48
49
50
51
52
53
54
55
57
58
59
60
61
62
64
65
66
67
68
69
70
71
72
73
74
75
76
77
78
79
80
81
82
83
84
85
86
87
88
89
90
91
92
94
96
97
98
100
102
103
105
106
107
109
110
111
113
116
117
118
119
120
121
123
124
125
126
127
128
129
130
131
133
134
137
138
142
143
146
147
148
149
150
151
152
153
154
155
156
158
161
162
163
164
165
166
167
168
169
170
171
172
173
174
176
179
180
181
182
183
184
185
187
188
189
190
191
192
193
194
195
196
197
198
199
200
201
202
205
206
207
208
209
210
211
212
213
216
217
218
219
220
221
222
223
224
225
226
227
228
229
230
231
232
235
236
237
238
239
240
242
246
247
248
249
250
251
252
255
258
259
260
263
264
265
266
269
270
271
272
273
274
275
276
279
280
281
282
285
286
287
290
293
294
295
298
299
300
302
303
304
307
308
309
310
312
313
316
317
318
320
323
324
325
328
329
330
331
332
333
334
335
338
339
340
341
342
343
344
345
346
347
348
349
350
352