1
2
3
4
5
6
7
8
9
10
11
12
13
14
15
16
17
18
19
21
22
24
25
26
27
28
29
30
31
32
33
34
35
36
37
39
40
41
42
43
44
45
46
47
48
49
50
51
52
53
54
56
58
59
61
62
63
64
65
66
67
68
69
72
73
74
77
78
79
82
83
84
88
89
90
91
92
93
94
95
96
97
98
99
100
101
102
103
104
105
106
107
108
109
110
111
112
113
114
117
118
122
123
124
125
126
127
128
129
130
131
132
133
134
135
136
137
138
139
140
141
142
143
144
145
147
148
149
150
151
153
154
156
157
158
159
160
163
164
165
167
168
169
170
171
172
173
174
175
176
178
179
180
181
182
184
185
186
187
188
189
190
191
193
194
195
196
197
199
200
201
202
203
207
208
209
210
211
213
214
215
216
217
218
219
220
223
224
227
228
230
235
236
237
238
239
240
241
244
245
246
248
251
252
253
254
255
256
257
258
260
261
262
263
264
266
267