1
2
3
4
5
6
7
8
9
10
11
12
13
14
15
16
17
18
19
21
22
23
24
25
26
27
28
29
30
31
32
33
34
35
36
37
38
39
40
41
42
43
44
45
46
47
48
49
50
51
52
53
54
55
57
58
59
60
61
62
63
64
65
66
67
68
69
70
71
72
73
75
76
77
78
79
80
81
82
83
84
85
86
87
88
89
90
91
92
93
94
95
96
97
98
99
100
101
102
103
104
105
106
107
108
109
110
111
112
113
114
115
116
117
118
119
120
121
122
123
124
125
126
127
128
129
130
131
132
133
134
136
137
138
139
140
141
142
143
144
145
146
147
148
152
153
154
155
156
157
158
159
160
161
162
163
164
165
166
167
168
170
171
173
174
175
177
179
180
181
182
183
184
185
187
190
191
192
193
194
195
196
197
198
199
200
201
202
203
204
205
206
207
208
209
211
214
215
216
217
218
219
220
221
222
223
224
225
226
227
228
230
231
233
234
235
236
237
239
242
243
244
245
246
247
248
249
250
251
252
253
254
255
256
257
259
260
261
264
265
266
267
268
269
272
273
274
275
276
277
278
279
280
281
282
283
286
287
288
289
290
291
292
293
294
295
296
297
300
301
302
303
304
305
306
307
308
309
310
311
314
315
316
317
318
319
320
321
322
323
324
325
326
327
328
333
334
335
336
337
338
339
340
341
344
345
346
347
348
349
350
351
352
355
356
357
358
359
360
361
362
363
364
367
368
369
370
371
372
375
376
377
378
379
380
381
382
383
384
387
388
389
390
391
392
393
394
395
398
399
400
401
402
403
404
405
406
407
408
409
410
411
414
415
416
417
418
419
420
423
424
425
426
427
428
429
430
431
434
435
436
437
438
439
440
441
442
445
446
447
448
449
450
451
452
453
454
455
456
458
459
460
463
464
465
468
469
470
471
472
473
474
475
476
477
480
481
482
483
484
485
486
487
488
489
490
491
492
493
494
495
496
498
499
500
501
502
503
504
505
506
509
510
511
512
513
514
515
516
517
518
520
523
524
525
526
527
528
529
531
532
535
536
537
538
539
540
541
542
545
546
547
548
549
550
551
552
553
556
557
558
559
560
561
562
563
564
566
569
570
571
572
573
574
575
577
578
579
580
581
582
585
586
587
591
592
593
594
597
598
599
600
601
602
605
606
607
608
609
612
613
614
615
616
617
618
621
622
623
624
625
626
627
628
629
630
631
632
633
634
635
638
641
642
643
644
645
646
647
648
649
650
651
652
653
654
655
656
657
658
659
665
666
667
668
669
670
671
672
676
677
678
679
680
681
682
684
685
689
690
691
692
693
694
698
699
700
701
702
703
704
705
706
707
708
709
710
711
713
715
718
719
720
721
722
723
724
727
728
729
730
731
732
733
734
735
736
737
738
741
744
745
746
747
748
749
750
753
754
755
756
757
758
759
760
761
762
765
768
769
770
771
772
773
774
775
778
779
780
781
782
783
784
785
786
787
788
789
790
791
793
794
795
797
798
799
800
801
802
803
804
805
806
807
808
809
812
815
816
817
818
819
820
821
822
823
824
825
826
827
828
829
830
831
832
835
839
840
841
842
843
844
845
846
847
848
849
850
851
852
853
854
855
856
859
862
863
864
865
866
867
868
869
870
871
872
873
874
875
878
881
882
883
884
885
886
887
888
890
891
892
895
896
899
900
901
904
905
908
909
910
913
914
915
916
917
918
922
923
924
925
926
927
928
929
930
931
932
933
936
937
939
940
941
942
944
945
946
948
949
950
951
952
954
955
956
957
959
960
963
964
965
966
967
968
969
970
971
972
973
974
975
976
977
978
981
984
987
988
989
990
991
992
994
995
997
998
999
1000
1001
1002
1005
1007
1008
1009
1010
1011
1012
1013
1015
1016
1019
1022
1023
1024
1025
1026
1027
1028
1029
1032
1033
1034
1035
1036
1037
1038
1039
1040
1041
1042
1043
1044
1045
1046
1047
1048
1049
1050
1051
1052
1059
1060
1061
1062
1063
1064
1065
1066
1067
1068
1069
1070
1071
1072
1073
1077
1078
1079
1080
1081
1082
1084
1088
1089
1090
1091
1093
1094
1095
1097
1098
1099
1102
1105
1106
1107
1108
1110
1111
1112
1113
1114
1115
1116
1123
1124
1125
1126
1127
1128
1131
1132
1133
1134
1135
1136
1137
1138
1141
1142
1143
1144
1145
1146
1147
1148
1149
1150
1151
1152
1153
1154
1155
1156
1157
1158
1159
1160
1161
1162
1163
1164
1165
1166
1167
1168
1169
1170
1173
1174
1175
1176
1177
1178
1179
1180
1181
1184
1185
1186
1187
1188
1189
1190
1191
1192
1193
1194
1195
1199
1200
1201
1202
1203
1204
1207
1208
1209
1210
1211
1212
1215
1216
1217
1218
1219
1220
1221
1222
1223
1224
1225
1226
1227
1228
1229
1230
1231
1236
1237
1238
1239
1240
1241
1242
1243
1244
1245
1246
1247
1248
1249
1250
1251
1252
1257
1258
1259
1260
1261
1262
1263
1264
1265
1266
1267
1268
1269
1270
1275
1276
1277
1278
1279
1280
1281
1282
1283
1284
1285
1286
1287
1292
1293
1294
1295
1296
1297
1300
1301
1302
1303
1304
1307
1308
1309
1310
1311
1312
1313
1314
1315
1316
1317
1318
1321
1324
1325
1326
1327
1328
1329
1330
1332
1333
1335
1336
1337
1338
1339
1340
1341
1342
1343
1344
1345
1346
1347
1349
1352
1354
1355
1356
1357
1358
1359
1360
1361
1362
1363
1364
1365
1370
1371
1372
1373
1374
1376
1377
1379
1380
1383
1384
1385
1386
1387
1388
1390
1391
1392
1393
1394
1398
1401
1402
1405
1406