1
2
3
4
5
6
7
8
9
10
11
12
13
14
15
16
17
19
21
22
23
24
25
27
28
29
30
31
32
33
35
36
37
38
39
40
41
42
43
44
45
47
48
51
52
53
54
55
56
57
59
60
62
63
65
66
68
69
71
72
75
76
77
80
81
82
85
86
87
90
91
92
95
96
97
100
101
102
105
106
107
110
111
112
115
116
117
120
121
122
125
126
127
128
129
130
131
132
133
134
136
137
139
140
141
142
143
144
145
146
147
148
149
150
151
152
153
154
155
156
157
158
159
160
161
162
163
164
165
166
167
168
169
170
171
172
173
174
175
176
177
178
179
180
181
182
183
184
185
186
187
188
189
190
191
194