1
2
3
4
5
6
7
8
9
10
11
12
13
14
15
16
17
18
20
22
23
24
25
26
27
28
29
30
31
32
34
35
36
37
38
39
41
42
43
44
45
46
47
48
49
50
51
52
53
54
55
56
57
58
59
60
61
62
63
64
65
66
67
70
71
72
73
74
75
76
77
78
79
80
81
82
83
86
87
88
89
90
91
92
93
94
95
96
97
98
99
100
101
102
103
104
105
106
109
110
111
112
113
114
115
116
117
118
119
120
121
122
123
124
125
126
127
128
129
130
131
132
133
134
135
138
139
143
144
145
146
147
149
150
151
152
153
154
155
156
157
158
159
160
161
162
163
164
165
167
168
169
170
173
174
175
176
177
178
181
182
183
184
185
186
187
190
191
192
193
194
195
196
197
198
199
200
202
203
204
206
207
208
209
210
211
213
214
215
216
218
219
220
222
223
224
226
227
228
229
230
231
232
233
235
238
239
240
241
242
243
244
245
246
247
248
249
250
251
253
256
257
258
259
260
261
262
263
264
267
268
269
270
271
272
273
274
275
276
277
278
279
280
281
282
285
286
287
288
291
292
293
294
297
298
301
302
303
304
305
306
307
308
309
310
311
312
313
314
315
316
317
318
319
322
323
326
327
328
329
330
331
332
333
334
335
336
337
338
339
342
343
344
348
349
350
351
352
353
354
355
357
359
360
363
365
366
367
368
369
372
373
374
376
380
381
382
383
384
385
386
387
389
390
391
394
395
396
397
398
400
401
403