1
2
3
4
5
6
7
8
9
10
11
12
13
14
15
16
17
18
20
22
23
24
25
26
27
29
30
31
32
33
34
35
36
37
38
39
40
41
43
44
45
46
47
48
49
50
51
52
53
54
56
57
58
60
61
62
63
64
65
66
67
68
69
70
71
72
73
74
76
77
78
81
82
83
85
86
88
89
90
91
92
93
94
95
96
97
98
99
101
102
103
104
105
106
107
108
109
110
111
112
113
114
115
119
120
121
122
123
124
125
126
127
128
129
130
131
132
133
136
137
138
140
141
143
144
145
146
147
148
149
151
152
153
154
156
157
161
162
164
165
167
168
170
173
174
175
176
177
178
179
180
181
182
183
184
185
186
189
190
191
192
193
194
195
196
197
198
199
200
201
202
203
204
207
208
209
210
211
212
213
214
215
216
217
220
221
223
224
225
226
228
229
232
233
236
237
238
239
240
241
244
245
246
247
248
249
250
251
252
254
255
256
257
259
260
262
265
266
267
268
269
270
271
272
275
276
277
278
279
280
281
282
283
284
285
286
287
288
289
292
293
295
296
297
298
300
301
302
303
304
307
308
311
314
315
316
317
319
322
323
324
325
328
329
330
331
332
333
334
335
336
337
338
341
342
343
344
345
348
349
350
351
352
353
354
355
356
359
360
361
362
363
364
365
366
367
369
370
373
374
375
376
377
380
381
382
383
386
387
388
389
390
391
392
393
394
397
398
400
401
402
404
405
406
407
408
409
410
411
413
414
415
416
417
419
420
421
424
425
426
427
428
429
431
432
435
436
437
438
439
441
442
445
446
447
449
450
451
452
453
456
457
459
461
462
464
465
466
468
469
470
471
472
475
476
478
479
480
482
483
484
486
487
488
489
490
491
493
495
496
499
500
505
506
509
510
511
514
515
516
519
520
521
522
525
526
527
528
530
531
532
533
534
535
537
538
540
542
543
544
546
549
550
551
552
553
554
555
556
557
558
559
560
561
562
564
566
567
570
571
572
575
576
577
578
580
581
582
584
585
588
589
591
592
593
594
595
596
598
599
600
601
602
603
604
605
609
610
611
612
613
614
615
616
618
621
622
623
626
627
628
629
630
631
632
633
634
635
636
637
638
639
640
641
642
643
644
645
646
647
651
652
653
654
657
658
659
664
665
666
667
668
669
670
671
672
673
674
675
678
679