1
2
3
4
5
6
7
8
9
10
11
12
13
14
15
16
17
19
20
22
23
24
25
26
27
28
29
30
31
32
33
35
36
37
38
39
40
42
44
46
47
48
49
50
51
52
53
54
55
57
58
60
61
63
67
68
71
72
73
74
75
78
79
82
83
84
85
86
87
88
91
92
95
96
99
100
103
104
105
106
107
108
109
110
113
114
115
116
118
121
122
125
126
127
129
132
133
136
137
138
140
143
144
147
148
151
152
153
154
155
156
157
160
161
164
165
168
169
172
173
176
177
180
181
182
183
184
185
188
189
192
193
194
195
196
199
200
203
204
205
206
207
210
211
212
213
214
215
216
217
218
219
220
221
222
223
224
225
227
228
229