1
2
3
4
5
6
7
8
9
10
11
12
13
14
15
16
17
19
20
21
22
23
24
25
26
27
28
29
30
31
32
33
34
35
37
38
39
40
41
42
43
44
45
46
47
48
49
50
51
52
53
55
56
57
58
59
60
61
62
63
64
65
66
67
68
69
70
71
72
73
74
75
76
77
78
79
80
81
82
83
84
85
86
87
88
89
90
91
92
93
94
95
96
97
98
100
102
103
104
106
107
109
111
112
114
115
117
118
119
120
121
122
124
125
126
127
128
130
131
132
133
134
135
136
137
138
139
140
141
142
143
145
146
147
148
150
151
152
153
154
155
156
157
158
160
161
162
163
164
165
166
167
168
170
171
172
173
174
176
177
178
179
180
182
183
184
185
186
187
188
189
191
192
193
195
196
197
198
199
200
201
204
206
207
208
210
212
213
214
215
218
219
222
223
226
227
228
229
230
231
232
233
234
237
238
239
240
241
242
243
244
245
246
249
250
251
252
253
254
255
256
257
258
259
260
263
264
265
266
267
270
271
272
273
274
275
276
277
278
279
280
281
282
283
284
285
286
287
288
289
290
291
292
293
294
297
298
299
300
301
304
305
306
307
308
309
310
311
312
313
314
315
316
317
318
321
322
323
324
325
326
327
328
329
330
331
332
333
334
335
336
337
338
339
340
341
342
343
344
345
346
347
348
349
350
351
352
353
354
355
356
357
358
359
360
362
363
366
367
370
371
372
375
376
377
378
379
380
381
384
385
386
387
388
389
390
391
392
393
394
397
398
399
400
401
402
403
404
405
406
407
408
409
410
411
414
415
416
417
418
419
420
421
422
423
424
425
426
427
428
429
430
431
432
433
434
435
436
437
438
439
442
443
444
445
446
447
448
449
450
451
452
453
454
455
456
457
462
463
464
465
466
467
468
469
470
471
472
473
474
475
476
477
478
479
480
481
482
483
484
485
486
487
488
489
490
491
492
493
494
495
496
497
498
503
504
505
506
507
508
509
510
511
512
513
514
515
516
517
518
519
520
521
522
523
524
525
526
527
528
529
530
531
532
533
534
535
536
537
538
539
540
541
542
543
544
545
546
547
549
550
551
553
554
555
557
558
559
562
563
564
566
567
568
570
571
572
574
575
576
579
580
581
582
583
584
587
589
591
592
593
594
595
597
598
601
602
605
606
610
611
612
613
614
615
616
617
618
619
620
621
622
624
625
626
627
628
629
630
631
632
633
634
635
636
637
638
639
640
641
642
643
644
645
646
647
648
649
650
651
652
655
656
657
658
659
660
661
662
663
664
665
666
667
668
669
670
671
672
673
674
675
676
677
678
679
680
681
682
683
684
685
686
687
688
689
690
691
692
693
695
696
697
698
701
704
705
707
708
709
710
711
712
713
716
717
718
719
720
723
724
725
726
727
730
731
732
733
734
737
738
739
740
741
744
745
746
747
748
749
750
753
754
755
756
759
760
761
762
763
764
765
768
769
770
771
772
775
776
777
778
779
780
783
784
785
786
787
790
791
792
793
794
795
798
799
800
801
802
805
806
807
808
809
810
811
812
815
816
817
818
819
822
823
826
827
828
829
830
831
832
835
836
839
840
841
842
843
844
845
846
849
850
853
854
855
856
857
858
859
860
861
864
865
866
867
868
869
872
873
876
877
880
881
884
885
888
889
890
891
892
893
894
897
898
899
900
901
904
905
906
907
908
911
912
914
915
916
917
918
919
920
921
922
923
924
928
929
930
931
932
933
934
935
938
939
940
941
942
943
944
945
948
949
950
951
952
953
954
955
958
959
960
961
962
963
964
965
966
967
968
969
970
971
972
973
974
975
976
977
978
981
982
983
984
985
986
987
988
989
990
991
992
993
994
995
996
997
998
999
1000
1001
1002
1003
1004
1005
1006
1009
1010
1011
1012
1013
1014
1015
1016
1017
1018
1019
1020
1021
1022
1023
1024
1025
1026
1027
1028
1029
1030
1031
1032
1033
1034
1037
1038
1039
1040
1041
1042
1043
1044
1045
1046
1047
1048
1049
1050
1051
1052
1053
1054
1055
1056
1057
1058
1059
1060
1061
1062
1063
1066
1067
1069
1070
1072
1073
1074
1075
1076
1077
1078
1080
1081
1082
1083
1086
1089
1090
1091
1092
1093
1096
1097
1098
1099
1100
1103
1104
1105
1106
1107
1108
1109
1110
1111
1112
1113
1114
1115
1116
1117
1118
1119
1120
1121
1122
1123
1126
1127
1128
1129
1130
1131
1132
1133
1134
1135
1136
1140
1141
1142
1143
1144
1145
1146
1147
1148
1149
1151
1152
1153
1154
1159
1160
1161
1162
1163
1164
1165
1166
1167
1168
1169
1171
1172
1173
1174
1175
1176
1177
1178
1181
1182
1183
1188
1189
1190
1191
1192
1193
1194
1195
1196
1197
1198
1200
1201
1202
1203
1204
1205
1206
1207
1210
1211
1212
1217
1218
1219
1220
1221
1224
1225
1226
1227
1228
1229
1230
1231
1232
1233
1237
1238
1239
1240
1241
1242
1243
1244
1248
1249
1250
1251
1252
1253
1254
1255
1256
1259
1260
1262
1264
1265
1266
1267
1269
1270
1271
1275
1276
1279
1280
1283
1284
1285
1286
1287
1290
1291
1292
1293
1294
1295
1296
1297
1298
1301
1302
1303
1304
1305
1308
1309
1310
1311
1312
1313
1314
1317
1318
1319
1320
1321
1322
1323
1325
1326
1327
1330
1331
1332
1334
1335
1336
1338
1339
1340
1342
1343
1344
1347
1348
1349
1351
1353
1354
1355
1357
1359
1362
1363
1364
1365
1366
1367
1368
1369
1370
1371
1373
1374
1377
1378
1379
1380
1381
1382
1383
1384
1386
1389
1390
1391
1392
1393
1394
1395
1396
1397
1399
1400
1401
1402
1406
1407
1408
1409
1410
1411
1414
1415
1416
1417
1418
1419
1422
1423
1424
1425
1426
1429
1430
1431
1433
1436
1437
1438
1439
1440
1441
1444
1445
1446
1447
1448
1451
1452
1453
1454
1455
1456
1457
1458
1461
1462
1463
1464
1465
1468
1469
1470
1471
1472
1473
1474
1475
1478
1479
1482
1483
1484
1485
1486
1487
1488
1489
1490
1491
1492
1493
1496
1497
1498
1499
1500
1503
1504
1505
1506
1507
1508
1512
1513
1514
1517
1518
1521
1522
1525
1526
1529
1530
1533
1534
1535
1536
1537
1538
1539
1540
1541
1542
1543
1544
1545
1546
1547
1548
1549
1550
1551
1552
1553
1554
1555
1556
1558
1560
1563
1564
1565
1566
1567
1568
1571
1574
1575
1576
1577
1578
1579
1580
1583
1584
1585
1586
1587
1590
1593
1594
1595
1596
1599
1600
1601
1602
1605
1606
1607
1608
1611
1612
1613
1614
1617
1618
1622
1623
1624
1628
1629
1632
1633
1634
1635
1636
1637
1638
1639
1641
1642
1644
1646
1647
1648
1652
1653
1658
1659
1660
1661
1662
1663
1664
1665
1667
1668
1669
1670
1677
1678
1679
1680
1682
1683
1684
1688
1689
1690
1691
1693
1694
1695
1699
1700
1701
1702
1703
1704
1705
1706
1708
1709
1710
1711
1712
1713
1716
1717
1718
1719
1720
1722
1723
1724
1727
1728
1729
1730
1731
1733
1735
1736
1737
1738
1742
1744
1745
1746
1747
1748
1749
1752
1754
1755
1756
1757
1760
1763
1764
1767
1768
1771
1772
1775
1776
1777
1778
1779
1782
1784
1785
1787
1788
1789
1790
1791
1792
1796
1797
1800
1801
1802
1803
1804
1805
1806
1807
1808
1809
1810
1811
1812
1813
1814
1815
1818
1819
1822
1823
1824
1825
1826
1827
1828
1829
1832
1833
1836
1837
1840
1841
1844
1845
1848
1849
1852
1853
1856
1857
1858
1859
1862
1863
1864
1865
1866
1867
1870
1871
1872
1873
1874
1875
1878
1879
1880
1881
1882
1883
1884
1885
1886
1887
1888
1889
1890
1891
1892
1893
1896
1897
1898
1899
1900
1901
1902
1903
1904
1905
1906
1907
1908
1909
1910
1911
1912
1913
1914
1915
1916
1917
1918
1919
1920
1921
1924
1925
1926
1927
1928
1929
1930
1932
1933
1936
1937
1938
1940
1941
1942
1943
1944
1948
1949
1951
1952
1954
1956
1958
1959
1962
1963
1964
1965
1970
1971
1974
1975
1978
1979
1982
1983
1986
1987
1988
1989
1990
1991
1996
1997
1998
1999
2000
2001
2006
2007
2008
2009
2010
2012
2013
2014
2015
2020
2021
2022
2023
2025
2026
2027
2028
2029
2034
2035
2036
2037
2038
2039
2040
2041
2044
2045
2048
2049
2052
2053
2056
2057
2060
2061
2064
2065
2068
2069
2072
2073