1
2
3
4
5
6
7
8
9
10
11
12
13
14
15
16
17
19
20
21
22
23
24
25
26
27
28
29
30
31
32
34
35
36
37
38
39
40
42
43
46
47
48
49
50
54
55
56
57
58
62
63
64
65
66
68
71
72
73
74
75
79
80
81
82
83
87
88
89
90
91
95
96
97
98
99
100
102
105
106
107
108
109
113
114
115
116
117
121
122
123
124
125
129
130
131
132
133
137
138
139
140
141
145
146
147
148
149
153
154
155
156
157
161
162
163
164
165
167
170
171
172
173
174
178
179
180
181
182
186
187
188
189
190
194
195
196
197
198
202
203
204
205
206
210
211
212
213
214
218
219
220
221
222
226
227
230
231
232
233
236
237
238
239
242
243
244
245
246
248