1
2
3
4
5
6
7
8
9
10
11
12
13
14
15
16
17
19
20
21
22
23
25
26
27
29
30
31
32
33
34
35
36
37
38
39
40
41
43
44
46
47
49
50
51
52
54
55
57
58
59
61
63
64
65
66
68
69
70
71
72
73
74
76
77
78
80
81
82
83
84
85
88
89
92
93
94
97
98
99
100
101
102
106
107
109
112
113
116
117
120
121
124
125
128
129
132
133
136
138
140
142
143
144
146
147
149
150
151
152
153
154
158
159
160
161
162
163
164
165
166
167
168
169
170
171
172
174
175
176
177
178
179
180
181
182
183
184
187
188
190
191
192
193
194
197
198
199
200
201
205
206
207
208
209
210
211
212
213
214
218
219
220
222
223
224
225
227
228
229
231
234
236
237
238
240
241
244
245
246
247
249
250
251
253
254
255
257
259
262
263
264
265
266
268
269
271
272
273