1
2
3
4
5
6
7
8
9
10
11
12
13
14
15
16
17
19
20
21
22
23
25
26
28
29
30
31
32
33
34
35
36
37
38
39
40
41
42
44
45
46
47
48
50
52
53
55
56
57
58
59
60
61
62
63
64
65
66
67
69
72
73
74
75
76
77
78
79
86
87
88
89
90
93
94
95
96
97
98
99
100
101
102
103
104
105
106
107
110
111
114
115
118
119
120
122
125
126
129
130
131
132
133
136
137
140
141
142
143
144
145
146
147
148
149
150
151
152
153
154
155
159
160
161
162
163
164
168
169
172
173
174
177
180
181
182
183
184
187
190
191
192
193
194
195
196
197
198
199
202
203
206
207
210
211
212
213
214
217
218
221
222
223
224
225
226
229
230
231
232
233
234
236
237
238
241
244
245
246
247
249
250
252
253
256
257
258
260
261
264
265
266
267
268
269
270
271
274
275
276
278
279
281
284
285
286
288
291
292
293
295
298
299
302
303
306
307
310
311
312
313
316
319
320
323
324
327
328
331
332
333
334
335
338
341
342
345
346
347
348
350
353
354
357
358
361
362
363
364
365
368
369
370
371
372