1
2
3
4
5
6
7
8
9
10
11
12
13
14
15
16
17
19
20
21
23
24
25
26
27
29
30
31
32
33
34
35
36
37
39
40
41
42
43
44
45
46
47
48
49
50
51
52
53
54
55
56
57
58
59
60
61
62
63
64
65
66
67
68
69
70
71
73
74
76
77
78
79
80
82
83
84
85
86
87
88
90
92
93
94
95
96
99
100
101
102
103
104
105
106
107
110
111
114
115
118
119
120
121
122
123
124
125
126
127
128
131
132
133
134
135
136
137
138
139
140
141
142
143
144
145
146
150
151
152
153
157
158
159
160
161
162
163
164
168
169
170
171
172
173
174
175
176
177
178
179
180
181
182
183
184
185
186
187
188
189
190
191
192
193
194
196
199
200
201
202
203
204
205
207
208
211
212
213
214
218
219
220
221
222
226
228
231
232
235
236
237
238
239
240
243
244
245
246
247
250
251
252
253
254
257
258
259
260
261
264
265
266
267
268
271
272
273
274
275
278
279
282
283
284