1
2
3
4
5
6
7
8
9
10
11
12
13
14
15
16
17
19
21
22
23
25
26
27
28
29
30
31
32
33
34
35
36
37
39
41
42
43
44
45
46
47
49
51
53
56
57
58
59
60
61
62
65
66
67
68
69
70
71
72
74
77
78
79
80
81
82
83
84
86
89
90
91
92
93
94
96
97
98
99
103
104
105
106
107
108
109
110
111
113
114
115
116
121
122
125
126
129
130
133
134
137
138
141
142
145
146
147
148
149
150
151
152
153
154
155
156
157
159
160
161
162
163
165
166
167
169
170
171
172
173
175
176
177
179
180
183
184
185
186
187
188
189
190
191
192
193
194
195
196
198
199
200
201
202
203
204
206
207
208
210
211
212
213
214
215
216
218
219
220
223
224
227
228