1
2
3
4
5
6
7
8
9
10
11
12
13
14
15
16
17
19
20
21
22
23
24
26
27
28
30
31
32
33
34
35
36
37
39
40
42
43
44
45
47
48
49
50
52
53
55
56
57
58
60
61
62
63
64
67
68
71
72
73
74
76
80
82
83
84
85
87
88
89
90
93
94
95
97
98
100
103
104
105
109
110
111
112
114
115
116
117
122
123
124
125
126
127
128
129
132
133
134
135
136
137
138
139
140
141
142
143
145
146
148
149
150
152
153
155
156
157
158
159
161
162
163
164
166
167
168
169
170
171
173
174
177
180
181
182
183
184
186
187
190
191
192
193
194
197
198
199
200
203
204
205
206
207
208
209
210
211
212
213
214
215
216
218
219
221
222
225
226
227
228
231
235
236
237
238
239
240
241
242
247
248
249
250
255
256
257
258
259
260
261
262
263
264
265
266
267
268
270
271
273
275
276
277
278
279
280
282
283
284
285
287
289
292
293
296
297
298
299
301
302
305
307
308
309
310
312
313
314
316
317
318
319
320
321
322
324
326
327
329
330
331
332
333
334
336
339
340
341
342
345
347
348
350
351
353
354
355
356
357
358
359
361
364
365
366
367
369
370
371
372
373
375
377