1
2
3
4
5
6
7
8
9
10
11
12
13
14
15
16
17
19
20
21
23
24
25
26
27
28
30
31
32
33
34
35
36
37
38
39
40
41
42
43
44
45
47
50
51
52
53
54
55
56
57
58
59
60
61
62
63
64
65
68
69
70
71
72
75
77
78
79
80
83
84
85
86
89
90
91
92
95
96
97
98
99
101
102
103
106
107
108
109
110
111
112
113
116
117
119
120
121
122
125
126
129
130
131
132
133
137
138
139
140
141
143
144
145
146
147
148
150
153
154
155
156
157
158
159
160
161
162
163
166
167
168
169
170
171
172
173
174
178
179
180
181
182
183
184
185
186
187
188
192
193
194
195
196
197
198
199
200
201
202
205
206
207
208
209
210
211
212
213
214
215
216
217
218
219
220
221
222
223
224
225
226
227
228
229
232
233
234
235
236
237
238
239
240
241
242