1
2
3
4
5
6
7
8
9
10
11
12
13
14
15
16
17
19
20
21
22
23
25
26
27
28
29
30
31
33
34
35
37
38
39
40
41
42
43
44
45
46
47
48
49
50
52
54
55
57
58
59
60
61
63
64
65
67
68
69
71
72
73
74
77
78
79
80
81
82
83
86
87
88
89
90
91
92
95
96
97
98
99
100
101
104
105
106
107
108
109
110
113
114
115
116
117
118
119
120
122
123
125
126
128
129
133
134
135
136
137
138
139
140
143
144
145
146
147
148
149
150
151
152
153
154
156
159
160
161
162
163
164
165
166
167
168
169
170
172
173
176
177
178
179
180
181
182
183
184
185
188
189
190
191
192
193
194
195
196
197
200
201
202
203
204
205
206
207
208
209
211
212
213
214
215
216
217
218
219
221