1
2
3
4
5
6
7
8
9
10
11
12
13
14
15
16
17
19
20
21
23
24
25
26
27
28
29
30
31
32
33
34
36
37
38
39
40
41
43
44
45
46
47
48
49
50
51
52
54
55
56
57
58
59
62
63
66
67
68
69
70
71
72
73
74
81
82
83
87
88
89
90
91
94
95
96
97
98
101
103
105
107
109
111
112
115
116
117
120
121
122
123
124
125
126
127
130
131
132
133
134
135
136
137
140
141
144
145
148
149
150
151
152
153
154
155
159
160
161
162
163
164
165
166
167
168
169
170
172
173
174
175
176
177
178
180
181
182
183
187
188
189
190
191
192
193
194
195
196
197
198
199
200
202
203
204
205
206
211
212
213
217
218
221
222
225
226
227