1
2
3
4
5
6
7
8
9
10
11
12
13
14
15
16
17
19
20
21
22
23
24
25
26
27
29
30
31
32
33
35
36
37
39
40
41
42
43
44
45
46
47
48
50
52
53
54
56
57
58
59
60
61
62
64
65
66
67
70
71
72
73
74
75
78
79
80
81
82
83
84
85
87
88
91
92
94
95
99
102
103
104
105
108
109
112
113
116
117
120
121
123
124
127
128
129
130
131
132
133
134
135
136
137
140
143
144
145
146
147
148
150
151
152
153
154
157
160
161
162
163
164
165
166
171
172
173
174
175
176
177
182
183
184
185
186
189
190
191
192
193
196
197
198
199
200
201
202
203
204
205
208
209
212
213