1
2
3
4
5
6
7
8
9
10
11
12
13
14
15
16
17
19
20
21
22
23
24
25
27
29
30
31
32
33
34
35
36
37
38
39
40
41
42
43
45
47
48
49
50
51
52
53
54
55
56
57
59
60
61
62
63
64
67
70
71
72
73
76
77
78
79
80
82
83
84
85
86
87
89
90
91
92
93
94
95
96
98
99
100
101
102
103
104
105
106
107
109
110
111
112
115
116
117
118
121
122
123
124
125
128
129
130
133
134
135
136
137
140
141
142
145
146
147
148
149
150
153
154
155
159
160
161
162
163
164
165
166
167
168
169
170
171
172
173
175
178
179
180
181
184
185
186
187
189