1
2
3
4
5
6
7
8
9
10
11
12
13
14
15
16
17
19
20
21
22
23
24
26
27
28
29
30
31
32
33
34
35
36
38
39
40
41
42
43
45
47
48
49
51
52
53
54
57
60
63
64
65
66
67
68
69
71
72
73
75
76
77
80
81
83
84
87
90
91
93
94
95
97
99
101
102
103
104
105
106
107
108
109
110
112
114
115
117
118
119
120
121
122
125
126
127
129
130
132
133
134
135
136
139
140
141
142
145
146
147
150
151
152
153
156
157
160
161
162
164
165
166
169
170
172
173
175
176
182
183
186
187
190
191
192
193
194
197
198
199
200
201
202
205
206
207
209
210
213
214
215
216
217
218
219
224
225
228
229
232
233