1
2
3
4
5
6
7
8
9
10
11
12
13
14
15
16
17
19
20
21
22
23
24
25
27
28
29
30
32
33
34
35
37
39
40
41
42
44
47
48
49
51
53
54
56
57
58
59
60
61
62
63
64
65
66
67
68
69
70
71
72
73
74
76
77
78
79
80
81
85
86
87
88
89
90
91
92
93
94
95
96
97
98
99
100
101
102
103
104
105
106
107
108
109
113
114
115
116
117
118
119
120
121
122
124
125
126
127
128
129
130
131
132
133
134
135
136
137
138
139
140
141
142
143
144
146
147
148
149
150
152
153
154
155
156
157
158
162
165
166
167
168
169
170
171
172
173
175
176
177
178
179
180
181
182
183
184
185
186
187
188
189
190
191
192
193
194
195
196
198
199
200
201
202
204
205
206
207
208
209
210
216
217
218
220
222
223
225
226
227
228
229
230
231
232
233
234
235
236
237
238
239
240
241
242
243
245
246
247
248
249
250
254
255
256
257
258
259
260
261
262
263
264
265
266
267
268
269
270
271
272
273
274
275
276
277
278
282
283
284
285
286
287
288
289
290
292
293
294
295
296
297
298
299
300
301
302
303
304
305
306
307
308
309
310
311
312
313
314
316
317
318
319
320
322
323
324
325
326
327
328
334
335
338
339
342
343
344
345
346
347
348
349
350
351
352
353
354
355
356
357
358
361
362
363
364
365
366
367
368
369
370
371
372
373
374
375
376
377
378
379
380
381
382
383
384
386
387
388
389
390
391
392
393
394
395
396
397
400
401
402
403
404
405
406
407
408
409
411
412
413
416
417
418
419
422
424
425
426
429
430
431
432
433
434
435
436
438
439
440
443
444
446
448
449
450
451
452
453
454
455
456
458
459
460
463
465
466
467
470
471
473
474
475
476
477
478
479
481
482
483
486
487
488
489
492
494
495
496
499
500
501
502
503
504
505
507
508
509
512
513
514
517
518
520
522
523
524
526
527
528
529
533
534
535
536
537
538
539
540
541
542
543
544
545
546
547
548
549
550
551
552
553
554
555
556
557
558
559
561
562
563
564
565
566
570
571
572
575
576
577
578