1
2
3
4
5
6
7
8
9
10
11
12
13
14
15
16
17
19
20
21
22
23
24
25
27
28
29
30
31
33
34
35
36
37
38
39
41
42
43
44
45
46
48
49
52
53
54
56
57
58
60
61
62
63
64
67
70
71
72
73
74
75
76
77
78
79
82
85
86
87
89
92
93
94
96
98
100
102
104
105
106
107
108
109
110
111
112
116
117
118
119
120
121
122
123
124
125
128
130
131
132
133
134
135
138
141
142
145
146
149
150
153
154
157
158
163
164
168
169
172
173
176
177
180
181
184
185
188
189
192
193
196
197
200
201
204
205
208
209
212
213
216
217
220
221
224
225
228
229