1
2
3
4
5
6
7
8
9
10
11
12
13
14
15
16
17
19
20
21
22
23
24
25
26
27
28
29
30
31
32
33
34
35
36
37
38
39
40
41
42
44
45
46
47
48
49
50
52
54
55
58
59
60
63
64
67
68
69
71
74
75
78
79
82
83
86
87
90
91
94
95
98
99
102
103
106
107
110
111
114
115
118
119
122
123
126
127
130
131
134
135
138
139
142
143
146
147
150
151
154
155
158
159
162
163
166
167
170
171
174
175
178
179
183
184
187
188
191
192
195
196
199
200
203
204
207
208
211
212
215
216
219
220
223
224
227
228
231
232
235
236
239
240
243
244
247
248
251
252
255
256
259
260
263
264