1
2
3
4
5
6
7
8
9
10
11
12
13
14
15
16
17
19
20
21
23
24
25
26
27
28
29
30
31
32
34
35
36
37
38
39
40
41
43
44
45
46
47
48
49
50
52
53
54
57
58
59
60
63
64
65
66
67
68
69
70
71
72
73
77
78
79
80
81
82
83
85
89
90
91
92
93
94
95
97
98
99
101
102
104
107
108
109
110
111
112
113
114
115
118
119
121
122
123
124
125
126
127
130
131
133
134
135
136
138
140
141
144
145
146
147
148
149
150
156
157
158
159
160
162
163
164
165
166
167
168
169
170
171
178
179
180
184
185
188
189
190
191
192
193
196
197
200
201
202
203
204
205
208
209
212
213
214
216
219
220
223
224
227
228
229
230
231
234
235
238
239
242
243
246
247
250
251
252
254
255
257
260
261
262
263
264
266
267
270
271
274
275
276
277
279
280
282
284
285
286
287
288