1
2
3
4
5
6
7
8
9
10
11
12
13
14
15
16
17
19
20
21
22
23
24
25
26
27
29
30
31
32
34
35
36
37
39
41
42
43
44
46
49
50
53
54
57
58
59
60
61
62
63
64
65
66
67
68
69
70
71
72
73
76
77
78
79
80
81
82
83
84
85
88
91
92
95
96
97
98
99
100
101
102
103
104
105
109
110
111
112
113
116
117
118
119
120
124
125
126
127
128
132
135
137
138
139
140
141
144
145
146
147
148
149
152
153
154
155
156
157
159
160
161
162
163
164
165
166
167
168
169
170
171
172
173
174
175
176
177
178
179
180
181
182
183
184
185
186
192
193
194
195
196
197
198
199
200
201
202
203
204
205
206
207
208
209
210
211
212
213
215
216
217
218
220
221
222
223
224
225
229
230
231
234
236
238
239
241
242
243
245
246
247
248
252
253
254
255
256
257
258