1
2
3
4
5
6
7
8
9
10
11
12
13
14
15
16
17
19
21
22
23
24
25
26
27
28
29
30
31
32
33
34
35
36
37
38
39
40
41
42
43
45
46
49
50
53
54
55
56
57
60
61
64
65
66
67
68
71
72
75
76
77
78
79
82
83
86
87
88
89
90
93
94
97
98
101
102
103
104
105
108
109
112
113
114
115
116
119
120
121
122
123
126
127
128
129
130
131
134
135
136
137
138
141
142
143
144
145
146
149
150
151
152
153
156
157
158
159
160
161
164
165
166
167
168
171
172
173
174
175
176
177
180
181
184
185
186
187
188
189
190
191
194
195
198
199
200
201
202
203
206
207
208
209
210