1
2
3
4
5
6
7
8
9
10
11
12
13
14
15
16
17
19
20
21
22
23
24
25
26
28
29
31
32
33
34
35
36
37
38
39
40
41
43
44
45
46
47
48
49
50
51
52
53
54
55
56
57
58
59
60
61
62
63
64
65
66
67
68
69
70
71
72
73
74
76
77
78
79
80
81
82
84
85
87
88
89
91
92
93
95
96
97
99
100
101
102
104
105
106
107
109
110
111
114
115
116
120
121
122
123
124
127
128
129
132
133
134
137
138
139
142
143
144
149
150
151
152
154
155
156
157
158
162
163
164
165
166
167
168
169
171
172
173
174
175
176
177
182
183
186
187
189
190
192
193
195
196
199
200
201
202
203
204
206
207
210
211
212
213
214
215
216
217
218
219
220
221
222
223
225
226
227
228
229
233
234
235
236
238
239
240
241
242
243
244
245
248
249
250
252
254
255
258
259
261
263
264
265
267
269
270
272
273
274
275
276
278
280
281
286
287
290
291
293
294
297
298
299
300
301
302
303
306
307
310
311
313
315
316
319
320
321
322
323
324
325
326
327
328
329
330
331
332
333
334
335
336
337
338
339
340
341
342
343
344
345
349
350
353
354
355
356
358
359
360
361
362
364
365
366
367
368
370
371
373
374
375
376
378
380
382
383
384
386
387
388
389
390
392
396
397
398
399
400
401
402
403
405
406
407
408
409
412
413
416
418
419
420
421
422
425
426
427
429
430
431
432
434
438
441
442
443
444
445
446
447
449
450
452
453
454
455
456
457
458
459
460
461
462
463
465
468
469
470
471
472
473
474
475
476
479
480
481
482
483
484
487
488
489
490
491
492
495
496
497
498
501
502
503
504
505
506
507
508
509
510
511
514
515
516
517
518
520
523
524
525
528
529
530
533
535
537
538
539
540
541
543
544
545
546
547
549
550
552
555
556
557
558
559
560
561
562
563
569
570
571
572
573
574
576
577
578
579
582
584
585
586
588
591
592
593
594
595
596
597
598
599
602
603
606
607
608
609
610
611
612
613
614
616
617
620
621
622
624
625
626
627
628
629
630
634
635
636