1
2
3
4
5
6
7
8
9
10
11
12
13
14
15
16
17
19
20
21
22
23
24
25
26
28
29
30
31
32
34
35
36
37
39
40
42
43
44
45
46
47
49
50
53
55
56
58
60
61
62
64
65
66
67
68
69
72
74
75
76
77
78
79
80
82
83
85
87
88
89
90
91
95
96
97
98
99
100
101
102
103
104
105
108
109
112
115
118
119
120
121
122
123
124
125
126
127
130
133
134
135
137
138
141
143
144
145
146
147
148
151
154
155
158
159
162
163
166
167
170
171
176
177
181
182
185
186
189
190
193
194
197
198
201
202
205
206
209
210
213
214
217
218
221
222
225
226
229
230
233
234