1
2
3
4
5
6
7
8
9
10
11
12
13
14
15
16
17
19
20
21
22
23
24
25
26
27
28
29
30
31
32
33
34
35
36
37
38
39
40
41
43
44
45
46
47
48
49
50
52
53
55
56
59
60
61
63
66
67
68
72
73
74
78
79
82
83
86
87
90
91
94
95
98
99
102
103
106
107
110
111
114
115
118
119
122
123
126
127
130
131
134
135
138
139
142
143
146
147
150
151
154
155
158
159
162
163
166
167
170
171
174
175
178
179
182
183
186
187
190
191
194
195
198
199
202
203
206
207
210
211
214
215
218
219
222
223
227
228
232
233
236
237
240
241
244
245
248
249
252
253
256
257
260
261
264
265
268
269
272
273
276
277