1
2
3
4
5
6
7
8
9
10
11
12
13
14
15
16
17
19
20
21
22
24
25
26
27
28
29
30
31
32
33
34
35
36
37
39
40
41
42
43
44
45
46
48
49
50
52
53
55
56
58
59
62
63
66
68
69
72
73
74
75
76
78
80
81
82
83
84
87
88
89
90
91
92
96
97
100
102
103
104
106
108
109
111
112
113
114
115
116
117
118
119
120
122
123
124
126
127
128
129
130
131
132
133
136
137
138
139
140
141
146
147
148
149
150
152
155
156
159
160
161
163
166
167
170
171
172
174
175
176
178
179
181
182
183
186
189
192
193
194
195
197
200
201
204
205
208
209
212
213
214
215
216
217
218
219
220
221
222