1
2
3
4
5
6
7
8
9
10
11
12
13
14
15
16
17
19
20
21
23
24
25
26
27
28
29
30
31
32
33
34
35
37
38
39
40
42
43
44
45
46
48
49
50
51
52
55
57
58
59
60
61
62
63
66
67
68
69
70
71
72
73
74
78
79
80
81
82
83
84
85
86
87
91
93
95
96
97
98
99
100
103
104
105
106
107
108
109
110
111
115
116
118
119
120
121
122
123
124
125
126
127
128
132
133
135
136
137
138
139
140
141
142
143
147
149
150
151
152
153
154
155
156
157
160
161
164
165
166
167
168
172
175
178
179
180
181
182
183
184
185
186
187
188
189
190
194
195
198
199
203
204
205
206
208
210
211
212
213
214
216
219
220
221
222
223
224
225
226
227
229
230
232
233
234
235
236
237
238
240
243
244
245
246
248
252
253
254
255
260
261
262
263
264