1
2
3
4
5
6
7
8
9
10
11
12
13
14
15
16
17
19
20
21
22
23
24
26
28
29
30
31
33
34
35
37
38
39
41
73
74
75
76
78
79
80
81
82
83
84
85
86
87
88
89
90
93
94
95
96
99
100
101
102
104
105
106
108
109
110
112
113
114
117
118
120
121
122
123
126
127
130
131
132
136
137
138
139
140
141
142
143
145
146
148
149
150
151
152
155
156
157
159
160
162
163
164
165
166
169
170
171
174
175
177
178
179
180
183
184
185
186
188
189
190
192
193
194
195
197
198
199
201
202
203
204
205
206
209
210
211
212
213
214
216
217
218
220
221
222
224
225
226
228
229
230
234
235
236
237
238