1
2
3
4
5
6
7
8
9
10
11
12
13
14
15
16
17
19
20
21
22
23
25
26
27
28
29
30
31
32
33
34
35
36
37
38
39
40
42
44
45
46
47
48
49
50
51
52
53
54
56
57
58
59
60
62
64
65
67
68
69
70
71
72
73
74
75
77
78
79
82
83
84
87
88
91
92
93
94
96
97
99
100
101
102
103
104
106
107
108
109
110
111
112
115
116
120
121
122
123
124
125
126
128
129
130
131
132
133
134
135
139
140
141
142
143
144
145
146
150
152
154
156
157
158
159
160
163
164
165
168
169
170
171
172
173
175
176
177
178
179
180
181
186
187
191
192
195
196
197
198
199
200
201
202
203
204
207
208
209
210
211
212
215
218
219
220
221
222
223
224
225
226
227
228
229
234
235
237
238
239
242
243
244
245
246
248
249
250
251
252
253
254
255
256
258
259
261
262
264
265
267
269
270
271
272
273
275