1
2
3
4
5
6
7
8
9
10
11
12
13
14
15
16
17
19
20
21
22
23
24
26
27
28
29
31
32
33
34
35
36
37
38
39
40
41
42
43
44
45
47
48
49
50
51
52
53
54
56
57
58
59
60
62
63
64
66
67
68
71
72
73
74
76
77
78
81
82
83
84
86
87
88
91
92
93
94
95
96
97
101
102
103
104
108
109
110
111
115
116
117
118
120
123
124
125
126
128
131
132
133
135
138
139
140
141
142
143
144
145
146
147
149
152
153
155
156
157
158
159
161
162
163
165
166
169
170
171
172
173
174
175
176
178
179
180
182
183
186
187
190
193
196
197
198
202
203
204
206
209
210
213
214
217
218
221
222
225
226
229
230
233
234
235
237
240
241
242
245
246
249
252
255
258
259