1
2
3
4
5
6
7
8
9
10
11
12
13
14
15
16
17
19
20
21
23
24
25
26
27
28
29
30
31
33
34
35
36
37
39
41
42
43
45
46
47
48
49
50
52
53
54
55
57
58
60
61
63
64
66
67
71
72
73
74
75
76
77
79
82
83
84
85
86
87
90
91
92
93
94
97
98
99
100
101
104
105
106
107
108
109
110
111
112
113
116
117
118
119
120
121
122
123
125
126
127
128
132
133
134
135
136
137
138
139
140
141
142
143
144
145
146
150
153
154
155
156
157
160
161
162
163
164
167
168
169
170
171
173
174
175
176
177
180
181
182
183
184
187
188
189
190
191
194
195
196
197
198
201
202
203
204
205
208
209
210
211
212
215
216
217
218
219
220
221
222
225
226
227
228
229
232
233
234
235
236
239
240
241
242
243
244
247
248
249
250
251
254
255
256
257
258
261
262
263
264
265
268
269
270
271
272
275
276
277
278
279
282
283
284
285
286
289
290
291
292
293
296
297
298
299
300
301
304
305
306
307
308
311
312
313
314
315
318
319
320
321
322
325
326
327
328
329
332
333
334
335
336
339
340
341
342
343
346
347
348
349
350
353
354
355
356
357
360
361
362
363
364
367
368
369
370
371