1
2
3
4
5
6
7
8
9
10
11
12
13
14
15
16
17
19
20
21
22
23
24
25
26
28
29
31
32
34
37
38
39
41
42
44
45
47
48
49
51
52
53
54
55
57
58
59
60
61
62
63
64
65
66
67
68
69
72
73
74
75
77
80
81
82
83
84
87
88
90
91
92
93
95
97
98
99
100
101
102
104
105
106
108
109
110
112
113
114
116
117
118
120
121
122
124
125
126
128
129
130
133
134
135
136
137
140
141
142
143
144
146
147
150
151
155
157
158
162
163
164
165
166
168
169
170
171
172
177
178
179
180
181
182
184
187
188
189
190
191
192
193
194
195
196
198
199
200
201
202
203
204
205
206
207
208
209
211
213
214
215
216
217
219
220
221
222
225
226
227
228
231
235
236
238
239
240
241
244
247
248
249
251
252
253
254
257
260
261
262
264
265
266
270
273
274
275
276
277
278
279
280
283
284
285
286
287
288
289
290
291
292
293
294
295
296
297
298
299
301
302
307
310
311
312
313
314
315
316
317
318
319
322