1
2
3
4
5
6
7
8
9
10
11
12
13
14
15
16
18
20
21
22
23
24
25
27
28
29
30
31
32
33
34
35
36
37
39
40
41
42
43
44
46
47
48
49
50
51
52
53
54
55
56
57
58
59
60
61
62
63
64
65
66
67
68
70
71
72
73
75
76
77
78
79
81
82
83
85
86
87
91
92
93
94
95
96
97
98
99
100
101
102
103
104
105
106
107
108
109
110
112
114
115
117
119
120
121
124
126
127
128
129
130
132
133
136
137
139
140
143
144
146
147
148
151
153
154
155
156
157
158
159
161
162
163
164
165
167
168
169
170
172
173
174
175
176
177
179
180
181
183
184
185
186
188
189
192
193
198
199
200
201
202
203
205
206
207
208
209
210
211
212
214
215
216
218
219
220
224
225
226
230
231
232
233
234
235
236
237
238
241
242
243
247
248
249
250
251
252
253
254
255
256
258
259
261
262
263
266
267
268
269
272
273
275
276
278
279
280
281
282
285
286
287
288
292
293
295
296
297
299
300
301
303
305
306
307
309
310
312
313
314
315
317
318
319
320
321
322
323
324
325
327
328
329
330
333
334
335
336
337
340
341
342
343
344
346
347
348
349
350
351
352
353
355
356
357
361
362
363
365
367
368
369
370
375
376
377
378
379
380
382
383
384
385
386
390
391
392
393
394
395
397
400
401
402
403
404
405
407
410
411
412
413
414
415
417
420
421
422
425
426
427
428
429
430
432
433
434
436
437
439
442
443
444
445
446
447
448
450
451
454
455
458
459
462
463
464
466
467
468
469
470
471
473
475