1
2
3
4
5
6
7
8
9
10
11
12
13
14
15
16
17
19
20
21
22
23
24
26
27
28
29
30
31
32
33
34
36
37
38
39
40
41
42
44
46
47
49
52
54
56
57
58
59
61
62
63
64
66
69
72
73
74
75
76
79
81
82
83
84
87
88
91
92
93
97
99
100
103
104
105
106
107
108
109
110
111
112
113
114
115
118
119
120
121
122
123
124
125
126
127
128
129
130
131
132
133
134
136
140
142
143
146
147
148
149
152
153
154
155
156
157
158
159
160
162
163
164
166
167
168
169
170
171
174
175
176
178
183
184
185
188
189
190
193
194
195
196
197
198
199
201
205
206
207
210
211
214
215
216
220
221
222
225
226
229
230
231
235
236
237
240
241
242
245
246
247
248
249
250
251
253
257
258
259
260
261
262
263
266
269
270
273
274
275
276
278
279
280