1
2
3
4
5
6
7
8
9
10
11
12
13
14
15
16
17
19
20
21
22
24
26
27
28
29
30
31
33
35
36
37
38
39
40
43
44
47
48
51
52
53
54
55
56
57
58
59
60
61
62
63
64
65
66
67
68
69
70
71
74
76
78
79
80
81
82
84
85
86
87
88
89
90
91
92
95
96
97
98
99
100
101
102
103
104
105
106
109
111
114
115
116
117
118
121
122
123
124
126
128
129
132
133
134
135
138
141
142
143
147
148
149
151
152
153
156
159
160
163
165
166
168
172
174
175
177
181
182
185
186
189
190
193
194
195
196
197
200
201
203
204
205
207
208
209
211
212
214
215
217
220
221
224
225
230
231
232
233
234
235
238
239
244
245
246
247
248
249
252
253
258
259
260
261
263
264
267
268
274
275
276
277
279
280
283
284
289
290
291
292
293
294
295
296
297
298
301
302
304
305
309
310
311
312
313
314
315
316
317
318
319
324
325
326
327
328
329
330
331
336
337
338
339
341
342
343
345
348
349
350
351
352
353
354
355
356
357
358
359
360
361
362
363
364
365
366
368
369
370
371
372
373
374
375
376
377
378
380
381
382
383
384
385
386
387
388
390
391
392
393
394
395
396
397
398
400
401
402
403
404
405
406
407
408
410
411
412
413
414
415
416
417
418
420
421
424
427
429
430
431