1
2
3
4
5
6
7
8
9
10
11
12
13
14
15
16
18
20
21
22
23
24
26
28
29
30
31
32
33
34
35
36
38
39
40
42
43
44
45
47
49
50
51
53
54
55
57
58
59
60
65
66
67
68
69
70
72
73
75
76
79
80
83
84
87
88
91
92
93
94
95
96
99
100
101
104
105
106
107
108
109
112
113
114
117
118
123
124
127
128
129
130
131
132
133
134
136
137
139
140
141
142
146
147
148
149
150
151
152
153
155
156
158
159
163
164
165
166
168
169
170
172
175
176
177
178
179
180
181
182
183
185
186
187
190
191
193
194
195
196
197
198
202
203
204
205
206
207
208
209
211
212
213
218
219
220
221
222
223
224
225
227
228
229
232
233
234
235
236
237
238
243
244
245
246
247
248
249
250
252
253
254
259
262
265
266
267
268
270
271
272
273
274
276
277
278
279
281
282
286
287
288
289
290
291
292
295
296
297
298
299
300
301
302
305
306
307
310
311
312
313
314
315
316
317
318
319
320
321
322
323
327
328
329
330
331
332
335
339
340