1
2
3
4
5
6
7
8
9
10
11
12
13
14
15
16
17
19
20
21
22
23
25
26
27
28
29
30
31
32
33
34
36
37
38
39
41
43
44
47
48
49
50
51
52
53
54
55
56
57
61
62
63
64
66
67
68
69
70
71
72
75
76
80
81
82
83
84
88
89
90
91
92
93
94
95
96
98
99
100
102
103
104
105
106
107
108
110
113
114
118
119
120
121
122
126
127
128
131
132
133
134
135
136
137
138
139
140
141
142
143
144
148
149
150
151
152
153
154
155
156
157
158
159
160
164
165
166
167
168
169
170
171
172
173
177
178
179
180
181
182
183
184
185
189
190
191
192
193
195
196
197
198
199
201
204
205
206
207