1
2
3
4
5
6
7
8
9
10
11
12
13
14
15
16
17
19
20
21
22
23
24
26
27
28
29
30
31
32
33
34
36
37
38
39
40
42
43
44
45
46
47
48
50
51
52
53
54
55
57
58
59
60
62
63
64
65
66
67
69
71
72
73
74
75
76
78
80
81
83
84
86
87
88
89
90
91
93
94
95
96
97
98
99
100
102
103
105
106
107
108
109
110
113
114
115
116
117
118
119
121
122
123
124
125
126
128
129
130
131
132
133
134
135
138
139
140
143
144
145
148
149
150
153
154
157
158
161
162
165
166
168
169
172
173
176
177
180
181
184
185
188
189
192
193
196
197
200
201
204
205
208
209
212
213
216
217
220
221
224
225
228
229
232
233
236
237
240
241
244
245
248
249
252
253
256
257
260
261
264
265
268
269
272
273
276
277
280
281
284
285
288
289
292
293
296
297
300
301
304
305
306
307
308
309
310
311
314
315
316
317
319
320
322
323
324
325
326
327
330
331
332
333
334
335
339
341
342
343
344
345
346
347
348
349
351
353
354
355
357
358
359
360
364
365
366
368
369
371
372
373
375
376
377
378
380
383
384
385
388
389
390
391
392
394
395
397
398
399
400
402
403
404
406