1
2
3
4
5
6
7
8
9
10
11
12
13
14
15
16
17
19
20
21
23
24
25
26
28
29
30
31
32
33
35
36
38
40
41
42
44
45
46
48
49
50
51
53
54
55
57
58
59
60
63
64
65
66
67
68
69
70
71
72
75
76
77
78
79
80
81
82
83
84
87
88
89
90
91
92
93
94
95
96
99
100
101
102
105
106
107
108
111
112
113
114
115
116
117
118
119
120
121
122
123
124
125
128
129
130
131
132
135
136
137
138
139
140
141
143
144
145
146
147
148
149
150
151
154
155
156
158
159
160
163
164
165
166
167
170
171
172
173
174
177
178
179
180
181
184
185
186
187
188
189
192
193
194
195
196
199
200
201
202
203
206
207
208
209
210
211
214
215
216
217
218
221
222
223
224
225
226
229
230
231
232
233
236
237
238
239
240
241
244
245
246
247
248
251
252
253
254
255
258
259
260
261
262
265
266
267
268
269
270
273
274
275
276
277
280
281
282
283
284
285
288
289
292
293
294
295
296
297
300
301
304
305
306
307
308
309
310
313
314
315
316
317
319
322
323