1
2
3
4
5
6
7
8
9
10
11
12
13
14
15
16
17
19
20
21
23
24
26
27
28
29
30
31
32
33
34
35
36
37
38
40
42
43
44
45
46
48
49
50
51
52
55
57
58
60
61
63
64
65
66
67
68
70
72
73
74
76
79
80
83
84
85
86
87
88
89
90
91
92
93
96
97
98
99
101
102
105
106
107
108
109
110
111
112
113
115
116
119
120
121
122
123
124
125
126
127
129
130
131
133
136
137
139
140
142
143
144
145
146
147
148
149
150
151
152
153
157
158
159
161
164
165
166
167
168
169
170
171
172
174
177
178
179
180
181
182
183
184
185
187
190
191
194
197
200