1
2
3
4
5
6
7
8
9
10
11
12
13
14
15
16
17
19
20
22
23
24
25
26
28
29
30
32
33
34
35
36
37
38
39
40
41
42
43
44
45
46
47
48
49
50
51
52
53
54
55
57
59
60
61
63
64
65
66
67
68
70
71
72
73
74
75
76
77
78
79
80
81
82
83
84
87
88
89
90
91
92
93
94
95
96
97
98
99
100
101
102
103
104
106
111
112
113
115
116
117
118
119
123
124
125
126
127
128
129
130
132
133
134
135
137
140
141
142
146
147
148
149
150
152
153
154
158
159
162
163
164
167
171
172
173
174
175
177
178
179
183
184
185
186
188
189
190
193
194
195
198
202
203
204
207
208
209
210
211
212
213
215
216
219
220
223
224
226
227
228
229
230
231
232
234
235
239
240
241
245
246