1
2
3
4
5
6
7
8
9
10
11
12
13
14
15
16
17
19
20
21
22
23
25
26
27
29
30
31
32
33
34
35
36
38
39
40
41
42
43
44
45
46
47
49
50
51
52
53
54
55
56
57
58
60
63
64
65
66
67
68
69
70
73
74
77
78
79
80
81
83
86
87
90
91
94
95
98
99
102
103
106
107
110
111
114
115
118
119
120
121
122
126
127
128
129
130
131
132
133
137
138
139
140
141
144
145
146
147
148
151
152
155
156
159
160
163
164
167
168
171
172
175
176
179
180
183
184
187
188
189
192
193
194
195
198
199
200
203
204
205
208
209
212
213
216
217
218
219
220
223
224
225
226
227
230
232
233
234
235
236
237
239