1
2
3
4
5
6
7
8
9
10
11
12
13
14
15
16
17
19
20
21
22
23
25
26
27
28
29
30
31
32
33
34
35
36
37
38
39
40
41
42
43
44
45
46
48
49
50
51
52
53
54
55
56
58
59
60
61
62
63
64
65
66
67
68
69
70
71
72
74
77
78
81
82
83
84
86
87
88
89
94
95
98
99
100
102
103
105
106
107
108
110
113
114
115
119
121
122
123
124
128
129
130
134
135
137
138
139
140
141
142
143
144
148
151
152
153
154
155
156
157
158
159
160
161
162
163
164
165
166
167
168
169
170
171
172
174
175
176
177
178
181
182
183
185
186
187
188
189
190
191
192
193
194
195
196
197
198
199
200
204
205
206
209
210
211
212
213
215
216
217
218
219
220
221
222
223
224
225
226
229
230
234
235
236
239
240
241
242
243
246
247
248
249
250
253
254
255
256
257
260
261
262
263
264
267
268
269
270
271
274
275
276
277
278
281
282
283
284
285
288
289
290
291
292
295
296
297
298