1
2
3
4
5
6
7
8
9
10
11
12
13
14
15
16
17
19
20
21
22
23
24
25
27
28
29
31
32
33
34
35
36
37
38
39
40
41
42
44
45
46
47
49
50
51
52
54
55
58
59
63
64
65
66
67
68
70
73
74
77
78
81
82
85
86
87
88
89
92
93
94
95
96
99
100
101
102
103
106
107
108
109
110
113
114
117
118
119
120
121
124
125
126
127
128
129
132
133
136
137
138
139
140
143
144
145
146
147
148
151
152
155
156
159
160
163
164
165
166
167
168
169
170
171
172
173
174
175
176
177
178
180
183
184
187
188
191
192
195
197
198
199
201
204
205
208
209
212
213
216
217
220
221
224
225
226
229
230
231
232
233
234
235
236
241
242
243
246
247
248
249
250
251
252
257
258
259
260
261
262
263