1
2
3
4
5
6
7
8
9
10
11
12
13
14
15
16
17
19
21
22
23
24
25
26
27
29
30
31
32
34
35
37
38
40
41
44
45
46
49
50
51
52
53
54
56
57
58
59
60
65
66
67
70
71
72
75
76
77
80
81
83
84
85
86
87
89
90
91
92
93
95
99
100
101
104
105
106
108
109
110
111
112
114
115
116
117
118
120
124
125
126
129
130
131
135
136
137
138
139
140
141
143
144
145
146
147
149
153
154
155
158
159
160
161
162
163
167
168
169
170
171
172
174
175
177
178
179
180
181
183
187
188
189
192
193
194
195
196
197
199
200
201
202
203
205
208
209
210
211
212
213
215
216
217
218
219
221
224
225
228
229
232
233