1
2
3
4
5
6
7
8
9
10
11
12
13
14
15
16
17
19
20
21
22
23
24
25
26
28
29
30
31
32
33
34
35
37
38
39
40
41
42
43
45
46
47
48
49
50
54
55
56
57
58
59
62
63
64
65
66
69
70
73
74
75
76
77
78
79
80
81
82
84
87
88
89
90
91
92
93
94
95
96
97
98
99
100
103
104
105
106
107
108
109
110
111
114
115
116
117
120
121
122
123
124
127
128
129
130
131
132
133
136
137
138
139
140
141
142
143
144
145
146
150
151
152
153
154
155
156
157
158
159
160
161
165
166
167
168
170
171
172
173
176
177
178
179
180
181
185
186
191
192
194
195
196
197
198
201
202
203
204
207
208
209
210
211
214
215
216
217
218
219
221
222
223
225
226
227
231
232
233
234
235
236
237
238
239
240
243
245
246
247
248
251
252
253
254
255
256
257
263
264
267
268
269
273
274
275