1
2
3
4
5
6
7
8
9
10
11
12
13
14
15
16
17
19
20
21
22
23
24
25
27
28
30
31
32
34
35
36
37
38
39
40
43
83
94
95
96
98
99
100
101
102
103
104
105
106
107
109
110
111
112
115
117
118
119
123
124
125
126
127
128
129
130
131
132
133
134
135
136
137
138
141
142
143
144
145
147
148
149
150
152
153
154
155
156
157
158
159
162
163
164
165
166
168
169
170
171
173
174
176
177
178
179
180
183
184
185
187
188
190
191
192
193
194
197
198
199
201
202
204
205
206
207
210
211
212
213
215
216
217
221
222
223
224
225