1
2
3
4
5
6
7
8
9
10
11
12
13
14
15
16
17
19
20
21
22
23
24
26
27
28
29
30
31
32
33
34
35
36
38
39
40
41
42
43
45
47
48
50
51
52
54
55
56
58
59
60
61
62
65
66
67
68
71
72
75
76
77
78
79
80
81
83
85
86
88
90
91
92
94
95
96
97
98
99
100
103
104
106
107
110
113
114
116
117
118
119
121
122
123
125
126
127
128
129
130
131
132
133
134
135
138
140
141
143
144
145
146
147
148
151
152
153
155
156
158
159
160
161
162
165
166
167
168
171
172
173
176
177
178
179
182
183
186
187
188
190
191
192
195
196
198
199
201
202
204
205
206
211
212
214
215
218
219
220
221
222
225
226
227
228
229
230
231
232
235
237
238
239
241
244
245
246
247
248
249
250