1
2
3
4
5
6
7
8
9
10
11
12
13
14
15
16
17
19
20
21
22
23
24
25
26
27
29
30
31
32
33
34
36
38
39
40
42
44
45
48
49
52
53
54
55
56
57
58
59
60
61
64
65
66
67
68
69
70
71
72
73
74
77
78
79
80
81
82
83
84
85
86
87
90
91
92
93
94
95
96
97
98
99
100
101
104
105
106
109
110
111
112
113
114
115
116
118
119
120
124
125
126
127
128
129
130
131
133
135
136
140
141
142
143
144
145
146
147
150
151
152
153
154
155
156
157
158
160
161
162
163
164
165
166
167
170
173
174
175
176
179
180
181
182
185
186
187
188
189
190
194
195
198
199
200
201
202
203
204
205
206
207
208
209
211
212
214
217
218
219
220
221
222
223
224
225
226
227
228
229
230
231
232
235
236
237
238
239
240
241
242
243
244
245
246
247