1
2
3
4
5
6
7
8
9
10
11
12
13
14
15
16
17
19
20
21
22
23
24
25
26
27
28
29
30
32
33
34
35
36
37
38
39
40
41
42
43
44
45
47
48
49
50
51
52
53
55
56
58
59
60
61
62
63
64
65
66
67
68
69
70
71
72
73
75
76
79
80
81
82
85
86
87
88
91
92
93
94
95
96
97
98
101
102
103
104
105
106
108
111
112
113
114
115
118
119
120
121
122
123
125
126
129
130
131
132
133
134
135
136
140
141
142
143
144
145
146
147
148
149
150
151
152
153
154
156
157
158
159
160
161
162
164
165
166
167
168
169
170
172
173
174
175
176
178
179
180
181
182
188
189
190
191
192
193
194
195
196
197
198
199
200
202
203
208
209
210
211
214
215
218
219
222
223
226
227
230
231
232
233
234
235
236
239
240
241
243
246
247
248
249
250
253
254
257
258
259
260
261
264
265
268
269
270
271
272
275
276
279
280
283
284
287
288
289
291
294
295
298
299
302
303
304
305
306
307
308
311
312
313
315
318
319
322
323
326
327
328
331
332
334
335
336
337
338
339
342
343
344
345
346
349
352
353
355
358
359
360
362
364
365
366
367
370
373
374
377
378
380
381
384
385
386
387
388
389
390
391
392
393
394
395
396
398
399
400
401
402
409
410
411
412
414
417
418
421
422
423
427
428
431
432
435
436
439
440
443
444
447
448
451
452
453
454
455
459
460
461
463