1
2
3
4
5
6
7
8
9
10
11
12
13
14
15
16
17
19
20
21
22
23
24
26
28
29
30
31
32
33
34
35
36
37
38
39
40
41
42
43
45
46
48
49
50
51
52
53
54
55
56
57
58
59
60
61
62
63
64
65
66
67
68
71
73
76
77
78
79
80
81
83
85
86
89
90
91
92
93
94
95
96
97
99
101
102
106
107
110
111
114
115
118
119
122
123
125
126
127
128
129
130
131
132
133
134
135
136
137
142
143
144
145
146
147
148
149
152
153
154
155
156
159
160
161
162
163
164
165
166
167
168
170
172
173
174
177
178
179
180
181
182
183
184
185
186
187
188
190
191
194
195
196
197
198
199
200
201