1
2
3
4
5
6
7
8
9
10
11
12
13
14
15
16
17
19
20
21
22
23
24
26
27
28
29
30
31
32
33
34
35
36
37
38
40
41
42
43
44
45
47
48
50
51
52
55
56
57
58
59
60
61
62
63
64
65
66
67
68
69
70
71
72
74
75
76
82
83
84
85
86
87
88
89
90
91
96
97
98
99
100
101
102
103
106
107
108
109
110
111
112
113
114
115
116
117
118
123
126
127
130
131
132
133
134
135
136
137
140
141
142
143
144
145
146
149
150
151
152
153
154
155
158
159
160
161
162
163
164
165
166
167
168
169
170
171
172
174
175
177
180
181
182
183
184
185
186
187
188
189
190
191
192
193
194
195
197
200
201
202
203
204
205
206
207
210
211
212
213
214
215
216
217
218
219
220
221
222
223
224
226
229
232
233
234
235
236
237
238
239
242
243
244
245
246
247
248
249
250
251
252
253
254
256
259
260
261
262
263
264
265
266
267
268
269
270
271
273
276
277
278
279
280
281
282
283
284
287
288
289
290
291
292
293
294
295
296
297
298
299
300
301
302
303
305
306
308
311
312
313
314
316
319
320
321
322
323
324
325
326
327
328
329
332
335
336
337
338
339
340
341
342
343
345
348
349
350
351
352
353
354
355
356
357
358
359
360
362
365
366
367
368
369
370
371
372
373
374
375
377
380
381
382
383
384
385
386
387
388
389
390
391
392
394
396
397
399
402
403
404
405
406
407
408
409
410
414
415
416
417
418
419
420
421
422
423
424
426
429
430
431
432
433
434
435
436
437
438
439
440
441
442
443
444
445
446
447
450
451
452
453
454
455
456
457
458
459
462
463
464
465
466
467
468
469
470
471
474
475
476
477
478
479
482
483
484
485
486
487
490
491
492
493
494
495
498
499
500
501
503
506
507
508
509
510
511
512
513
514
515
516
517
518
519
520
521
522
524
527
528
529
530
531
532
533
534
535
536
537
538
539
540
541
542
543
545
548
549
550
551
552
553
554
555
556
557
558
559
560
561
562
563
565
566
569
572
573
574
575
576
577
578
579
580
581
582
583
584
585
586
587
589
590
593
596
597
598
599
600
601
602
603
606
607
608
609
610
611
612
613
614
617
618
619
620
621
622
623
624
625
626
627
628
629
631
634
635
636
637
638
639
640
641
642
645
646
647
648
649
650
651
652
653
654
657
658
659
660
661
662
663
664
665
666
667
671
672
673
674
675
676
677
678
679
680
683
684
685
686
687
688
689
690
691
692
693
695
696
698
701
702
703
704
705
706
707
708
711
712
713
714
715
716
717
718
721
722
723
724
725
726
727
728
729
730
733
734
735
736
737
738
739
740
741
742
745
746
747
748
749
750
751
752
753
754
757
758
759
760
761
762
763
764
765
766
767
768
769
770
771
772
773
775
777
778
779
781
784
785
786
787
788
789
790
791
792
793
794
795
796
797
798
799
801
803
804
805
807
810
811
812
813
814
815
816
817
818
819
820
821
822
823
824
825
827
828
829
830
831
833
834
835
836
837
838
839
841
842
844
845
846
848
851
852
853
854
855
856
857
858
859
862
865
866
867
868
869
870
871
872
873
874
875
876
877
878
881
882
885
889