1
2
3
4
5
6
7
8
9
10
11
12
13
14
15
16
17
19
20
21
22
24
25
26
27
28
29
30
32
33
36
37
38
39
40
41
42
43
44
45
46
47
48
49
51
53
54
55
57
58
59
60
61
62
64
66
68
69
70
71
72
73
75
76
77
78
80
82
85
86
89
90
91
92
94
95
96
99
101
102
103
104
106
107
108
110
111
112
113
114
115
116
117
118
119
121
123
124
126
127
128
129
130
131
133
134
135
136
138
139
140
142
145
146
147
148
151
153
154
156
157
158
161
162
163
164
165
166
167
169
173
174
175
177
178
179
180
181
183
185
189
190
191
192
193
194
195
196
197
198
202
203
204
205
206
207
208
209
210
212