1
2
3
4
5
6
7
8
9
10
11
12
13
14
15
16
17
19
20
21
22
24
25
26
27
28
29
30
31
32
33
34
35
36
37
38
39
41
43
45
46
47
48
49
50
51
52
53
54
56
57
58
61
62
65
66
69
70
71
72
73
74
77
78
79
80
85
86
87
88
89
90
91
92
97
98
99
100
101
102
103
104
106
107
112
113
114
115
117
118
119
120
121
123
127
128
129
130
132
133
134
135
136
137
140
141
142
146
147
148
149
150
151
152
154
155
156
157
158
159
160
162
163
164
165
166
168
169
170
171
172
173
176
177
181
182
183
184
185
187
188
189
190
191
194
195
197
199
200
206
207
210
211
214
215
218
219
222
223
224