1
2
3
4
5
6
7
8
9
10
11
12
13
14
15
16
17
19
20
21
22
23
24
25
27
28
29
30
31
32
34
35
36
37
38
40
41
42
44
45
46
48
49
50
52
53
56
57
60
61
64
65
66
67
68
71
72
75
76
77
78
79
82
83
86
87
88
89
90
93
94
97
98
99
100
101
104
105
108
109
110
111
112
113
116
117
120
121
122
123
124
126
127
128
129
131
133
136
137
138
139
140
142
144
147
148
149
152
153
154
157
158
159
160
161
162
163
168
169
172
173
174
175
176
177
178
179
183
186
189
192
193
196
199
200
201
202
203
206
207
210
211
212
213
214
217
218
221
222
223
224
225
228
229
232
233
234
235
236
239
240
243
244
245
246
247
250
251
254
255
256
257
258
259
262
263
266
267
268
269
270
271
274
275
278
279
282
283
284
285
286
288
291
292
293
294
295
296
298
300
301
304
305
306
307
308
310
313
314
317
318
321
322
325
326
329
330
333
334
337
338
341
342
345
346
349
352
353