1
2
3
4
5
6
7
8
9
10
11
12
13
14
15
16
17
19
21
22
23
24
26
29
30
31
34
35
36
39
40
43
44
47
48
51
52
55
56
57
58
61
62
63
64
67
68
69
72
73
74
77
78
79
82
83
84
87
88
89
92
93
94
97
98
99
102
103
104
107
108
109
112
113
114
117
118
119
122
123
124
125
128
129
130
131
134
135
138
139
142
143
146
147
150
151
152
155
156
159
160
161
162
165
166
167
170
171
172
175
176
177
178
181
182
183
184
187
188
189
190
193
194
195
196
199
200
201
202
203
204
207
208
209
210
211
212
215
216
217
218
219
220
221
222
223
224
227
228
229
230
231
232
233
234
235
236
239
240
243
244
247
248
251
252
255
256
259
260
263
264
267
268