1
2
3
4
5
6
7
8
9
10
11
12
13
14
15
16
17
19
20
21
22
23
25
26
27
28
29
31
32
33
34
35
36
37
38
39
40
41
42
43
45
46
47
48
49
50
51
52
53
54
55
56
57
58
59
60
61
62
63
65
67
68
70
71
72
73
75
76
77
78
80
81
82
83
86
87
90
91
94
95
96
97
98
101
102
103
104
105
106
107
108
111
112
113
114
115
116
118
119
120
122
125
126
127
130
131
132
133
135
136
137
138
142
143
144
147
148
149
150
152
153
154
155
159
160
161
164
165
166
167
169
170
171
172
176
177
180
181
182
183
184
186
187
188
189
191
192
195
196
197
198
199
200
202
203
204
209
210
211
212
213
214
215
216
217
218
219
220
223
224
225
226
227
228
229
233
236
237
238
239
240
241
242
243
244
245
246
247
248
249
252
254
255
256
257
258
259
260
261
263
267
268
269
270
271
272
273
274
275
277
278
280
281
283
284
285
288
289
290
291
292
293
295
296
297
300
301
302
303
304
307
309
310
313
314
317
318
319
320
323
324
325
326
327
329
330
331
332
333
334
335
336
337
339
341
342
346
347
348
350
351
353
354
357
358
359
362
363
364
365
366
367
368
369
370
371
374
375
377
378
379
381
382
386
388
389
392
393
394
395
396
398
399
400
401
402
403
406
407
408
410
411
412
414
415
416
417
418
422
423
427
428
430
431
434
435
436
437
438
439
440
441
442
445
446
447
449
450
452
454
455
456
457
458
462
463
468
469
470
473
474
475
476
477
479
480
481
482
483
486
488
489
490
491
492
496
497
498
500
501
503
504
505
506
507
511
512
513
516
517
518
519
521
522
523
524
525
526
527
528
530
531
532
536
537
540
541
544
545
546
547
548
549
550
553
555
556
557
558
559
562
563
564
565
567
568
569
570
571
573
574
577
579
580
581
582
583
584
586
587
590
591
592
593
594
595
596
597
598
602
603
604
608
609
610
611
612
613
614
615
616
617
618
619
620
621
624
625
626
627
630
631
634
635
636