1
2
3
4
5
6
7
8
9
10
11
12
13
14
15
16
17
19
20
21
22
23
25
26
27
28
29
31
32
33
35
37
38
39
40
41
45
46
47
48
49
50
51
54
55
56
57
58
59
60
63
64
65
66
67
68
69
72
73
74
75
76
77
78
79
80
81
82
83
84
85
86
91
92
93
94
95
96
97
98
99
100
102
105
106
107
108
109
110
111
112
113
114
115
116
117
118
119
120
121
122
123
124
129
130
131
132
133
134
135
136
137
138
140
143
144
145
146
147
148
149
152
153
154
155
156
157
158
159
160
161
162
163
164
165
166
167
172
173
174
175
176
177
178
179
181
184
185
186
187
188
189
190
193
194
195
196
197
198
199
200
203
204
205
206
207
208
209
210
211
212
215
216
217
218
219
220
221
222
223
224
226
229
230
231
232
233
234
235
236
238
241
242
243
244
245
246
247
248
250
253
254
255
256
257
258
259