1
2
3
4
5
6
7
8
9
10
11
12
13
14
15
16
17
19
20
21
23
24
25
26
27
28
29
30
31
32
33
34
35
36
37
38
39
40
41
42
43
44
46
47
48
49
50
51
52
54
55
56
57
58
60
61
62
63
64
65
66
68
69
71
72
73
74
77
78
81
82
85
86
87
89
90
92
93
94
95
97
99
100
101
103
105
106
107
108
109
110
112
113
114
115
116
117
119
120
124
128
129
132
133
136
137
140
141
144
145
148
149
152
153
156
157
160
161
164
165
168
169
172
173
176
177
180
181
184
185
188
189
192
193
196
197
200
201
202
206
207
208
209
212
213
216
217
220
221
224
225
228
229
232
233
236
237
240
241
244
245
248
249
252
253
256
257
260
261
262
263
266
267
270
271
274
275
276
277
278
280
283
284
285
287
290
291
292
294
297
298
299
301
304
305
306
309
310
311
314
315
316
319
320
321
324
325