1
2
3
4
5
6
7
8
9
10
11
12
13
14
15
16
17
18
20
21
22
23
24
25
26
27
29
30
31
33
34
35
36
37
38
40
41
42
43
44
45
46
47
48
49
50
51
52
53
55
56
57
58
59
61
62
63
64
65
66
68
71
73
74
76
77
78
79
81
82
83
84
85
87
89
90
92
93
94
95
96
97
98
100
101
102
103
104
105
108
110
111
112
113
114
115
117
118
119
122
123
125
126
128
130
131
132
133
135
136
137
138
139
140
141
146
148
150
151
153
154
155
156
158
161
162
163
166
167
168
169
170
171
173
174
177
182
183
184
185
186
187
188
189
190
192
193
195
198
199
202
203
206
207
210
211
214
215
218
219
222
223
226
227
230
231
234
235
238
239
242
243
246
247
250
251
254
255