1
3
4
5
6
7
8
9
10
11
12
13
14
15
16
17
18
20
21
22
23
24
25
26
27
29
31
32
33
34
36
37
38
39
41
42
43
44
46
47
48
49
50
51
52
54
55
56
57
58
59
61
62
63
64
65
66
69
70
71
72
74
75
76
77
80
81
82
83
84
85
86
87
88
91
92
94
95
96
98
99
100
102
104
106
108
110
112
113
114
118
119
120
121
123
125
127
130
131
132
133
134
135
136
137
138
139
141
142
143
145
146
149
150
151
152
153
154
155
157
158
159
161
162
164
165
166
167
168
170
171
173
174
175
177
178
179
181
183
185
187
189
190
191
192
193
194
195
196
197
198
199
203
204
205
206
207
208
209
210
211
212
217
220
221
222
223
224
225
226
229
231
234
236
239
240
241
242
243
244
246
247
249
250
252
254
255
260
261
262
263
264
265
267
268
270
271
273
274
278
279
280
282
283
284
287
288
289
290
291
292
294
296
297
302
303
304
305
306
307
309
310
311
312
314
315
317
319
321
322
325
327
329
330
331
332
335
336
340
341
342
343
344
345
346
347
348
349
350
351
353
354
356
358
359
360
361
366
369
370
371
372
373
374
375
376
377
378
379
380
382
383
385
387
388
390
391
392
393
394
400
403
404
405
406
407
408
409
410
411
412
414
415
417
418
419
420
422
424
425
426
427
433
434
435
436
437
438
439
440
441
442
443
444
446
447
449
450
451
452
454
456
457
458
459
461
463
464
465
466
472
473
474
475
476
477
478
479
480
481
483
484
486
487
488
489
490
494
497
498
499
500
501
502
503
504
506
507
509
510
511
512
518
519
520
521
522
523
524
525
527
528
529
530
531
532
533
534
535
536
537
538
539
540
541
542
543
544
545
546
547
551
552
553
554
555
556
557
558
559
560
561
562
564
565
568
570
571
572
574
575
578
579
580
581
583
584
587
588
589
590
591
592
593
594
595
596
597
599
600
602
604
605
606
608
609
612
613
614
615
618
619
624
625
626
627
628
629
630
631
632
633
634
636
638
640
641
644
646
647
648
649
651
653
655
656
657
658
660
662
663
665
667
668
673
676
677
678
679
680
681
682
683
684
685
686
687
689
690
691
692
694
695
696
697
698
702
703
704
705
707