1
3
4
5
7
8
9
10
12
13
14
15
16
19
20
21
22
23
24
25
26
27
28
29
30
31
32
35
36
37
38
41
42
43
44
45
46
47
48
49
50
51
52
53
54
55
56
57
58
59
60
61
64
65
66
67
68
69
70
71
74
75
76
77
78
79
80
81
82
83
84
85
86
87
88
89
90
91
92
93
96
98
100
101
102
104
105
106
107
108
111
112
113
115
117
119
121
123
125
128
129
131
133
136
137
139
141
144
145
146
147
148
149
150
151
153
155
156
157
158
159
160
161
162
163
164
165
166
167
168
169
170
171
172
173
174
176
179
180
181
182
183
184
185
186
187
188
189
191
193
194
195
196
197
198
199
200
201
203
205
206
207
208
209
210
211
212
213
215
216
218
220
221
222
224
226
228
229
230
231
232
233
234
235
237
239
240
241
242
243
244
245
247
248
249
251
252
253
254
255
256
257
259
261
262
263
264
265
266
267
268
269
270
272
274
275
276
277
279
281
282
284
285
286
288
290
292
295
296
297
298
299
300
301
302
303
304
305
307
309
310
311
312
313
315
317
318
319
320
321
323
324
326
328
329
330
332
334
336
337
338
341
342
343
344
345
346
347
348
350
352
353
354
355
357
359
360
361
362
363
364
365
366
367
368
369
370
371
372
373
374
375
376
377
378
379
380
381
382
383
384
385
386
387
388
389
390
391
392
393
394
395
396
397
398
399
400
401
402
403
404
405
406
407
408
409
410
411
412
413
414
415
416
417
418
419
420
421
422
423
424
425
426
427
428
429
430
431
433
436
437
438
439
440
441
442
443
445
447
448
449
450
452
454
455
456
457
458
459
460
461
462
463
464
465
466
467
468
469
470
471
473
476
477
478
479
480
481
482
483
484
486
488
489
490
491
493
495
496
497
498
499
500
501
502
503
504
505
506
507
508
509
510
512
514
515
516
517
518
520
522
523
524
525
527
530
531
532
533
534
535
536
537
539
541
542
543
544
545
546
547
548
550
552
553
554
555
556
557
559
561
563
564
565
566
568
570
571
572
574
575
576
577
580
581
582
583
584
585
587
589
590
591
592
594
596
597
599
601
602
603
606
607
608
609
610
611
612
613
614
615
616
617
618
619
620
621
622
623
624
625
626
627
628
629
630
631
632
633
635
637
638
639
640
641
642
643
644
645
646
647
648
649
651
652
653
654
655
657
658
659
660
662
664
665
666
667
669
671
672
673
674
675
676
677
679
681
683
684
685
686
687
688
689
690
692
693
694
695
696
697
698
699
700
701
703
704
706
708
709
710
712
714
716
717
719
720
722
724
725
726
728
730
732
733
734
735
737
738
740
742
743
744
746
748
750
751
753
754
756
758
759
760
762
764
766
767
768
769
770
771
772
773
774
775
776
777
779
781
782
783
784
785
786
787
789
791
792
793
794
795
796
797
799
801
802
803
804
805
806
807
809
811
812
813
814
815
816
817
819
821
822
823
824
825
826
827
829
831
832
833
834
835
836
837
839
841
842
843
844
845
846
847
849
851
852
853
854
855
856
857
858
860
862
863
865
866
867
868
869
871
872
873
874
875
876
877
879
881
882
883
884
885
886
887
889
891
893
894
895
896
897
898
900
901
902