1
2
4
5
7
8
9
10
11
12
13
14
15
16
17
18
19
20
21
22
23
24
25
26
27
29
31
32
34
35
37
40
42
43
45
48
51
53
54
56
57
59
61
63
64
66
67
69
71
73
74
75
76
78
80
88
89
91
93
95
98
101
102
103
104
105
106
107
109
110
112
113
115
117
119
120
122
124
129
130
132
133
135
137
140
141
143
144
145
147
149
152
154
155
157
159
161
163
164
166
168
171
173
174
176
178
181
182
184
185
187
189
192
193
194
196
197
198
201
203
204
206
208
211
214
216
218
220
222
223
225
227
228
230
232
233
239
240
241
242
243
244
247
248
250
252
254
256
259
260
261
263
264
266
268
271