1
3
4
5
7
8
9
10
12
13
14
15
16
17
18
19
20
21
22
23
24
25
26
27
28
29
30
31
32
33
34
35
36
37
38
39
40
41
44
45
46
49
50
51
52
53
54
55
56
57
58
59
60
63
65
67
69
70
71
74
75
76
77
78
79
81
82
83
85
87
88
89
90
91
93
95
97
98
100
101
103
105
106
107
109
111
113
114
115
116
117
118
120
122
123
124
127
128
129
130
131
132
133
134
135
137
139
140
141
142
143
144
145
146
147
148
150
151
153
154
155
156
157
158
159
160
161
162
163
164
165
166
168
170
171
172
173
174
175
176
177
179
182
183
184
185
186
187
188
189
190
191
192
193
195
197
198
199
200
201
202
203
204
205
207
208
210
211
212
213
214
215
217
219
220
221
222
223
224
227
228
229
230
231
232
233
234
235
237
239
240
241
242
243
244
245
246
247
248
250
251
253
254
255
256
257
258
259
260
261
262
263
265
268
269
270
271
272
273
274
275
276
277
278
280
282
283
284
285
286
287
288
289
290
291
293
295
296
297
298
299
300
301
303
305
306
307
308
309
310
311
313
315
316
317