1
3
4
5
6
7
8
9
10
11
12
13
14
15
16
17
18
20
21
22
23
24
25
26
27
28
30
31
32
33
34
36
37
38
39
40
41
42
43
44
45
46
47
48
49
50
51
52
53
54
55
56
57
58
59
60
61
62
63
64
65
66
68
69
71
72
74
117
118
119
120
121
122
124
125
126
127
128
129
130
131
132
134
135
136
138
139
140
141
142
143
144
145
146
147
148
149
150
151
152
153
154
155
156
157
158
160
161
163
165
166
167
170
171
172
173
174
175
176
177
178
179
180
181
182
183
184
186
187
188
190
191
193
194
195
198
201
202
203
204
205
206
207
208
209
210
211
212
213
214
217
218
219
220
221
225
226
227
228
229
230
231
232
233
234
235
237
238
239
240
241
242
244
247
248
249
250
251
252
253
254
256
257
258
259
260
261
264
265
266
269
270
271
274
275
276
277
278
279
280
281
282
283
284
286
287
288
289
290
291
292
293
294
295
296
298
301
302
303
307
308
309
310
311
312
316
317
318
319
320
321
322
323
325
326
327
328
329
331
332
333
334
337
338
340
341
342
343
344
345
346
347
348
349
352
353
354
355
357
364
365
366
367
368
369
370
371
373
374
375
376
377
378
380
381
382
383
384
387
388
389
390
391
392
394
395
396
397
398
399
400
403
404
405
406
409
410
411
412
413
414
415
416
417
418
419
420
422
424
425
428
429
432
433
439
440
441
442
443
444
445
446
448
450
451
452
455
456