1
3
4
5
7
8
9
10
12
13
14
15
16
17
18
21
22
23
24
25
26
27
28
29
30
31
32
33
34
37
38
39
40
41
42
43
44
45
46
47
48
51
52
53
54
55
58
59
60
63
64
65
66
69
70
71
72
73
74
75
76
77
78
79
80
81
82
83
84
85
86
87
88
89
90
91
92
93
94
95
96
97
98
99
100
101
102
103
104
105
106
107
108
109
110
111
114
115
116
117
118
119
120
121
122
123
124
125
126
129
130
131
132
133
134
135
136
137
138
139
140
141
142
143
144
145
146
147
148
149
150
151
152
153
154
155
156
157
158
159
160
161
162
163
164
165
166
167
168
169
170
171
172
173
174
175
176
177
178
179
180
181
182
183
184
185
186
187
188
189
190
191
192
193
194
195
196
197
198
199
200
201
202
203
204
205
206
207
208
209
210
211
212
213
214
215
216
217
218
219
220
221
222
223
224
225
228
229
230
231
232
233
234
235
236
239
241
242
243
245
246
247
248
249
252
253
254
255
256
257
258
259
260
261
262
263
264
265
266
267
268
269
270
271
273
275
276
277
278
279
280
282
284
285
287
288
290
292
293
294
296
298
300
301
302
303
304
306
308
309
311
312
314
316
317
318
320
322
324
325
326
327
328
329
331
333
334
335
336
337
338
340
342
343
345
346
348
350
351
352
354
356
358
359
360
361
362
364
366
367
369
371
372
373
374
375
376
377
378
379
380
381
382
383
385
386
388
390
391
392
394
396
398
399
401
402
404
406
407
408
410
412
414
415
416
417
419
420
422
424
425
426
428
430
432
433
435
436
438
440
441
442
444
446
448
449
450
451
452
455
456
457
458
459
461
462
463
464
465
466
467
468
470
472
473
474
475
476
477
478
479
480
481
482
483
484
485
486
487
488
489
490
491
492
493
494
495
496
497
498
499
500
501
502
503
504
505
507
509
510
512
513
514
515
517
520
521
523
525
528
529
531
533
536
537
539
541
544
545
546
547
548
549
550
552
554
555
556
557
558
560
562
563
565
567
568
569
570
571
572
573
574
575
576
577
578
579
580
581
582
583
584
585
586
587
588
589
590
591
592
593
594
595
596
597
598
599
600
601
602
603
604
605
606
607
608
609
610
611
612
613
615
617
618
619
621
624
625
626
627
628
629
630
631
632
633
634
635
636
638
640
641
642
643
644
645
646
647
648
650
652
653
654
655
656
657
658
660
662
663
664
665
666
667
668
669
670
671
673
674
676
677
678
679
681
682
684
685
686
687
688
689
690
691
693
695
696
697
698
699
700
701
703
705
706
707
708
709
710
711
713
715
716
717
718
719
720
721
723
725
726
727
728
729
730
731
732
733
734
735
737
738
740
741
742
743
745
746
748
749
750
751
752
753
754
755
756
757
758
759
761
762
764
765
766
767
769
770
772
773
774
776
777
778
779
780
781
783
785
786
787
788
789
790
791
792
793
794
795
797
798
800
801
802
803
804
805
806
807
808
809
811
812
814
815
816
818
819
820
821
822
823
825
827
828
829
830
831
832
833
834
835
836
837
839
840
842
843
844
845
846
847
848
849
850
851
853
854
856
857
858
860
861
862
863
864
865
867
869
870
871
872
873
874
875
876
877
878
880
881
883
884
885
886
888
889
891
892
893
894
896
899
900
901
902
903
904
905
906
907
909
911
912
913
914
915
916
917
918
919
920
922
923
925
926
927
928
929
930
931
932
933
934
936
938
939
940
942
945
946
947
948
949
950
951
952
953
954
955
957
959
960
961
962
963
964
965
966
967
968
970
971
973
974
975
976
977
978
979
980
981
982
983
984
985
986
988
989
991
992
993
994
996
997
999
1000
1001
1002
1003
1004
1005
1006
1007
1008
1009
1010
1012
1015
1016
1017
1018
1019
1020
1021
1022
1023
1024
1026
1028
1029
1030
1031
1032
1033
1034
1035
1036
1038
1040
1041
1042
1043
1044
1045
1046
1048
1050
1051
1052
1053
1054
1055
1056
1057
1058
1059
1061
1062
1064
1065
1066
1067
1068
1069
1071
1072
1074
1075
1076
1078
1079
1081
1082
1083
1084
1086
1089
1090
1091
1092
1093
1094
1095
1096
1097
1098
1099
1100
1101
1103
1105
1106
1107
1108
1109
1110
1111
1112
1113
1114
1116
1118
1119
1120
1121
1122
1123
1124
1125
1126
1127
1128
1129
1131
1133
1134
1135
1136
1137
1138
1140
1142
1143
1144
1145
1146
1148
1150
1151
1152
1153
1154
1155
1156
1157
1159
1161
1162
1163
1164
1165
1166
1167
1169
1171
1172
1173