1
3
4
5
6
7
8
9
10
11
12
13
14
15
16
17
18
20
21
22
23
24
25
26
27
28
29
30
32
33
34
35
36
38
39
40
41
42
43
44
46
48
49
50
51
52
53
54
55
56
57
58
59
60
61
62
63
64
66
67
68
69
71
72
73
74
76
77
78
79
82
83
85
86
87
88
97
98
99
100
101
102
103
104
105
106
107
108
109
110
112
113
114
115
116
117
119
120
121
122
124
125
133
134
135
136
137
138
139
140
141
142
143
144
145
146
147
148
149
150
151
152
153
155
156
158
159
160
161
162
163
164
165
171
172
173
174
175
176
177
178
179
180
181
182
183
184
185
187
188
189
190
191
192
193
194
196
197
198
199
205
206
207
208
209
210
211
212
213
214
215
216
217
218
219
220
221
222
223
224
225
226
227
229
230
232
234
236
237
238
239
240
242
243
244
245
249
250
251
252
254
256
257
258
267
268
269
270
271
272
273
274
275
276
277
278
279
280
281
282
283
284
285
286
287
288
289
290
291
292
293
294
295
296
297
299
300
301
302
303
304
305
306
307
308
309
310
313
314
315
316
317
318
319
323
324
325
326
327
328
329
330
331
332
333
334
335
339
340
341
342
343
345
348
349
350
351
352
353
358
359
360
362
363
364
365
366
367
368
369
370
371
372
373
374
375
378
379
380
381
385
386
387
389
390
391
392
393
394
395
396
397
398
399
400
401
402
403
404
405
407
408
409
410
412
414
415
416
418
419
420
421
423
424
426
427
430
431
432
433
436
437
438
439
440
441
442
443
444