1
3
4
5
7
8
9
10
12
13
14
15
16
17
18
19
20
21
22
23
24
25
26
27
28
29
30
31
32
33
34
35
36
37
38
39
40
41
42
43
44
45
46
47
48
49
52
53
54
55
56
57
58
59
62
63
64
65
66
67
70
72
74
76
77
78
81
82
83
84
85
86
88
89
90
92
94
95
96
97
98
100
102
104
105
107
108
110
112
113
114
116
118
120
121
122
123
124
125
127
129
130
131
134
135
136
137
138
139
140
141
142
144
146
147
148
149
150
151
152
153
154
155
157
158
160
161
162
163
164
165
166
167
168
169
170
171
172
173
175
177
178
179
181
184
185
186
187
188
189
190
191
193
195
196
197
198
199
200
201
202
203
205
206
208
209
210
211
212
213
215
216
218
219
220
221
222
223
224
227
228
229
230
231
232
233
234
236
238
239
240
241
242
243
244
245
246
247
249
250
252
253
254
255
256
257
258
259
260
261
262
263
264
265
266
267
268
269
270
271
272
274
275
278
279
280
281
282
283
284
285
286
287
288
290
292
293
294
295
296
297
298
299
300
301
303
305
306
307
308
309
310
311
313
315
316
317
318
319
320
321
323
325
326
327