1
3
4
5
6
7
8
9
10
11
12
13
14
15
16
17
18
20
21
22
23
24
25
26
27
28
30
31
32
33
35
36
37
38
39
40
41
43
44
45
47
48
49
50
51
52
53
54
56
58
59
60
61
63
64
65
66
67
68
69
70
71
72
73
75
77
79
80
81
82
85
86
88
90
91
92
93
96
98
101
102
104
107
108
109
110
111
112
113
114
116
118
119
122
123
125
128
129
131
134
135
137
140
141
143
145
146
148
151
152
154
156
157
159
162
163
165
166
168
169
170
171
173
175
177
178
180
181
182
183
185
186
188
189
190
191
192
193
195
198
199
200
202
203
206
209
210
212
215
217
220
221
223
226
227
229
230
232
233
235
238
239
240
241
242
243
244
246
249
250
251
252
253
254
255
257