1
3
4
5
6
7
8
9
10
11
12
13
14
15
16
17
19
20
21
22
23
24
25
26
27
28
30
31
32
69
105
106
107
108
109
110
111
112
113
114
115
116
117
118
119
120
121
122
123
124
125
126
127
128
129
130
131
132
133
134
135
136
137
138
139
140
141
142
143
144
145
146
147
148
149
150
151
152
153
154
155
156
157
158
159
160
161
162
163
164
165
166
167
168
169
170
171
172
173
174
175
176
177
180
181
182
183
184
185
186
187
188
189
190
191
192
193
194
195
196
197
198
199
200
201
202
203
204
205
206
207
208
209
210
211
212
213
214
215
216
217
218
219
220
221
222
223
224
225
226
227
228
229
230
231
232
233
234
235
236
237
238
239
240
241
242
243
244
245
246
247
248
249
250
251
252
255
257
258
259
261
262
263
264
265
268
269
270
271
273
274
275
277
278
279
281
282
283
285
286
287
289
290
291
293
294
295
297
298
300
302
303
304
305
307
308
309
311
312
313
315
316
317
319
320
321
323
324
325
327
328
329
331
332
333
335
336
337
338
339
342
343
344
345
347
348
349
351
352
353
355
356
357
359
360
361
363
364
365
367
368
369
371
372
373
375
376
377
378
380
381
382
384
385
386
388
389
390
392
393
394
396
397
398
400
401
402
404
405
406
408
409
410
411
412
415
416
417
418
420
421
422
424
425
426
428
429
430
432
433
434
436
437
438
440
441
442
444
445
446
448
449
450
451
453
454
455
457
458
459
461
462
463
465
466
467
469
470
471
473
474
475
479