1
3
4
5
6
7
8
9
10
11
12
13
14
15
16
17
19
20
21
22
23
24
25
26
27
28
29
31
32
33
34
35
38
39
40
41
42
43
44
45
46
47
48
49
50
51
52
53
54
55
56
57
58
59
60
61
62
63
64
65
66
67
69
70
71
72
74
75
76
77
78
80
81
82
83
84
87
89
90
91
92
94
95
96
97
99
100
101
102
103
104
106
107
108
109
110
111
113
114
115
116
117
118
119
120
121
124
125
126
127
128
129
132
133
134
135
136
138
139
140
143
144
145
148
149
150
152
153
157
158
159
160
161
162
163
164
165
167
168
170
171
172
173
174
175
176
177
178
179
180
181
182
183
185
187
188
189
190
194
195
196
197
198
201
202
203
204
205
206
207
209
210
211
215
216
217
218
219
220
222
223
224
225
226
230
231
232
234
235
237
238
239
240
243
244
245
246
247
248
249
250
251
252
253
256
257
260
261
262
263
264
265
266
267
268
269
270
271
272
273
274
275
276
278
279
283
284
287
288
289
290
291
292
293
294
295
296
300
301
302
305
306
309
310
313
314
317
318
321
322
325
326
329
330
333
334
335
336
337
338
339
340
343
344
345
346
347