1
3
4
5
6
7
8
9
10
11
12
13
14
15
16
17
18
20
21
22
23
24
25
27
28
29
30
31
32
33
35
36
37
38
39
40
41
42
43
44
45
48
49
50
52
53
54
55
56
57
58
59
60
61
62
63
64
65
66
70
71
72
73
74
75
76
77
78
79
80
81
82
86
87
88
89
90
91
92
93
94
95
96
98
99
101
105
106
107
109
110
111
112
113
114
115
116
117
118
119
120
122
123
125
126
127
128
129
130
131
132
134
135
136
138
140
144
145
146
148
149
150
151
152
153
154
155
156
157
158
160
161
162
163
167
168
169
170
171
172
173
174
175
178
180
181
182
183
184
185
188
192
193
194
195
196
197
198
199
200
203
204
205
206
208
212
213
214
215
216
217
218
219
220
221
222
223
224
225
226
227
228
229
230
231
234