1
3
4
5
7
8
9
10
12
13
14
15
16
17
18
19
20
21
22
23
26
27
28
29
32
33
34
35
38
39
40
41
42
43
46
47
48
49
50
51
52
55
56
57
58
59
62
64
66
68
69
70
72
73
74
75
76
79
80
81
82
83
84
85
86
87
88
89
90
91
93
94
95
96
97
98
99
100
102
104
105
106
107
108
109
110
111
112
113
114
115
116
117
118
119
120
121
122
123
124
125
126
127
128
129
130
131
132
133
134
135
136
137
139
141
142
144
145
146
147
149
150
151
152
153
154
155
156
157
159
160
162
163
164
165
166
167
168
170
171
172
173
175
176
177
178
180
182
183
184
185
186
187
188
189
190
192
194
195
196
198
200
201
202
203
204
205
206
207
209
211
212
213
214
215
216
217
218
219
220
222
224
226
227
228
229
231
234
235
236
237
238
239
241
242
244
246
247
248
250
252
254
255
257
258
260
262
263
264
266
268
270
271
272
273
274
275
277
279
280
281
282
284
285
287
289
290
291
293
295
297
298
300
301
303
305
306
307
309
311
313
314
315
318
319
320
321
322
324
325
326
327
328
329
330
331
333
335
336
337
338
339
340
341
342
343
344
345
346
347
348
349
350
351
352
353
355
357
358
360
361
362
363
365
368
369
371
373
376
377
379
381
384
385
386
387
388
389
390
392
394
395
396
397
398
400
402
403
404
405
406
407
410
411
412
413
414
415
416
417
418
420
422
423
424
425
427
429
430
431
433
435
436
437
438
439
440
441
443
445
448
449
450
451
452
453
455
457
458
459
461
463
464
466
467
468
469
471
473
474
475
477
478
479
480
482
484
487
488
489
490
491
492
493
494
495
496
497
498
499
500
501
502
503
504
505
506
507
508
510
512
513
514
515
516
517
518
519
520
522
524
525
526
527
528
529
530
532
534
535
536
537
538
540
542
544
546
547
548
550
551
552
553
554
555
556
558
560
561
562
563
564
565
566
567
568
569
571
573
574
575
576
578
580
582
583
584
585
587
589
590
591
593
594
595
596
597
598
600
602
603
604
605
607
609
610
611
612
613
614
615
616
617
618
619
621
623
624
625
626
627
628
629
630
631
633
635
636
637
638
639
640
641
642
643
644
645
647
649
650
651
652
654
656
658
659
660
661
663
665
666
667
669
670
671
672
673
674
675
677
679
680
681
682
683
684
686
688
690
691
692
693
695
697
698
699
701
702
703
704
705
706
707
709
711
712
713
714
716
718
719
720
721
722
724
726
727
728
729
730
731
732
734
736
737
739
741
742
743
745
746
747
748
749
750
751
753
755
756
757
758
759
761
763
765
767
768
769
770
771
773
775
776
777
778
779
780
781
782
785
786
787
788
789
790
791
792
793
794
795
797
799
800
801
802
803
804
805
807
809
810
811
812
813
814
815
816
817
819
821
822
823
824
825
826
827
829
831
832
833