1
2
3
4
6
7
8
9
10
11
12
13
14
15
16
17
18
19
20
21
23
24
25
26
27
29
30
31
32
33
34
35
36
38
39
40
41
42
43
44
46
47
48
49
50
51
52
53
54
55
56
57
59
61
62
64
66
69
70
72
74
78
80
81
83
84
85
86
87
88
89
90
91
92
93
94
95
96
97
98
99
100
101
102
103
104
105
106
107
108
109
111
112
114
115
116
118
120
122
124
126
129
130
131
132
133
135
137
138
139
141
142
144
147
148
150
151
153
155
156
158
160
162
163
164
167
169
171
172
174
175
177
178
179
183
184
186
187
188
190
191
192
193
194
195
196
199
202
204
205
207
210
212
213
215
219
220
222
223
224
226
228