1
3
4
5
7
8
9
10
12
13
14
15
16
17
18
21
22
23
24
25
26
27
28
31
32
33
34
35
38
39
40
43
44
45
46
47
48
49
50
51
54
56
58
60
61
63
64
65
66
69
70
71
72
73
74
75
76
77
78
79
80
82
83
84
85
86
87
88
89
90
91
92
93
95
97
98
99
100
101
102
103
104
105
107
109
110
111
112
113
114
116
117
118
120
121
122
123
125
126
127
128
130
132
133
134
135
136
137
138
139
140
142
144
145
146
148
150
151
152
153
154
155
156
157
159
161
162
163
165
167
168
169
170
171
172
173
174
176
178
180
181
182
183
185
188
189
190
191
192
193
195
196
198
200
201
202
204
206
208
209
211
212
214
216
217
218
220
222
224
225
226
227
228
229
231
233
234
235
236
238
239
241
243
244
245
247
249
251
252
254
255
257
259
260
261
263
265
267
268
269
272
273
274
275
276
278
279
280
281
282
283
284
285
287
289
290
291
292
293
294
295
296
297
298
299
300
301
302
303
304
305
306
307
308
309
310
311
312
313
314
315
316
317
318
319
320
321
322
324
326
327
329
330
331
332
334
337
338
340
342
345
346
348
350
353
354
355
356
357
358
359
360
361
362
363
364
365
366
367
368
369
370
371
372
373
375
377
378
379
380
382
384
385
386
387
388
389
390
391
392
393
394
396
398
399
400
402
403
404
405
406
407
408
409
410
411
412
414
416
417
418
419
421
423
424
425
426
427
428
429
430
431
432
433
435
437
439
440
442
444
446
447
448
450
451
452
453
454
455
456
457
458
459
460
462
464
465
466
467
469
471
472
473
474
475
476
477
478
479
480
481
482
483
484
485
487
488
490
491
492
494
495
496
497
499
501
502
503
504
506
507
509
510
512
513
514
515
516
517
518
520
521
522
523
525
527
528
529
531
532
533
534
535
536
537
538
539
540
541
542
543
544
545
546
547
548
549
551
553
554
555
556
557
559
560
562
563
564
565
566
568
569
571
572
573
574
575
576
577
578
579
580
581
582
583
584
585
586
587
589
590
592
593
594
595
597
598
600
601
602
603
604
605
606
607
608
610
611
613
614
615
618
619
620
621
622
623
624
625
626
627
628
630
632
633
634
635
636
637
638
640
642
643
644
645
646
647
648
649
650
652
654
655
656
657
658
659
660
662
664
665
666