1
3
4
5
7
8
9
10
12
13
14
15
16
17
18
19
22
23
24
25
26
27
28
29
30
31
32
33
36
37
38
39
40
41
42
43
44
45
46
47
48
49
50
53
54
55
56
57
58
59
60
61
62
63
64
65
66
67
68
69
72
73
74
75
78
79
80
81
84
85
86
87
88
89
90
91
92
93
94
95
96
97
98
99
100
101
102
103
104
105
106
109
110
111
114
116
118
120
122
123
124
125
126
127
128
130
131
132
133
134
135
136
137
138
141
142
143
144
145
147
149
152
153
154
155
156
158
160
163
164
165
166
167
168
169
170
171
172
173
175
177
178
179
180
181
183
185
186
187
190
191
192
193
194
195
196
197
199
201
202
203
204
205
206
208
210
211
212
213
214
216
218
219
220
223
224
225
226
227
228
229
231
232
233
234
236
238
239
240
242
244
246
247
250
251
252
253
254
255
256
257
258
259
260
261
262
263
265
267
268
269
270
271
272
273
274
276
278
279
280
281
282
283
284
285
286
287
289
291
292
293
294
295
297
299
300
301
302
303
304
305
306
308
310
311
312
313
314
315
316
317
318
319
321
323
324
325
326
327
329
331
332
334
335
336
338
340
341
342
344
346
347
348
349
350
352
354
355
357
359
361
363
364
365
367
368
369
370
371
373
374
375
377
378
379
382
383
384
385
386
387
388
389
390
391
392
393
395
397
398
399
400
401
402
403
404
405
406
407
408
409
410
411
413
415
417
418
419
420
421
423
425
426
428
430
431
432
434
435
437
439
440
441
442
443
444
445
447
449
450
451
452
453
454
455
456
457
458
459
460
462
464
465
467
469
470
472
474
475
476
477
478
479
481
483
484
485
486
487
488
489
491
493
494
496
498
499
501
503
504
505
506
507
508
509
510
511
512
514
516
517
519
521
522
523
524
525
526
527
528
530
532
533
535
537
538
539
540
541
542
543
544
545
546
547
548
550
552
553
555
557
558
559
560
561
562
563
564
565
566
567
569
571
572
573
574
575
576
577
578
579
581
583
584
586
588
589
591
593
594
595
596
597
598
599
600
601
602
603
604
605
606
607
609
611
612
613
614
615
617
619
620
621
623
625
626
627
628
629
630
631
632
634
636
637
639
641
642
643
644
646
648
649
650
651
652
653
654
656
659
660
661
662
663
664
665
666
667
669
671
672
673
674
675
676
677
678
679
680
681
682
683
684
685
687
689
690
691
692
693
694
695
696
697
698
699
701
703
704
705
706
708
710
711
713
715
716
717
718
719
720
721
722
723
725
727
728
729
730
731
732
733
734
735
736
737
739
741
742
743
744
746
748
749
751
753
754
755
756
757
758
759
760
761
763
765
766
767
768
769
770
771
772
773
774
775
777
779
780
781
782
783
784
785
786
787
788
789
791
793
794
795
796
798
800
801
802
803
804
805
806
807
808
809
811
813
814
816
818
819
820
821
822
823
824
825
827
829
830
831
832
833
834
835
837
839
840
841
842
843
844
845
847
849
850
851
852
853
854
855
857
859
860
862
864
865
866
867
868
869
870
872
874
875
876
877
878
879
880
882
884
885
886
887
888
889
890
892
894
895
896
897
898
899
900
902
904
905
906
907
908
909
911
913
914
915
916
917
919
921
922
924
926
927
928
929
930
931
933
935
936
937
938
939
941
943
944
946
948
949
950
952
955
956
957
958
959
960
961
962
964
966
967
968
969
970
971
972
973
974
975
977
979
980
981
982
983
984
985
987
989
990
991
992
994
996
997
998
999
1000
1002
1004
1005
1006
1007
1008
1009
1010
1011
1012
1013
1014
1015
1017
1019
1020
1021
1022
1024
1026
1027
1028
1029
1030
1032
1034
1035
1037
1039
1040
1041
1042
1043
1044
1045
1047
1049
1050
1051
1052
1053
1054
1056
1058
1059
1060
1061
1062
1064
1066
1067
1068
1069
1070
1071
1073
1075
1076
1077
1078
1079
1081
1083
1084
1086
1088
1089
1090
1091
1092
1093
1094
1096
1098
1099
1101
1103
1104
1105
1107
1110
1111
1112
1113
1114
1115
1116
1117
1118
1119
1120
1121
1122
1123
1125
1127
1128
1129
1130
1131
1132
1133
1134
1135
1136
1138
1140
1141
1142
1143
1144
1145
1146
1148
1150
1151
1152
1153
1154
1155
1156
1158
1160
1161
1162
1163
1164
1165
1166
1168
1170
1171
1173
1175
1176
1177
1178
1179
1180
1181
1183
1185
1186
1188
1190
1191
1192
1193
1194
1195
1196
1198
1200
1201
1203
1205
1206
1207
1208
1209
1210
1211
1213
1215
1216
1217
1218
1219
1220
1221
1223
1225
1226
1227
1228
1229
1230
1231
1233
1235
1236
1237
1238
1239
1240
1241
1243
1245
1246
1248
1250
1251
1252
1253
1255
1257
1259
1260
1261
1262
1263
1264
1265
1266
1267
1269
1271
1272
1273
1274
1275
1276
1277
1278
1279
1280
1282
1284
1285
1287
1289
1290
1291
1292
1294
1296
1298
1299
1302
1303
1304
1305
1306
1307
1308
1309
1311
1313
1314
1315
1316
1317
1318
1319
1320
1321
1322
1323
1324
1325
1326
1327
1328
1329
1330
1331
1332
1333
1335
1338
1339
1340
1341
1342
1343
1344
1345
1347
1349
1350
1351
1352
1353
1354
1355
1356
1357
1358
1359
1360
1361
1362
1363
1364
1365
1366
1367
1368
1369
1370
1371
1372
1373
1374
1375
1376
1377
1378
1379
1380
1381
1382
1383
1384
1385
1386
1387
1388
1389
1390
1391
1392
1393
1394
1395
1396
1397
1398
1399
1400
1401
1402
1403
1404
1405
1406
1407
1408
1409
1410
1411
1412
1413
1414
1415
1416
1417
1418
1419
1420
1421
1422
1423
1424
1425
1426
1427
1428
1429
1430
1431
1432
1433
1434
1435
1436
1437
1438
1439
1440
1441
1442
1443
1444
1445
1446
1447
1448
1449
1450
1451
1452
1453
1454
1455
1456
1457
1458
1459
1460
1461
1462
1463
1464
1466
1469
1470
1471
1472
1473
1474
1475
1476
1477
1478
1480
1482
1483
1484
1485
1486
1488
1490
1491
1493
1495
1496
1497
1498
1499
1500
1502
1503
1504
1505
1506
1508
1510
1511
1513
1515
1516
1517
1519
1520
1521
1522
1523
1524
1526
1527
1528
1529
1530
1532
1534
1535
1537
1539
1540
1541
1543
1544
1545
1547
1550
1551
1552
1553
1554
1555
1556
1557
1558
1560
1562
1563
1564
1565
1566
1568
1569
1571
1573
1575
1576
1577
1578
1580
1581
1582
1584
1586
1587
1588
1589
1590
1592
1594
1596
1597
1599
1600
1601
1603
1605
1606
1607
1608
1609
1611
1613
1615
1616
1617
1618
1619
1622
1623
1624
1625
1626
1627
1628
1630
1632
1633
1634
1636
1637
1638
1639
1640
1641
1643
1645
1646
1647
1648
1649
1651
1653
1655
1656
1657
1659
1660
1662
1664
1666
1667
1668
1669
1671
1672
1673
1675
1677
1678
1679
1680
1681
1683
1685
1687
1688
1690
1691
1692
1694
1696
1697
1698
1699
1700
1702
1704
1706
1707
1708
1709
1710
1713
1714
1715
1716
1717
1718
1719
1720
1721
1722
1723
1724
1725
1726
1727
1728
1729
1730
1731
1732
1733
1734
1735
1736
1737
1738
1740
1741
1743
1745
1746
1747
1749
1751
1752
1753
1755
1756
1757
1758
1759
1760
1761
1762
1763
1765
1767
1768
1769
1770
1772
1774
1775
1776
1777
1778
1779
1781
1783
1786
1788
1790
1791
1792
1793
1795
1796
1798
1800
1801
1802
1804
1806
1807
1808
1810
1811
1812
1813
1814
1815
1816
1817
1818
1820
1822
1823
1824
1825
1827
1829
1830
1831
1832
1833
1834
1836
1838
1841
1843
1845
1846
1847
1848
1849
1852
1853
1854
1855
1856
1857
1858
1859
1860
1861
1862
1863
1864
1865
1866
1867
1868
1869
1870
1871
1872
1873
1874
1875
1876
1877
1878
1879
1880
1881
1882
1883
1884
1886
1888
1889
1890
1891
1892
1893
1894
1895
1896
1897
1898
1899
1900
1902
1903
1904
1905
1906
1908
1909
1910
1911
1913
1915
1916
1917
1918
1920
1922
1923
1924
1925
1926
1927
1928
1930
1932
1934
1935
1936
1937
1938
1939
1940
1941
1943
1944
1945
1946
1948
1950
1951
1952
1953
1954
1955
1956
1957
1958
1960
1962
1963
1964
1965
1966
1967
1968
1969
1970
1971
1973
1975
1976
1977
1978
1979
1980
1981
1982
1983
1984
1986
1988
1989
1990
1991
1992
1993
1994
1995
1996
1997
1999
2001
2002
2003
2004
2005
2006
2007
2008
2009
2010
2011
2012
2013
2014
2016
2018
2019
2020
2022
2024
2025
2026
2027
2028
2029
2030
2031
2032
2033
2034
2036
2038
2039
2041
2043
2044
2045
2046
2047
2048
2049
2050
2051
2052
2053
2054
2056
2058
2059
2060
2062
2064
2065
2066
2067
2068
2069
2070
2071
2072
2073
2074
2076
2078
2079
2081
2083
2084
2085
2086
2087
2088
2089
2090
2091
2092
2093
2095
2097
2098
2099
2100
2101
2102
2103
2104
2105
2106
2107
2108
2109
2111
2113
2114
2115
2116
2118
2120
2121
2122
2124
2126
2127
2128
2129
2130
2131
2132
2133
2135
2137
2138
2140
2141
2142
2143
2144
2146
2147
2148
2149
2150
2151
2152
2154
2156
2157
2158
2159
2160
2161
2162
2164
2166
2168
2169
2170
2171
2172
2173
2175
2176
2177