1
2
3
4
5
6
7
8
9
10
11
12
13
14
15
16
18
19
20
21
22
23
24
25
26
27
28
29
30
31
32
33
35
36
37
38
39
40
41
42
43
44
45
46
47
48
51
52
53
54
55
56
57
58
59
60
61
62
63
64
65
66
67
68
69
70
71
72
73
74
75
76
77
78
79
80
81
82
83
84
85
86
87
88
89
90
91
92
93
94
95
96
97
98
99
100
101
102
103
104
105
106
107
108
109
110
111
112
113
114
115
116
117
118
119
120
121
122
123
124
125
126
127
128
129
130
131
132
133
134
135
136
137
138
139
140
141
142
143
144
145
146
147
148
149
150
152
153
154
155
156
159
160
161
162
163
165
166
167
168
169
170
172
173
174
175
176
177
179
180
181
182
183
184
186
187
188
189
190
192
193
194
195
196
197
199
200
201
202
203
204
206
207
208
209
210
211
212
213
215
216
217
218
220
221
222
223
224
225
226
227
229
230
231
232
234
235
236
237
239
240
241
242
244
245
246
247
249
250
251
252
254
255
256
257
261
262
263
264
266
267
268
269
271
272
273
274
276
277
278
279
281
282
283
284
286
287
288
289
290
293
294
295
296
297
298
299
300
301
304
305
306
307
308
309
310
311
314
315
316
317
318
319
320
321
324
325
326
327
328
329
330
333
334
335
336
337
338
339
340
341
344
345
346
347
348
349
350
351
352
355
356
357
358
359
360
361
362
363
366
367
368
369
370
371
372
373
376
377
378
379
380
381
382
383
386
387
388
389
390
391
392
393
394
395
398
399
400
401
402
403
404
405
408
409
410
411
412
413
414
417
418
419
420
421
422
423
424
427
428
429
430
431
432
433
436
437
438
439
440
441
442
443
444
445
446
447
448
451
452
453
454
455
456
460
461
462
463
464
465
466
467
470
471
472
473
474
475
476
477
480
481
482
483
484
486
489
490
491
492
494
500
501
502
503
504
505
506
507
508
509
510
513
516
517
518
519
520
521
522
523
524
525
528
531
532
533
534
535
536
537
540
541
542
543
544
545
546
549
550
551
552
553
554
555
558
559
560
561
562
563
564
565
567
568
569
571
572
573
575
577
580
581
583
584
587
588
589
593
596
597
598
599
600
601
602
603
604
606
607
608
610
611
612
615
616
617
618
619
620
621
624
625
628
629
632
633
635
636
637
638
639
640
641
644
647
648
649
650
651
652
653
654
655
656
657
658
659
660
662
663
664
665
666
669
670
671
672
673
674
675
676
677
678
679
681
682
684
685
689
690
691
693
695
696
697
699
700
701
702
704
705
706
709
710
711
713
714
715
716
717
718
719
720
721
722
723
724
725
729
730
731
732
733
734
735
736
737
738
740
741
742
743
744
746
747
751
752
757
760
761
762
763
764
765
767
768
769
770
772
773
775
776
777
778
779
780
782
783
787
788
789
790
791
792
793
794
796
797
798
799
800
801
802
804
806
807
810
811
812
813
815
816
822
823
824
825
826
827
829
830
831
833
834
836
837
839
843
844
845
846
847
848
849
850
851
852
853
854
855
856
857
858
859
860
861
862
863
864
865
866
867
868
869
871
874
875
876
877
878
879
880
881
882
883
884
885
886
887
888
889
890
891
893
894
897
898
899
900
901
902
905
906
907
908
909
910
914
915
916
917
918
920
921