1
2
3
4
5
6
7
8
9
10
11
12
13
14
15
16
17
18
19
21
22
23
24
26
29
31
32
33
34
35
36
37
39
40
41
43
44
45
46
47
48
49
50
51
52
56
58
62
64
65
66
69
71
73
75
77
81
84
85
86
87
89
90
92
93
94
95
97
99
101
103
105
106
107
110
112
114
117
120
123
124
125
126
127
129
131
133
135
136
137
138
139
141
143
145
146
147
148
150
151
154
156
158
161
164
165
166
167
168
169
171
172
173
174
175
176
177
178
179
180
181
186
188
192
194
198
200
204
206
210
212
213
214
215
216
217
218
219
224
226
227
228
229
230
234
236
240
242