1
3
4
5
7
8
9
10
12
13
14
15
16
17
18
19
22
23
24
25
28
29
30
31
32
33
34
35
36
37
38
39
40
41
42
43
44
45
46
47
48
49
50
51
52
53
54
55
56
57
58
59
60
61
62
63
64
65
68
69
70
71
72
73
76
77
78
79
80
83
84
85
86
89
90
91
92
93
94
95
96
97
98
99
100
101
102
103
104
105
106
107
108
109
110
111
112
113
114
115
116
117
118
119
120
121
122
123
124
125
126
127
128
129
130
131
132
133
134
135
136
137
138
141
142
143
144
145
146
147
148
149
150
151
152
153
154
155
156
157
158
159
160
161
162
163
164
165
166
167
168
169
170
171
172
173
174
175
176
177
178
179
180
181
182
183
184
185
186
187
188
189
190
191
192
193
194
195
196
197
198
199
200
201
202
203
204
205
206
207
208
209
210
211
212
213
214
215
216
217
218
219
220
221
222
223
224
225
226
227
228
231
233
235
237
238
239
241
242
243
244
245
248
249
250
251
252
253
254
255
256
257
258
259
261
262
263
264
265
266
267
268
270
272
273
274
275
276
277
278
279
280
281
282
283
284
285
286
287
288
289
290
291
292
293
294
295
296
297
298
299
300
301
302
303
304
305
306
307
308
309
310
312
314
315
317
318
319
320
322
323
324
326
327
328
329
331
332
333
334
336
338
339
340
341
342
343
344
345
346
348
350
351
352
354
356
357
358
359
360
361
362
363
365
367
368
369
371
373
374
375
376
377
378
379
380
382
384
386
387
388
389
391
394
395
396
397
398
399
400
401
402
403
404
405
406
407
408
409
410
411
412
413
415
417
418
419
420
421
422
424
426
427
429
430
432
434
435
436
438
440
442
443
444
445
446
448
450
451
453
454
456
458
459
460
462
464
466
467
468
469
470
471
473
475
476
477
478
479
480
482
484
485
487
488
490
492
493
494
496
498
500
501
502
503
504
506
508
509
511
513
514
515
516
517
518
519
520
521
522
523
524
525
527
528
530
532
533
534
536
538
540
541
543
544
546
548
549
550
552
554
556
557
558
559
561
562
564
566
567
568
570
572
574
575
577
578
580
582
583
584
586
588
590
591
592
593
594
597
598
599
600
601
603
604
605
606
607
608
609
610
612
614
615
616
617
618
619
620
621
622
623
624
625
626
627
628
629
630
631
632
634
636
637
639
640
641
642
644
647
648
650
652
655
656
658
660
663
664
666
668
671
672
673
674
675
676
677
679
681
682
683
684
685
687
689
690
691
693
695
696
697
698
699
700
701
702
703
704
705
706
707
709
712
713
714
715
716
717
718
719
720
721
722
723
725
727
728
729
730
731
732
733
734
735
737
739
740
741
742
743
744
745
747
749
750
751
752
753
754
755
756
757
758
760
761
763
764
765
766
768
769
771
772
773
774
775
776
777
778
780
782
783
784
785
786
787
788
790
792
793
794
795
796
797
798
800
802
803
804
805
806
807
808
810
812
813
814
815
816
817
818
820
822
823
824
825
826
827
828
829
830
831
832
834
835
837
838
839
840
842
843
845
846
847
848
849
850
851
852
853
854
855
856
858
859
861
862
863
864
866
867
869
870
871
873
874
875
876
877
878
880
882
883
884
885
886
887
888
889
890
891
892
894
895
897
898
899
900
901
902
903
904
905
906
908
909
911
912
913
915
916
917
918
919
920
922
924
925
926
927
928
929
930
931
932
933
935
936
938
939
940
941
943
944
946
947
948
949
950
951
953
954
956
957
958
959
961
962
964
965
966
967
969
972
973
974
975
976
977
978
979
981
983
984
985
986
987
988
989
990
991
992
994
995
997
998
999
1000
1001
1002
1003
1004
1005
1006
1007
1009
1010
1013
1014
1015
1016
1017
1018
1019
1020
1021
1022
1023
1025
1026
1028
1029
1030
1031
1033
1034
1036
1037
1038
1039
1040
1041
1043
1044
1046
1047
1048
1049
1051
1052
1054
1055
1056
1057
1058
1059
1060
1061
1062
1063
1064
1066
1067
1069
1070
1071
1073
1074
1076
1077
1079
1080
1082
1083
1084
1085
1088
1089
1090
1091
1092
1093
1094
1095
1096
1097
1098
1099
1100
1101
1103
1105
1106
1107
1108
1109
1110
1111
1113
1115
1116
1117
1118
1119
1120
1121
1122
1123
1124
1126
1128
1129
1130
1131
1132
1133
1134
1135
1136
1137
1138
1139
1141
1143
1144
1145
1146
1147
1149
1151
1152
1153
1154
1155
1156
1157
1158
1160
1162
1163
1164
1165
1166
1167
1168
1170
1172
1173
1174