1
3
4
5
6
7
8
9
10
11
12
13
14
15
16
17
18
20
21
22
23
24
25
27
28
29
30
31
32
34
35
36
38
40
42
43
44
45
47
48
50
52
53
56
57
59
61
63
64
65
67
68
69
70
71
73
74
76
78
79
80
81
82
83
84
85
86
87
88
89
90
94
95
98
100
103
104
106
107
109
110
112
113
115
118
119
121
122
124
127
129
132
134
137
138
140
141
142
144
145
146
147
148
151
152
153
155
156
157
159
160
162
165
166
168
169
170
171
173
174
175
176
178
180
181
182
183
186
187
190
191
193
194
196
198
199
200
201
202
203
204
205
206
207
208
210
211
212
214
216
217
219
221
222
223
225
226
227
229
233
234
235
236
238
239
243
244
246
247
249
251
252
254
255
256
258
259
260
261
262