1
2
3
4
6
8
9
10
12
14
15
16
17
18
19
21
23
24
26
28
29
30
31
32
34
35
36
38
39
40
42
43
44
46
47
48
50
51
52
54
55
56
58
59
60
62
63
64
67
69
71
73
74
75
77
79
80
81
82
83
85
87
89
90
91
92
95
97
98
99
100
102
104
105
107
108
110
111
112
113
114
116
118
120
121
122
123
124
125
127
129
130
131
132
133
134
136
138
140
141
142
143
144
145
147
149
150
151
152
153
154
155
156
158
160
162
163
164
165
166
167
169
171
172
173
174
176
178
180
181
182
183
184
185
187
189
190
191
192
194
196
198
199
200
201
202
203
205
207
208
209
210
211
212
214
216
218
220
221
224
226
227
228
230
232
233
235
237
238
239
241
243
244
246
247
249
251
252
253
254
255
256
257
259
260
261
263
264
266
268
269
270
271
272
273
274
275
276
277
279
280
281
283
284
285
286
287
288
289
291
292
293
295
296
297
298
299
300
301
302
303
304
305
306
307
308
309
310
311
312
313
314
315
316
317
318
319
320
321
322
323
324
325
326
327
328
329
330
331
332
333
334
335
336
337
338
339
340
341
342
343
344
345
346
347
348
349
350
351
352
353
354
355
356
357
358
359
360
361
362
363
364
365
366
367
368
369
370
371
372
373
374
375
376
377
378
379
380
381
382
383
384
385
386
387
388
389
390
391
392
393
394
395
396
397
398
399
400
401
402
403
404
405
406
407
408
409
410
411
412
413
415
417
419
420
422
424
425
426
427
428
429
430
431
432
433
434
435
436
437
438
439
440
441
442
443
444
445
446
447
448
449
450
451
452
453
454
455
456
457
458
459
460
461
462
463
464
465
466
467
468
469
470
471
472
473
474
475
476
477
478
479
480
481
482
483
484
486
488
490
491
492
494
496
497
498
499
500
501
502
503
504
505
506
507
508
509
510
511
512
514
516
518
519
520
522
523
524
525
526
529
531
533
535
536
537
538
539
540
541
543
544
545
547
548
550
552
553
555
556
557
559
561
562
564
565
566
567
568
569
570
571
573
575
577
578
580
582
583
584
585
586
587
589
591
593
594
595
597
599
600
601
602
603
604
605
606
607
609
611
613
614
615
617
618
619
620
621
624
626
628
629
632
634
636
638
639
640
641
642
644
646
648
649
650
651
654
656
657
658
659
660
661
662
664
665
666
668
669
671
673
674
675
676
677
678
679
681
683
685
686
688
690
691
692
693
694
696
698
700
701
702
704
706
707
708
709
710
711
712
713
715
717
719
720
721
723
724
725
726
727
730
732
734
736
737
738
739
740
741
742
744
745
746
748
749
751
753
754
756
757
758
760
762
763
765
766
767
768
769
770
771
772
774
776
778
779
781
783
784
785
786
787
788
790
792
794
795
796
798
800
801
802
803
804
805
806
807
808
810
812
814
815
816
818
819
820
821
822
825
827
829
830
833
835
837
839
840
841
842
843
845
847
849
850
851
852
853
854
857
859
860
861
862
863
864
865
867
868
869
871
872
874
876
877
879
880
881
883
885
886
887
889
890
891
892
893
894
895
896
897
898
899
900
901
902
903
905
907
909
910
912
914
915
916
917
918
919
920
922
924
926
927
928
930
932
933
934
935
936
937
938
939
940
942
944
946
947
948
950
951
952
953
954
957
959
961
962
964
965
967
968
969
971
973
974
976
978
979
980
983
985
987
989
990
991
992
993
995
997
999
1000
1001
1002
1005
1007
1008
1009
1010
1012
1014
1015
1016
1017
1019
1021
1023
1024
1025
1026
1027
1028
1030
1032
1033
1034
1035
1036
1037
1039
1041
1043
1044
1045
1046
1047
1048
1049
1051
1052
1053
1055
1056
1058
1060
1061
1063
1064
1065
1067
1069
1070
1072
1073
1074
1075
1076
1077
1078
1079
1081
1083
1085
1086
1088
1090
1091
1092
1093
1094
1095
1097
1099
1101
1102
1103
1105
1107
1108
1109
1110
1111
1112
1113
1114
1115
1117
1119
1121
1122
1123
1125
1126
1127
1128
1129
1132
1134
1136
1138
1139
1140
1141
1142
1143
1144
1146
1147
1148
1150
1151
1153
1155
1156
1158
1159
1160
1162
1164
1165
1167
1168
1169
1170
1171
1172
1173
1174
1175
1176
1177
1178
1179
1180
1181
1182
1183
1184
1185
1186
1187
1188
1189
1190
1191
1192
1193
1195
1197
1199
1200
1202
1204
1205
1206
1207
1208
1209
1210
1211
1212
1213
1214
1215
1216
1217
1218
1219
1220
1221
1222
1223
1224
1225
1226
1227
1228
1229
1230
1231
1232
1233
1234
1235
1236
1237
1239
1241
1243
1244
1245
1247
1249
1250
1251
1252
1253
1254
1255
1256
1257
1258
1259
1260
1261
1263
1265
1267
1268
1269
1271
1272
1273
1274
1275
1278
1280
1282
1283
1286
1288
1290
1292
1293
1294
1295
1296
1298
1300
1302
1303
1304
1305
1306
1307
1308
1309
1312
1314
1315
1316
1317
1318
1319
1320
1322
1323
1324
1326
1327
1329
1331
1332
1334
1335
1336
1338
1340
1341
1342
1344
1345
1346
1348
1349
1351
1352
1353
1354
1355
1356
1357
1358
1359
1360
1361
1362
1363
1364
1365
1366
1367
1368
1369
1370
1371
1372
1373
1374
1376
1378
1380
1381
1383
1385
1386
1387
1388
1389
1390
1391
1393
1395
1397
1398
1399
1401
1403
1404
1405
1406
1407
1408
1409
1410
1411
1413
1415
1417
1418
1419
1421
1422
1423
1424
1425
1428
1429
1430
1432
1433
1434
1435
1436
1446
1447
1448
1450
1451
1453
1454
1456
1457
1458
1459
1460
1462
1463
1464
1466
1468
1469
1471
1473
1474
1475
1476
1478
1480
1481
1482
1483
1485
1487
1488
1490
1492
1493
1494
1495
1498
1500
1501
1502
1503
1504
1505
1506
1507
1508
1511
1512
1513
1514
1515
1516
1518
1520
1521
1522
1523
1525
1526
1528
1530
1532
1534
1535
1536
1539
1541
1542
1543
1544
1545
1547
1549
1550
1551
1552
1553
1554
1555
1556
1557
1558
1559
1560
1561
1562
1563
1564
1565
1566
1567
1568
1569
1570
1571
1572
1573
1574
1575
1576
1577
1578
1579
1580
1581
1582
1583
1584
1586
1588
1589
1590
1592
1593
1594
1595
1597
1599
1600
1601
1604
1605
1606
1607
1608
1609
1610
1611
1612
1613
1614
1616
1617
1619
1620
1621
1623