1
3
4
5
6
7
8
9
10
11
12
13
14
15
16
17
18
20
21
22
23
24
25
26
28
29
31
32
34
35
36
38
39
41
42
44
45
47
48
50
51
53
54
56
57
59
60
62
63
65
66
68
69
71
72
74
75
77
78
80
81
83
84
86
87
89
90
91
92
93
94
95
96
97
98
99
100
101
102
103
104
105
106
107
108
109
110
111
112
115
116
117
118
119
120
121
122
123
124
125
126
127
128
131
132
133
134
135
136
139
140
141
142
143
144
145
148
149
150
151
152
153
154
155
156
159
160
161
162
163
166
167
168
169
170
171
172
173
174
175
176
177
178
179
180
181
182
186
187
188
189
190
191
192
193
194
195
196
197