1
3
4
5
6
7
8
9
10
11
12
13
14
15
16
17
18
20
21
22
23
25
26
27
28
29
31
32
33
34
35
36
37
38
39
41
43
45
47
49
50
53
54
55
58
59
63
64
65
66
68
69
70
71
72
73
76
77
78
79
80
81
82
83
84
86
87
88
89
90
91
92
93
94
95
98
99
101
102
103
104
105
106
107
108
109
110
111
112
113
116
118
119
120
123
124
125
126
127
128
129
130
131
133
135
136
137
138
139
140
141
142
143
145
146
147
148
149
150
151
152
153
154
155
156
157
159
160
161
162
163
164
165
166
169
171
172
173
175
176
177
179
180
181
182
183
184
185
186
187
188
189
190
191
192
193
194
195
196
197
198
200
201
202
203
204
205
206
207
211
212
213
214
215
216
218
219
220
222
223
226
228
229
230
231
232
233
234
235
238
239
241
243
244
245
246
247
248
249
252
253
255
256
257
258
259
260
261
262
263
264
265
266
267
268
269
270
271
274
275
278
279
280
281
282
283
284
285
286
287
290
291
292
293
294
295
296
297
298
301
303
304
305
306
307
308
309
311
312
313
314
316
318
321
323
324
325
326
327
330
331
348
351
352
353
354
355
356
357
358
359
362
364
365
366
367
368
369