1
3
4
5
6
7
8
9
10
11
12
13
14
15
16
17
18
20
22
23
24
26
27
29
30
31
33
35
36
39
40
41
44
45
46
47
48
49
50
52
53
54
55
56
57
58
59
60
64
65
66
67
68
69
71
72
73
74
76
77
79
80
81
82
84
85
88
89
90
91
94
95
97
98
99
102
103
104
106
107
109
110
112
114
115
116
118
119
120
121
122
123
126
127
131
134
135
136
137
140
141
142
143
144
145
146
147
150
152
154
157
159
160
161
162
163
164
166
167
168
169
170
174
175
176
177
178
179
180
181
183
184
187
189
192
193
194
195
198
199
200
201
202
203
206
207
208
209
211
212
214
216
218
219
223
224
225
226
227
228
230
231
232
233
234
235
237
238
239
240
241
243
244
245
246
247
248
253
254
257
258
261
262
263
264
265
266
268
269