1
3
4
5
6
7
8
9
10
11
12
13
14
15
16
17
18
20
22
23
24
25
27
28
29
30
31
32
33
34
35
36
37
38
39
40
41
42
43
44
45
46
47
48
49
50
51
52
53
55
57
58
59
60
61
63
65
66
67
68
69
70
71
72
73
75
76
77
78
80
81
82
83
84
87
88
89
90
93
94
95
96
99
100
101
102
103
106
107
108
111
112
113
116
117
118
119
120
121
123
124
125
126
127
131
132
133
134
135
137
139
140
141
143
145
146
149
150
151
152
153
154
155
159
160
161
162
163
165
166
170
171
172
174
175
179
180
181
182
183
184
185
186
187
188
189
190
191
193
194
195
196
197
198
199
200
201
202
203
204
205
206
207
208
209
210
211
212
214
215
216
217
219
220
221
222
223
225
226
227
228
229