1
3
4
5
6
7
8
9
10
11
12
13
14
15
16
17
18
20
21
22
23
25
26
28
29
30
31
32
33
34
35
36
37
38
39
40
41
42
43
44
45
46
48
49
51
52
53
54
56
57
58
60
62
63
64
65
66
67
68
71
72
73
74
75
76
77
78
81
82
83
84
85
87
90
91
92
93
94
95
96
99
100
102
103
105
107
108
111
113
114
115
116
117
118
119
120
121
122
123
124
125
126
127
130
133
134
135
136
137
140
143
144
145
148
149
150
151
152
153
154
155
157
158
159
160
161
162
163
166
167
170
173
174
175
178
179
180
181
182
183
186
187
188
189
190
191
192
193
194
195
196
197
200
201
202
205
206
209
210
213
216
217
218
219
220
223
224
225
227
230
231
232
235
236
237
238
241
242
243
244
247
251
252
253
254
256
257
259
260
261