1
3
4
5
6
7
8
9
10
11
12
13
14
15
16
17
18
20
21
23
25
26
27
28
29
30
31
32
33
34
35
36
37
38
40
42
43
44
45
46
48
49
50
52
53
54
56
58
59
60
62
63
64
66
67
68
71
72
73
74
75
78
79
80
81
82
83
84
85
86
87
88
89
90
93
94
95
98
99
100
101
104
105
106
107
108
111
112
113
116
117
118
119
120
123
124
125
126
127
128
131
133
135
136
137
138
139
140
141
142
143
147
148
151
152
153
154
155
156
157
158
159
162
163
164
165
166
167
168
169
170
171
173
175
177
178
179
180
181
182
183
184
185
189
191
193
194
195
196
197
200
201
202
203
205
206
207
208
209
211
212
213
214
215
217
218
219
220
222
223
224
226
227
228
229
230
231
232
236
240
241
242
243
245
248
249
250
251
252
253
254
255
257
258
259
261
262
263
264
266
268
269
270
272
273
274
276
277
279
280
281
282
285
286
287
288
289
291
292
293
294
295
296
298
300
301
303
304
305
306
307
308
309
312
313
314
315
316
317
318
319
321
322
323
326
327
328
329
331
333
335
336
337
338
339
340
341
344
345
346
347
348
349
350
352
353
356
359
362
363
364
365
366
367
368
369
370
371
372
373
374
375
376
377
378
381
382
383
384
385