1
3
4
5
6
7
8
9
10
11
12
13
14
15
16
17
18
20
21
23
24
25
26
27
28
29
30
31
33
34
35
36
37
38
39
40
41
42
43
44
45
46
47
48
50
51
52
54
55
56
57
58
59
62
63
64
65
66
67
68
69
70
71
72
75
76
77
78
79
80
81
82
83
84
85
86
87
88
91
92
93
94
95
97
100
101
102
103
104
108
109
110
111
112
113
114
116
119
120
121
122
123
124
126
127
128
131
132
133
134
136
137
138
139
140
142
143
144
147
150
151
152
153
154
156
159
160
161
162
163
164
165
166
167
168
169
170
171
172
173
174
175
176
177
178
179
180
181
182
183
184
186
187
189
190
191
193
196
197
198
199
200
201
202
203
204
205
206
207
208
209
210
211
212
213
214
215
216
217
220
221
222
223
224
225
226
227
228
229
230
231
232
233
235
236
238
239
240
242
243
244
245
247
250
251
252
253
254
255
256
257
258
259
260
261
262
263
264
266
267
268
269
272
274
275
276
277
278
280
281
282
283
284
285
286
288
291
292
293
296
297
298
301
302
303
304
305
306
307
308
311
312
315
316
317
318
319
320
321
322
323
328
329
330
331
332
333
335
338
339
340
345
347
348
349
350
351
352
353
354
355
356
358
359
360
361
362
363
364
365
366
367
370
371
372
373
374
375
378
381
382
383
386
387
388
389
391
394
395
396
397
398
399
402
405
406
407
408
409
411
412
413
414
416
417
418
419
420
421
422
426
427
428
431
432
433
434
435
436
437
438
439
440
441
444
445
446
447
448
449
450
453
454
455
456
457