1
3
4
5
6
7
8
9
10
11
12
13
14
15
16
17
18
20
21
22
24
25
27
28
29
30
31
32
33
34
35
36
38
39
40
42
44
45
46
47
48
49
50
52
53
56
57
58
60
62
63
66
67
70
71
75
76
77
81
82
83
85
87
88
89
90
93
95
96
97
98
99
100
101
102
103
104
107
108
111
112
113
114
117
118
119
120
124
125
126
130
131
132
135
136
137
140
141
142
145
146
147
150
151
152
155
156
157
160
162
163
164
167
168
169
172
173
174
177
178
181
182
183
186
187
188
191
192
193
196
197
198
201
202
203
206
207
208
211
212
213
216
217
218
221
222
223
226
227
228