1
3
4
5
6
7
8
9
10
11
12
13
14
15
16
17
18
20
22
23
24
25
26
28
29
30
31
32
33
34
36
37
38
40
41
42
43
44
48
49
52
53
57
58
59
60
61
63
64
65
67
70
71
74
75
78
79
80
83
84
87
88
89
90
91
95
96
97
98
100
101
102
103
104
105
106
108
109
111
112
115
116
117
119
120
122
123
124
126
127
129
130
131
132
133
135
137
138
140
143
144
147
148
149
150
151
152
153
155
158
159
162
163
166
167
168
171
172
173
174
175
176
179
180
181
182
183
184
187
188
189
190
191
192
196
197
198
199
200
201
204
205
206
207
208
209
212
213
214
215
216
217
218