1
3
4
5
6
7
8
9
10
11
12
13
14
15
16
17
18
20
21
22
23
24
25
26
28
29
30
31
32
33
34
35
36
37
38
39
40
41
42
43
44
45
46
47
48
49
50
51
52
53
54
55
56
58
60
61
62
63
64
66
68
69
70
71
72
73
74
75
77
78
79
80
81
82
83
86
89
90
91
92
93
94
95
96
97
100
101
102
103
104
105
106
107
110
111
112
113
114
115
116
117
120
121
122
123
124
125
126
127
128
129
130
131
132
133
134
135
136
139
143
144
145
146
149
150
151
152
153
154
155
156
158
159
160
166
168
169
170
171
172
174
175
176
177
178
179
180
181
182
183
184
186
187
188
191
193
194
195
198
199
200
201
202
203
204
205
208
210
212
214
215
217
218
219
220
221
222
223
224
225
226
227
231
232
233
234
235
236
237
238
239
242
243
244
245
246
247
248
249
250
251
252
253
254
255
256
257
258
259
260
261
262
263
267
268
269
270
271
272
278
279
280
281
282
287
290
291
292
293
294
295
296
297
298
299
300
301
302
303
304
305
310
311
315
316
319
320
323
324
325
326
328
329