1
3
4
5
6
7
8
9
10
11
12
13
14
15
16
17
18
20
21
22
23
24
26
27
28
29
30
31
32
33
34
35
36
37
38
39
40
42
44
45
46
47
48
49
50
51
52
53
54
55
56
57
58
59
60
63
64
66
67
68
69
70
71
72
73
74
75
76
79
80
81
82
83
84
85
86
87
88
89
91
92
94
96
97
98
99
101
102
103
105
106
107
109
110
111
113
114
115
117
118
119
121
122
123
125
126
128
131
132
133
134
135
136
137
138
139
140
141
142
145
146
147
148
149
150
151
152
153
154
155
156
157
158
159
161
162
163
165
166
167
169
170
171
173
174
175
177
178
179
181
182
183
185
186
188
191
192
193
194
195
196
197
198
199
200
201
204
205
206
207
208
209
210
211
212
213
214
215
217
218
220
222
223
224
225
226
227
228
229
230
231
232
233
234
235
236
237
238
239
240
241
242
243
244
245
246
247
248
249
250
251
252
254
257
258
260
261
262
263
264
265
266
268
270
273
274
277
278