1
3
4
5
6
7
8
9
10
11
12
13
14
15
16
17
18
20
21
22
23
24
25
27
28
30
31
32
33
34
35
36
38
39
41
42
43
44
45
46
47
48
49
50
51
52
53
54
55
56
57
58
59
60
61
62
63
64
65
66
67
68
69
70
73
74
75
76
77
78
79
80
81
82
83
84
85
86
87
88
89
90
91
92
93
94
95
98
99
100
101
102
103
104
105
106
107
108
109
112
113
115
116
118
121
122
123
125
129
130
134
136
137
138
139
140
142
144
147
149
150
151
152
153
155
157
160
161
162
163
164
165
167
169
173
174
175
176
177
178
180
182
185
186
187
188
189
190
191
192
193
194
195
196
197
198
199
200
201
202
204
205
206
207
209
210
211
212
213
216
219
220
221
222
223
224
225
226
227
228
229
230
231
232
233
234
235
236
237
238
239
240
241
242
243
244
245
246
247
248
249
250
251
252
253
254
255
256
257
258
259
262
265
266
267
268
269
270
271
272
273
274
275
276
277
278
279
280
281
282
283
284
285
286
287
288
289
290
291
292
293
294
295
296
297
299
300
301
302
304
305
306
307
308
311