1
3
4
5
6
7
8
9
10
11
12
13
14
15
16
17
18
20
21
23
24
26
27
28
29
30
31
32
33
34
35
36
37
39
40
42
43
44
45
46
47
48
49
51
52
54
55
56
57
59
60
61
62
64
66
67
68
69
70
71
72
73
74
75
76
77
78
80
84
85
86
87
91
92
93
94
95
96
97
98
101
102
103
104
105
108
109
110
111
113
114
115
116
118
122
125
126
127
128
130
132
133
134
135
136
139
140
142
143
144
147
151
152
153
154
155
156
157
161
162
163
164
169
170
171
172
173
174
175
177
178
179
183
184
185
186
187
190
192
194
195
196
198
199
200
201
202
203
204
205
206
207
208
211
212
216
217
220
221
222
223
224
225
226
228
229
230
231
235
236
237
238
239
241
242
243
244
247
248
251
252
255
256
259
260
263
264
265
268
269