1
3
4
5
6
7
8
9
10
11
12
13
14
15
16
17
18
20
22
23
25
26
27
29
30
31
32
34
35
36
38
39
40
42
44
45
47
48
49
52
53
54
56
57
58
59
61
62
63
64
66
67
69
70
71
72
73
74
75
76
77
82
83
86
87
90
91
92
93
94
95
96
97
98
99
100
101
102
103
104
105
106
107
108
109
110
111
113
114
116
117
120
121
122
123
124
127
128
129
130
131
132
135
136
137
140
141
142
143
144
146
149
150
151
152
153
155
156
157
159
160
161
162
164
165
166
168
169
170
174
175
176
177
179
180
181
182
183
184
185
186
187
189
192
193
194
195
198
199
200
202
204
205
206
207
208
209
210
211
212
215
216
217
220
221
222
223
224
225
226
227
230
231
232
234
235
236
237
238
240
241
244
245
246
247
248
250
253
254
255
257
258
259
261
262
264
265
266
267
270
271
272
275
276
277
278