1
3
4
5
6
7
8
9
10
11
12
13
14
15
16
17
18
20
21
22
24
26
27
28
29
30
31
32
34
35
37
38
40
41
42
43
44
45
46
47
48
49
50
51
52
53
55
56
58
59
61
63
64
65
66
67
68
69
70
71
72
73
74
76
78
79
81
82
85
86
89
90
91
92
93
96
97
98
99
100
101
102
103
104
105
106
107
113
114
115
116
117
118
119
120
124
125
126
127
128
129
130
131
132
133
134
135
136
139
142
143
144
146
147
151
152
153
154
155
156
157
158
159
160
161
162
163
164
165
166
167
168
169
170
171
172
173
174
175
176
177
180
181
183
184
185
187
188
189
190
192
195
196
197
198
200
202
203
204
205
206
209
210
211
212
213
214
215
216
217
218
220
221
223
224
226
227
228
229
230
231
234
237
238
239
240
241
242
243
244
245
246
247
249
251
252
253
254
255
256
257
258
259
261