1
3
4
5
6
7
8
9
10
11
12
13
14
15
16
17
18
20
22
23
25
27
28
29
30
31
32
33
34
35
36
37
38
39
40
41
42
43
44
45
46
47
48
50
51
53
54
56
57
58
60
61
62
63
67
69
70
71
72
73
75
76
77
78
79
80
81
83
86
87
89
90
92
93
95
96
97
98
99
100
101
102
105
107
110
111
112
113
114
115
116
117
120
121
122
123
124
125
126
129
132
133
134
135
136
137
138
139
142
146
147
148
149
150
151
152
153
154
155
157
158
159
162
163
164
165
166
168
169
172
173
174
175
176
177
178
179
180
181
182
183
184
187
188
189
190
191
194
195
196
197
198
199
200
201
202
203
204
205
206
207
211
214
215
216
217
218
219
220
221
222
223
224
225
226
227
228
229
230
231
232
233
234
235
236
237
238
239
240
241
242
243
247
248
249
251
252
253
254
255
256
258
261
262
263