1
3
4
5
6
7
8
9
10
11
12
13
14
15
16
17
18
20
21
22
23
25
26
27
28
29
31
32
33
34
35
36
37
38
39
40
41
42
44
45
46
48
49
51
52
53
54
55
56
57
58
59
60
61
63
64
65
68
69
70
71
72
73
74
77
80
84
85
88
89
90
91
92
93
95
96
97
98
99
100
103
104
105
106
107
108
111
112
113
114
115
116
117
118
119
120
125
128
129
130
134
135
136
140
141
142
146
147
148
153
154
155
159
160
161
164
165
166
167
170
172
173
174
175
176
177
178
179
180
181
182
183
184
185
186
187
189
190
191
192
194
198
199
200
203
204
205
206
209
211
212
213
214
215
216
217
218
219
220
221
222
223
224
225
226
228
229
230
231
233
237
238
239
242
243
244
245
248
250
251
252
253
254
255
256
257
258
259
260
261
262
263
264
265
267
268
269
270
272
277
278
279
280
283
284
285
286
289
291
292
293
294
295
296
297
298
299
300
301
302
303
304
305
306
308
309
310
311
313
317
318
319
320
323
325
326
327
328
329
330
331
332
333
334
335
336
337
338
340
341
342
343
345
349
350
351
352
355
357
358
359
360
361
362
363
364
366
367
368
369
370
372
373
374
375
377
378
379
382
384
385
386
389
390
391
392
393
396
397
398
399
400
401
402
403
404
405
408
409
413
414
415
416
418
419
420
421
422
424
425
426
429
431
432
433
434
435
436
437
438
440
441
442
444
445
447
448
450
451
452
454
455
456
457
458
459
460
461
462
463
466
467
469
470
471
476
477
478
479
482
484
485
486
487
488
489
490
491
492
493
494
495
496
497
498
499
501
502
503
504
506