1
3
4
5
6
7
8
9
10
11
12
13
14
15
16
17
18
20
21
22
23
25
26
27
28
29
31
32
33
34
35
36
37
38
39
40
41
42
43
44
46
47
48
49
52
53
54
55
56
57
60
63
64
65
66
68
71
72
75
76
77
78
79
80
83
84
87
88
91
92
95
96
99
100
103
104
107
108
113
114
115
117
118
119
121
122
123
124
126
129
130
131
134
135
138
139
140
141
144
145
146
147
148
151
152
153
154
157
158
159
160
163
164
165
166
167
168
169
170
171
172
173
174
175
176
177
178
179
181
184
187
188
189
190
193
194
197
198
200
201
203
204
205
206
207
208
209
210
211
215
216
217
219
221
224
225
226
227
229
231
232
234
235
236
237
238
239
240
241
242
246
247
248
250
254
255
256
257
259
261
262
263
270
271
272
273
275
278
279
280
283
284
285
286
287
288
289
290
291
292
293
294
295
296
297
298
299
300
302
303
304
306
307
308
309
310
311
312
313
317
318
319
322
323
324
326