1
3
4
5
6
7
8
9
10
11
12
13
14
15
16
17
18
20
21
22
23
24
25
26
29
30
31
32
33
34
35
36
37
38
39
40
41
42
43
44
45
46
47
48
49
50
51
52
54
55
56
58
59
61
62
66
67
68
69
70
71
73
74
75
76
77
78
81
82
83
84
85
86
87
88
89
90
93
94
95
98
99
100
103
104
105
106
107
108
109
110
111
112
113
116
117
120
121
122
124
125
126
129
130
131
132
133
134
135
136
137
138
141
142
145
147
148
149
150
152
153
155
156
157
158
159
160
161
162
163
166
167
168
169
170
171
172
173
176
177
178
179
180
181
184
185
186
187
188
189
190
192
193
197
198
199
200
201
202
204
205
206
208
209
210
211
213
214
215
216
217
218
219
220
221
224
225
226
227
228
229
231
232
233
234
235
236
237
239
240