1
3
4
5
6
7
8
9
10
11
12
13
14
15
16
17
18
20
22
23
25
26
28
30
32
33
34
36
37
38
39
42
44
45
46
47
50
51
52
53
54
55
56
57
58
59
60
61
62
63
64
65
66
67
68
69
70
71
76
77
78
81
82
83
86
87
90
92
93
94
95
96
97
98
99
100
101
102
103
104
106
107
108
109
110
111
112
113
114
115
116
117
118
120
121
122
123
124
125
126
127
128
129
130
131
132
133
134
139
140
141
142
143
144
145
146
148
149
150
152
154
155
158
159
160
161
162
163
164
165
167
169
170
171
172
173
174
175
176
180
181
182
183
184
186
187
189
190
191
192
194