1
2
4
5
6
7
9
11
12
13
14
15
16
17
19
20
22
23
25
27
28
29
31
33
34
35
37
39
41
42
43
44
46
47
48
50
51
52
54
56
58
59
61
62
64
65
67
70
72
76
77
78
81
83
85
87
89
90
92
93
94
95
97
98
99
100
101
102
105
106
107
108
110
111
113
114
115
117
118
119
120
121
122
126
128
129
130
132
135
137
139
141
142
144
146
147
149
151
152
155
157
158
159
160
161
162
163
164
165
166
167
168
171
172
175
177
179
181
182
184
187
188
190
192
193
196
197
198
199
201
202
205
206
207
208
210
211
214
215
218
219
222
223
226
227
230
232
233
234
237
238
240
241
242
244
245
246
247
250
251
253
256
258
260
261
263
264
265
267
269
270
271
272
274
275
276
279
280
282
285
287
289
290
292
295
296
298
301
303
306
307
309
312
314
316
317
319
321
323
324
325
326
327
330
332
334
335
336
338
339
340
343
346
348
349
350
353
354
355
356
358
359
361
363
365
367
370
371
373
374
376
377
378
379
380
383
385
386
388
390
391
392
393
397
398