1
2
3
4
5
6
7
8
9
10
11
12
13
14
15
16
17
19
20
21
22
23
24
25
26
27
28
29
31
32
33
34
35
36
37
38
39
40
41
42
43
44
45
46
47
49
50
51
52
53
54
55
56
57
58
59
60
61
62
63
64
65
66
67
68
69
70
71
72
73
74
76
77
78
81
82
83
87
88
89
90
91
92
93
94
95
98
99
100
101
102
103
104
106
107
108
113
114
115
116
120
121
122
127
128
129
130
131
132
133
134
135
136
137
138
139
145
146
147
151
152
155
156
159
160
163
164
167
168
169
170
175
176
180
181
183
184
185
186
187
188
189
190
191
194
195
196
197
198
199
200
201
202
203
204
207
208
209
210
211
212
215
216
217
218
219
220
221
222
223
224
225
226
227
228
229
230
232
233
236
237
238
241
242
243
246
247
250
251
252
253
258
259
260
261
262
263
264
265
266
270
271
272
273
274
275
276
277
278
281
282
283
284
285
286
287
288
289
292
293
294
295
296
297
298
300
301
302
304
309
310
311
312
313
314
315
316
318
319
320
321
322
324
325
327
333
334
335
336
337
338
339
340
343
344
345
346
347
348
349
350
351
352
357
358
359
360
361
362
363
364
365
366
371
372
373
374
375
376
377
378
379
380
381
382
383
384
389
390
391
392
393
396
397
398
399
400
403
404
405
406
407
408
409
410
411
412
413
414
415
416
417
419
420
421
427
428
429
430
431
432
433
434
435
436
437
442
443
444
445
446
447
450
451
452
453
454
455
456
457
458
459
462
463
466
467
468
469
470
471
472
473
474
475
476
477
481
482
485
486
487
488
489
490
491
494
495
496
497
500
501
504
505
508
509
512
513
516
517
518
519
520
521
522
523
524
527
528
531
532
533
534
535
536
539
540
541
542
543
544
545
546
547
548
549
550
551
555
556
557
558
559
560
561
562
563
564
565
566
567
571
572
575
576
577
578
579
582
583
584
585
586
587
588
589
590
591
592
593
594
595
596
599
600
601
602
605
606
607
609
610
614
615
616
618
619
622
623
624
625
626
627
629
633
635
637
638
640
641
645
646
647
650
651
652
655
656
657
661
662
663
667
668
669
670
671
672
675
678
679
682
683
684
688
689
690
692
695
696