1
2
3
4
5
6
7
8
9
10
11
12
13
14
15
16
17
19
20
21
22
23
24
26
27
28
29
30
31
32
33
34
36
37
38
39
40
41
42
43
44
45
46
47
48
50
51
52
53
54
55
56
57
60
61
62
64
65
66
67
70
71
72
73
77
78
79
81
82
83
84
87
90
91
92
93
94
95
97
101
102
103
104
105
109
110
111
112
116
117
120
121
124
125
126
127
129
130
131
132
133
134
135
136
140
143
144
145
146
147
148
149
150
152
153
154
156
157
160
161
162
163
167
168
169
170
171
173
174
175
177
178
183
184
185
186
187
192
193
194
195
196
197
198
199
200
206
207
210
211
212
213
214
215
216
217
218
221
222
223
224
225
227
228
233
234
235
236
237
238
242
243
244
245
246
247
249
250
251
254
255
258
259
262
263
264
265
266
267
269
272
273
274
275
276
278
281
282
283