1
2
3
4
5
6
7
8
9
10
11
12
13
14
15
16
17
19
20
21
22
23
24
26
27
28
30
31
32
33
34
35
37
38
39
40
43
44
45
46
47
48
49
50
51
52
53
54
55
57
60
61
62
67
68
69
70
71
72
73
74
75
76
79
80
81
86
87
88
89
90
91
92
93
94
95
96
97
99
100
101
102
104
107
108
109
114
115
116
117
118
119
120
121
122
123
126
127
128
133
134
135
136
137
138
139
140
141
142
143
146
147
148
154
155
156
157
158
159
160
161
162
163
166
167
168
173
174
175
176
177
178
179
180
181
184
185
186
187
188
189
190
191
192
193
194
195
198
199
200
205
206
207
208
209
210
211
212
213
214
217
218
219
224
225
226
227
228
229
230
233
234
235
240
241
242
243
244
245
246
247
250
251
252
257
258
259
260
261
262
263
264
265
267
270
271
272
277
278
279
280
281
282
283
284
285
286
288
291
292
293
298
299
300
301
302
303
304
307
308
309
314
315
316
317
318
319
320
321
324
325
326
331
332
333
334
335
336
337
340
341
342
347
348
349
350
351
352
353
356
357
358
363
364
365
366
367
368
369
372
373
374
379
380
381
382
383
384
385
386
387
390
391
392
397
398
399
400
401
402
403
404
405
406
407
409
410
411
412
414
417
418
419
424
425
426
427
428
429
430
431
432
433
434
435
437
440
441
442
447
448
449
450
451
452
453
454
455
456
457
458
460
463
464
465
470
471
472
473
474
475
476
477
478
479
480
481
482
483
485
488
489
490
495
496
497
498
499
500
501
502
505
506
507
512
513
514
515
516
517
518
519
520
521
522
523
526
527
528
529
530
533
534
535
536
537
538
539
540
545
546
547
548
549
550
551
552
553
556
557
558
559
560
561
562
563
564
565
566
567
568
569
570
571
574
577
578
579
580
581
582