1
2
3
4
5
6
7
8
9
10
11
12
13
14
15
16
17
21
22
23
24
25
26
27
28
29
30
32
33
34
35
36
37
38
39
40
42
43
44
45
46
47
48
49
50
51
52
54
55
56
59
60
63
64
70
71
72
73
74
76
77
80
81
84
85
86
87
88
89
90
91
92
93
100
101
102
103
104
105
106
107
109
112
113
114
117
118
119
120
122
123
124
125
128
129
130
131
132
133
134
135
136
138
143
144
146
148
149
150
151
152
153
154
155
156
157
158
159
163
164
166
167
168
169
170
171
172
177
178
179
180
181
182
183
185
186
187
188
189
190
193
196
197
201
202
205
206
207
208
209
210
212
215
216
217
218
219
221
224
225
226
227
228
229
230
231
235
238
239
240
241
242
245
246