1
2
3
4
5
6
7
8
9
10
11
12
13
14
15
16
17
19
21
22
23
24
25
26
28
29
30
31
32
33
34
35
36
37
38
39
40
42
43
44
45
46
47
48
49
50
51
52
53
54
55
56
57
58
59
60
61
63
66
67
70
71
74
75
76
79
80
81
84
85
86
89
90
91
92
93
96
97
98
99
100
101
105
108
109
110
112
113
114
117
118
119
121
122
123
124
125
126
127
129
130
132
134
135
136
138
139
140
141
145
146
149
150
153
155
156
159
160
163
164
167
168
171
172
175
176
179
180
183
184
187
188
191
192
195
196
199
200
203
204
205
206
207
210
211
212
215
216
217
218
219
220
221
222
223
224
227
228
229
230
231
232
233
236
237
238