1
2
3
4
5
6
7
8
9
10
11
12
13
14
15
16
17
19
20
22
23
24
25
26
27
29
30
31
32
33
34
35
37
38
39
40
42
43
44
46
47
48
51
52
53
56
57
58
59
60
61
65
68
69
70
71
72
73
74
75
76
77
78
79
80
81
82
83
84
87
88
89
90
94
95
96
97
98
99
100
102
103
105
106
108
109
110
111
113
116
117
119
120
121
122
124
126
127
128
129
130
131
133
134
137
138
139
140
141
142
145
149
150
151
154
155
158
161
162
163
164
165
166
167
168
169
170
171
172
173
174
175
177
178
179
180
184
185
186
187
188
189
192
195
196
197
198
199
200
201
202
203
204
205
206
207
210
211
212
213
214
217
218
219
220
221
222
223
224
228
230
231
232
233
236
237
238
239
240
244
248
249
250
251
252
255
256
257
258
259
263
264
265
266
267
271
274
275
278
279
282
283
286
287
290
291
294
295
298
299
302
303
306
307
310
311