1
2
3
4
5
6
7
8
9
10
11
12
13
14
15
16
17
19
20
21
22
23
25
26
27
29
30
31
32
33
34
35
36
37
38
39
40
41
42
43
45
46
47
48
49
50
51
52
54
55
56
58
59
60
61
63
64
67
68
70
71
72
73
74
75
76
77
78
79
82
83
84
85
86
87
88
89
90
91
92
93
98
100
101
102
105
106
107
108
109
113
115
116
117
120
121
122
123
124
125
126
127
128
129
131
132
133
138
140
141
142
144
145
146
147
148
149
154
156
157
158
161
162
163
164
166
167
168
169
170
171
173
174
175
176
177
179
180
181
183
184
185
186
187
188
192
194
195
197
198
199
201
202
203
204
207
209
210
212
213
214
215
216
217
221
222
224
225
227
228
229
231
232
233
236
241
242
245
246
249
250