1
2
3
4
5
6
7
8
9
10
11
12
13
14
15
16
17
19
20
21
22
23
24
25
26
27
28
30
31
32
33
34
35
37
38
39
40
41
43
44
45
46
47
49
50
53
54
57
58
61
62
65
66
69
70
73
74
75
76
77
80
81
82
83
84
85
86
88
90
93
94
95
97
98
99
101
102
103
105
109
110
111
112
113
114
115
116
117
118
119
120
121
125
126
127
131
132
133
134
135
136
137
138
139
141
142
144
147
148
149
150
151
154
155
156
157
158
159
162
164
165
166
168
170
171
174
175
176
178
179
182
183
184
185
186
187
188
189
191
192
193
194
195
196
199
200
201
202
205
206
207
208
210
211
212
213
215
219
220
222
223
224
225
226
227
228
229
230
231
232
233
234
235
236
237
239
240
244
245
246
249
250
251
254
255
256
258
261
262
265
266
267
268
269
270
271
272
273
274
277
278
279
280
281
283
284
285
287
288
292
293
294
295
296
297
298
300
303
304
305
308
309
310
311
312
314
315
316
317
319
320
321
322
324
326
329
330
331
332
333
334
335