1
2
3
4
5
6
7
8
9
10
11
12
13
14
15
16
17
19
20
21
22
23
25
26
27
28
29
30
31
32
33
34
35
36
37
38
40
41
42
43
45
46
47
48
49
50
51
52
53
54
57
58
60
61
62
63
64
66
67
70
71
74
75
76
77
78
80
81
84
85
86
89
90
91
92
95
96
97
100
101
102
103
104
105
106
108
109
110
111
113
114
115
116
117
118
119
120
121
122
129
132
133
136
137
140
141
142
143
144
145
146
147
148
149
150
151
152
154
155
156
157
158
160
161
162
163
164
165
166
167
168
169
170
171
172
173
175
176
177
178
179
180
181
182
183
186
189
190
191
192
193
197
198
201
202
205
206
209
210
211
213
214
215
217
218
219
220
221
222
223
225
226
227
228
229
231
232
233
234
235
236
237
238
239
240
242
246
247
248
250
251
252
253
254
255
256
259
260
261
262
264
266
269
270
273
274
277
278
279
280
283
284
285
286
289
290
291
292
293
294
295
296
300
301
302
303
304
305
306
307
311
312
315
316
319
320
323
324
327
328
329
330
331
335
336
339
340
343
344
347
348
351
352
355
356
359
360
363
364
367
368
371
372
375
376
379
380
383
384
387
388
389
392
393
395
396
399
400
403
404
407
411
412
415
416
419
420
421
425
426
429
430
433
434
435
439
440
441
442