1
2
3
4
5
6
7
8
9
10
11
12
13
14
15
16
17
20
21
23
24
25
26
28
29
32
33
34
35
36
37
39
40
41
42
45
46
47
48
49
50
51
52
55
56
57
62
63
64
65
66
67
68
69
72
73
74
79
80
81
82
83
84
85
86
87
90
91
92
97
98
99
100
101
102
103
104
105
108
109
110
115
116
117
119
120
123
124
129
130
131
133
134
137
138
143
144
145
147
148
151
152
157
158
159
161
162
165
166
171
172
173
175
176
179
180
185
186
187
189
190
193
194
199
200
201
203
204
207
208
213
214
217
218
221
222
223
224
226
227
228
229
232
233
234
237
238
239
245
246
247
248
249
250
251
252
253
254
257
258
259
260
261
262
263
264
265
266
267
268
270
271
272
273
274
275
277
280
281
282
285
286
287