1
2
3
4
5
6
7
8
9
10
11
12
13
14
15
16
17
19
20
21
23
24
25
26
27
28
29
30
31
32
33
34
35
36
38
39
40
41
42
43
44
45
46
47
49
50
53
54
57
58
59
62
63
64
65
67
68
69
70
71
72
73
76
77
78
79
80
81
82
85
86
87
88
89
90
91
92
93
94
97
98
99
100
101
102
103
104
105
106
109
110
111
112
113
114
117
118
119
120
121
122
125
126
127
128
129
130
133
134
135
136
137
140
141
142
143
144
145
146
148
151
152
153
154
155
156
159
160
161
162
166
167
168
169
172
173
174
175
176
177
181
182
183
184
186
187
190
191
194
195
198
199
200
201
202
205
206
207
208
209
212
213
214
215
216
219
220