1
2
3
4
5
6
7
8
9
10
11
12
13
14
15
16
17
19
20
21
23
24
25
26
28
29
30
31
32
33
34
35
36
37
39
40
41
42
43
44
45
46
47
48
49
50
51
52
53
54
55
57
58
61
62
63
66
67
68
71
72
73
74
75
76
77
78
81
82
83
84
85
86
87
88
91
92
93
94
95
96
97
98
99
100
103
104
105
106
107
108
109
110
111
112
115
116
117
120
121
122
125
126
127
130
131
134
135
138
139
142
143
146
147
150
151
154
155
156
157
160
161
162
163
166
167
168
169
170
171
172
176
177
178
179
180
181
182
186
187
188
189
190
191
196
197
198
199
200
201
202
203
206
207
208
209
210
211
212
213
217
218
219
220
221
224
225
227