1
2
3
4
5
6
7
8
9
10
11
12
13
14
15
16
18
20
21
23
24
25
26
27
28
29
30
31
32
33
34
35
36
37
38
39
40
41
42
43
44
45
46
47
48
49
50
51
52
53
54
55
56
58
59
60
61
62
63
64
65
66
67
68
69
71
72
73
74
75
76
77
80
81
82
83
84
85
86
89
90
92
93
95
96
100
101
103
104
106
108
109
110
111
113
114
115
116
119
121
123
124
125
126
127
129
130
131
132
133
134
135
136
137
138
142
143
144
145
146
147
148
149
150
153
154
155
156
157
158
159
162
163
164
165
167
168
169
170
176
177
178
182
183
184
185
186
187
188
189
190
192
193
194
195
197
198
199
200
205
206
207
209
210
212
213
215
216
217
218
219
221
222
223
224
225
226
228
229
232
233
234
235
237
238
239
240
245
248
250
251
253
254
256
257
259
261
262
263
264
265
266
267
268
272
273
274
275
280
281
282
283
284
285
286
287
289
291
292
293
294
297
298
299
301
302
304
305
306
309
310
311
312
313
315
316
317
319
321
323
324
325
326
328
329
330
331
334
335
336
337
338
341
344
345
346
348
350
351
353
355
356
359
361
362
364
365
366
367
368
369
370
371
372
373
374
375
380
382
383
384
385
386
387
388
390
391
393
394
396
397
399
400
401
402
403
406
407
408
410
413
414
415
417
420
421
424
425
428
429
432
433
436
437
440
441
444
445
446
447
450
451
452