1
2
3
4
5
6
7
8
9
10
11
12
13
14
15
16
17
19
20
21
22
24
25
26
27
29
30
31
32
33
34
35
36
37
38
39
40
41
42
43
44
45
47
48
49
50
51
52
53
54
55
56
57
58
59
62
63
64
65
66
67
68
72
73
74
75
76
77
78
79
80
81
86
87
90
91
94
95
96
97
98
100
101
102
103
104
105
106
107
108
109
110
111
112
113
114
117
118
120
121
126
127
128
129
130
132
133
134
136
141
142
143
146
147
149
151
153
154
155
157
158
161
162
164
165
168
169
171
172
173
174
175
176
178
179
180
181
183
185
186
188
190
192
194
195
196
197
198
199
200
201
202
204
205
206
208
209
210
213
214
215
216
217
219
220
221
223
224
226
227
228
229
230
231
233
237
241
242
243
245
246
247
248
249
251
252
253
257
258
259
260
261
262
263
264
267
268
269
271
274
275
278
279
280
282
285
286
289
290
291
293
296
297