1
2
3
4
5
6
7
8
9
10
11
12
13
14
15
16
17
19
20
21
22
23
24
25
26
27
29
30
31
32
33
34
35
36
37
38
39
40
41
42
43
44
45
46
47
48
49
50
51
52
53
55
58
59
60
61
63
64
65
66
68
69
70
71
72
73
74
76
77
78
79
80
81
82
83
84
85
86
87
88
89
90
91
92
93
94
95
96
97
98
99
100
101
102
103
104
105
106
107
108
109
110
111
112
113
114
115
116
117
118
119
120
121
122
123
124
125
126
127
128
129
130
131
132
133
134
135
136
138
141
142
145
146
147
148
149
150
151
152
157
158
161
162
164
165
166
169
170
171
172
173
174
175
176
177
178
179
180
181
183
184
185
186
187
189
190
192
193
195
197
200
201
202
203
204
205
206
207
208
209
210
211
212
213
216
217
218
223
224
226
227
228
231
232
233
234
235
236
237
238
239
240
241
242
243
245
246
247
248
249
250
251
253
254
256
257
259
261
264
265
266
267
268
269
270
271
272
273
274
275
276
277
280
281
282
283
284
285
287
288
294
295
296
297
298
299
300
301
302
303
305
308
309
310
311
313
314
317
319
320
321
323
324
325
326
327
329
330
331
333
335
336
337
338
340
341
342
343
345
346
347
349
350
353
354
355
356
357
358
359
360
361
362
363
366
369
370
371
372
376
377
378
379
380
382
385
386
387
388
389
390
391
392
393
394
397
398
399
401
404
405
406
407
408
409
410
411
412
415
416
417
419
422
423
424
425
426
427
428
429
430
433
434
437
438
441
442
445
446
449
450
453
454
457
458
461
462
465
466
469
470
473
474
477
478
481
482
485
486
489
490
493
494
495
498
499
502
503
506
507
510
511
514
515
518
519
522
523
526
527
530
531
534
535
538
539
542
543
546
547
550
551
554
555
558
559
562
563
566
567
570
571
574
575
578
579
582
583
586
587
590
591
594
595
598
599
602
603
606
607
610
611
614
615
618
619
622
623
626
627
630
631
632
635
636
639
640
643
644
647
648
649
652
653
656
657
660
661
664
665
668
669
672
673
676
677
680
681
682
685
686
689
690
693
694
697
698
699
702
703
706
707
710
711
714
715
716
717
718
719
720
721
722
723
724
727
728
731
732
733
734
735
736
737
738
739
742
743
744
745
746
747
748
749
750
753
754
757
758
761
762
765
766
769
770
773
774
775
776
777
778
779
780
782
783
786
787
788
789
790
791
794
795
796
797
798
801
804
805
806
807
808
809
810
811
815
816
818
819
820
821
827
828
829
830
831
832
833
835
836
838
839
841
842
843
846
847
848
849
850
853
854
857
858
859
860
861
862
863
864
865
866
870
871
874
875
876
877
878
881
882
883
884
885
886
889
890
892
893
895
896
898
899
900
902
903
905
906
908
909
910
911
912
915
916
918
919
921
922
923
924
925
927
928
930
931
932
933
934
936
937
938
943
944
945
947
948
950
951
952
953
954
955
956
957
961
962
963
964
965
966
967
968
969
970
971
972
973
974
975
979
980
981
982
983
984
985
986
987
988
989
990
991
992
993
994
995
996
997
998
999
1000
1001
1002
1003
1004
1005
1006
1011
1012
1013
1014
1015
1016
1017
1020
1021
1022
1023
1024
1025
1028
1029
1030
1031
1032
1033
1036
1037
1040
1041
1042
1043
1044
1045
1046
1047
1052
1053
1056
1057
1060
1061
1064
1065
1068
1069
1072
1073
1074
1077
1078
1081
1082
1085
1086
1089
1090
1091
1092
1094
1095
1098
1099
1102
1103
1104
1105
1106
1107
1108