1
2
3
4
5
6
7
8
9
10
11
12
13
14
15
16
17
19
20
21
22
23
24
26
27
28
29
30
31
32
33
34
35
36
37
38
39
40
41
42
43
44
45
46
47
48
49
50
52
53
54
55
56
57
58
59
60
61
62
63
65
66
67
68
69
70
71
73
76
77
80
81
82
83
84
85
86
89
90
92
93
94
95
96
98
99
100
104
105
106
107
108
109
113
114
115
118
119
120
121
123
126
127
130
131
134
135
138
139
140
141
143
144
146
147
148
152
153
154
156
159
160
161
162
163
164
169
170
171
172
173
174
179
180
181
182
183
184
185
186
187
188
191
192
193
194
195
196
197
200
201
202
203
204
205
206
207
208
212
213
218
219
220
221
222
223
224
225
226
227
230
231
232
233
234
238
239
241
242
243
246
247
248
249
250
251
252
253
257
258
259
262
263
264
267
268
269