1
2
3
4
5
6
7
8
9
10
11
12
13
14
15
16
17
19
20
21
23
24
25
26
27
28
29
30
32
33
34
35
36
37
38
39
40
41
42
43
44
45
46
47
48
49
50
51
52
53
54
55
56
57
59
60
61
62
63
64
65
66
67
68
69
70
72
73
74
75
76
77
78
79
80
81
82
83
84
85
86
87
88
89
90
91
92
93
94
95
96
97
98
99
100
101
102
103
104
105
106
107
108
109
111
112
113
116
117
120
121
124
125
128
129
130
131
132
133
135
136
137
140
141
142
143
146
147
148
149
152
153
154
155
157
158
162
163
165
166
167
168
169
170
172
173
176
177
178
179
180
181
182
183
185
188
189
191
192
195
196
197
198
199
201
202
203
204
205
206
210
214
215
218
219
220
223
224
225
226
227
228
229
230
233
234
235
238
239
240
241
242
244
247
248
251
252
255
256
259
260
263
264
265
266
267
268
271
272
273
274
275
276
277
281
282
283
285
288
289
292
293
296
297
298
299
300
301
302
303
304
305
308
309
312
313
316
317
318
319
320
321
322
323
324
327
328
331
332
333
334
335
338
339
342
343
346
347
350
351
354
355
358
359
362
363
364
365
366
367
370
371
374
375
376
377
378
379
380
384
385
387
388
389
390
391
392
393
394
396
397
398
399
401
403
406
407
408
409
410
411
412
413
414
418
419
421
422
425
426
427
428
429
434
435
436
437
438
439
440
441