1
2
3
4
5
6
7
8
9
10
11
12
13
14
15
16
17
19
20
21
22
23
24
26
27
28
29
30
31
32
33
34
35
36
37
38
39
40
41
42
43
44
45
46
47
49
50
51
52
53
54
55
56
57
58
59
61
62
65
66
67
68
69
70
71
74
75
76
77
80
81
84
85
88
89
90
91
94
95
99
100
103
104
105
107
110
111
112
113
114
115
120
121
122
123
125
128
129
132
133
134
136
137
140
141
144
145
146
149
150
154
155
156
157
158
159
161
162
163
164
165
166
167
168
169
170
173
174
175
180
181
182
186
187
188
189
190
191
193
194
195
198
199
202
203
204
207
210
211
214
215