1
2
3
4
5
6
7
8
9
10
11
12
13
14
15
16
17
19
20
21
22
23
24
25
26
27
28
29
30
31
32
34
35
36
37
38
39
40
41
42
43
44
45
46
47
48
49
50
51
52
53
54
55
56
57
58
59
61
62
63
64
65
66
67
68
70
71
72
73
74
75
77
78
79
80
81
82
83
84
86
87
88
89
90
91
92
93
95
96
97
98
99
100
102
103
104
105
106
107
109
110
111
112
113
114
115
116
118
119
120
121
122
123
124
125
127
128
129
130
131
132
134
135
136
137
138
139
140
141
142
145
146
147
148
149
150
151
152
155
156
157
158
159
162
163
166
167
168
171
172
173
176
177
178
181
182
183
186
187
188
189
190
191
192
194
195
196
198
199
200
201
203
204
207
208
209
210
211
212
213
214
215
216
217
218
222
223
225
226
227
230
231
232
233
234
235
236
237
238
239
240
241
242
243
244
245
246
247
248
249
250
251
253
254
255
256
258
260
261
262
265
266
267
268
269
270
274
275
276
277
279
280
282
283
284
286
287
290
293
295
296
297
300
301
302
303
304
307
308
309
310
311
313
314
315
316
317
318
319
320
321
322
323
324
328
329
330
331
332
333
334
338
339
340
342
343
344
345
347
348
350
351
352
353
354
355
356
358
359
360
361
362
363
364
365
366
367
369
371
372
373
374
375
376
377
378
379
380
383
385
387
390
391
392
393
394
395
396
397
398
399
400
401
402
403
405
406
410
411
413
415
417
420
421
422
423
424
426
428
430
431
432
434
435
436
437
438
439
440
441
442
443
444
445
446
449
450
452
454
456
458
460
463
464
465
467
468
469
470
471
472
473
474
475
476
477
478
479
480
481
482
483
486
487
489
490
491
492
493
494
495
496
497
498
499
500
501
502
503
504
505
506
507
510
511
513
514
515