1
2
3
4
5
6
7
8
9
10
11
12
13
14
15
16
17
19
20
21
22
23
24
25
26
27
29
30
32
33
34
35
36
37
38
39
40
41
42
44
45
46
47
48
49
50
51
52
54
55
56
57
58
59
60
62
63
64
65
66
67
68
70
71
72
73
74
75
76
78
79
80
81
82
83
85
86
87
88
89
90
92
93
94
95
96
97
98
99
101
102
103
104
105
106
107
108
112
113
114
115
116
117
118
119
120
124
125
127
128
129
130
131
132
133
136
137
138
139
140
141
142
145
146
149
150
153
154
157
158
161
162
165
166
169
170
173
174
177
178
180
181
183
184
185
186
187
189
190
191
192
193
197
199
200
201
202
205
206
207
210
211
212
213
214
215
218
219
221
224
225
227
228
229
230
231
232
233
235
236