1
3
5
6
7
8
9
10
11
12
13
14
15
16
17
18
19
20
21
23
24
25
26
27
28
30
32
33
34
35
37
38
39
40
41
43
44
45
46
48
49
50
51
52
53
55
56
57
58
59
60
61
62
64
65
66
67
68
69
70
71
73
74
75
76
77
78
79
82
83
84
85
87
89
90
91
93
94
95
97
98
99
100
101
103
106
107
108
109
110
113
114
115
116
118
119
120
123
126
127
128
129
130
131
134
135
138
139
142
143
144
145
146
147
148
151
152
154
155
156
157
158
159
160
161
163
164
165
167
170
171
172
175
176
177
180
181
184
185
188
189
192
193
196
197
200
201
204
205
206
207
208
209
210
212
213
214
216
217
218
220
221
222
224
225
226
228
229
230