1
2
3
4
5
6
7
8
9
10
11
12
13
14
15
16
17
18
19
20
21
22
23
24
25
26
27
28
29
30
31
32
33
34
35
37
38
39
40
41
43
44
45
46
47
48
50
51
52
54
55
56
57
58
59
61
62
64
65
66
68
71
72
73
74
77
78
81
82
83
84
85
86
87
89
90
91
92
93
94
95
97
98
100
101
102
103
104
105
109
110
111
112
117
118
121
122
123
126
127
130
131
134
135
138
139
142
143
146
147
150
151
154
155
158
159
162
163
166
167
170
171
174
175
178
179
182
183
184
185
186
188
189
190
192
193
194
196
197
198
199
200
201
202
203
204
205
206
207