1
2
3
4
5
6
7
8
9
10
11
12
13
14
15
16
17
18
19
20
21
22
23
24
25
26
27
28
29
30
31
32
33
34
35
37
38
39
40
41
42
43
44
46
47
48
49
50
51
52
53
55
56
58
61
62
63
65
67
71
72
73
75
77
80
81
84
86
87
89
90
91
93
96
97
98
99
100
101
102
103
105
106
107
110
111
114
116
117
120
121
122
123
126
127
130
131
132
134
135
136
139
140
141
142
143
144
145
146
149
150
151
152
153
154
155
158
159
160
162
163
166
169
170
171
172
173
176
177
178
181
182
185
186
187
188
191
192
194
196
197
198
200
201
203
204
205
207
208
209
211
213
214
215
216
217
220
221
222
226
227
228
231
232
233