1
3
4
5
6
7
8
9
10
11
12
14
15
16
17
18
19
20
21
22
23
24
26
27
28
29
30
31
32
33
34
36
38
39
40
42
44
45
46
47
49
50
51
52
53
55
56
59
60
62
64
65
66
67
68
69
72
73
76
77
82
83
85
86
88
89
91
92
93
95
96
97
99
100
101
102
103
107
109
110
111
112
113
115
116
117
119
120
121
123
127
128
130
132
134
135
136
137
138
139
142
144
146
147
148
150
151
152
155
156
158
160
161
162
164
165
166
167
169
170
171
172
173
176
179
180
181
184
185
187
188
189
190
191
194
195
196
197
199
201
202
205
206
208
209
210
211
212
215
217
218
219
220
221
222
225
228
229
230
231
232
233
237
238
239
240
241
243
246
247
249
250
251
252
253
256
257
258
262
263
264
265
269
271
272
273
274
276
278
279
280
281
282
284
285
288
289
290
291
292
293
294
295
296
297
298
301
302
303
304
305
308
310
312
314
315
316
317
320
321
322
325
326
329
330
331
332
333
337
338
339
340
341