1
2
3
4
5
6
7
8
9
10
11
12
13
14
15
16
17
18
19
20
21
22
23
24
25
26
27
28
29
30
31
32
33
34
36
37
38
39
41
42
43
44
45
46
47
48
50
51
52
53
54
55
56
57
58
59
60
63
64
67
69
71
72
73
74
76
77
78
79
80
86
87
88
89
90
91
92
93
95
96
98
100
101
102
103
104
105
106
107
108
109
112
113
116
117
118
122
123
126
127
130
131
132
133
134
136
138
141
142
143
144
145
146
147
148
149
150
151
155
156
157
158
159
160
161
162
163
164
165
169
170
173
174
177
178
181
182
183
185
186
187
188
189
191
192
193
194
198
199
201
204
205
208
210
211
212
214
217
218
219
221
224
225
226
228
231
232
233
235
238
239
240
242
245
246
247
249
252
253
254
256
259
260
261
263
266
267
268
270
273
274
275
277