1
2
3
4
5
6
7
8
9
10
11
12
13
14
15
16
17
18
19
20
21
22
23
24
25
26
27
28
29
31
32
33
34
35
36
37
38
39
40
41
42
43
44
45
46
47
48
49
50
51
52
53
54
55
56
57
58
59
60
61
63
64
65
66
67
68
69
70
71
72
73
74
75
76
77
78
80
81
82
84
85
86
88
89
90
92
93
94
96
97
98
100
101
102
104
105
106
108
109
110
112
113
114
116
117
118
120
121
122
124
125
127
128
130
131
133
134
136
137
139
140
142
143
145
146
148
149
151
152
154
155
156
157
158
159
160
161
162
163
164
165
166
170
171
172
173
174
175
176
177
178
179
180
181
182
184
185
186
187
188
189
191
192
193
195
196
197
200
201
202
204
205
206
207
208
209
211
212
213
214
215
217
218
219
220
221
222
223
224
225
227
228
230
232
233
234
235
237
238
239
241
243
245
247
249
250
251
254
255
258
261
262
263
264
265
266
271
272
273
274
275
276
277
278
279
280
281
283
284
285
287
288
290
291
292
293
294
295
296
297
298
300
301
305
306
307
308
309
310
311
312
316
318
319
321
322
323
324
326
328
330
333
335
336
337
338
339
340
341
342
343
348
349
350
351
352
353
354
355
356
358
359
361
362
364
365
366
367
368
370
372
374
375
376
377
378
381
382
383
384
387
388
389
391
392
393
394
396
397
398
400
401
402
404
406
407
408
410
411
412
413
414
415
416
417
419
420
423
424
425
426
427
428
429
431
434
435
436
438
439
440
444
445
447
448
449
450
451
453
455
456
457
462
463
464
465
466
467
468
469
470
472
473
474
475
476
477
478
479
480
481
482
483
484
485
486
488
489
490
491
492
493
494
497
498
499
500
501
502
503
504
505
506
507
510
512
513
514
515
516
517
518
519
520
522
526
527
528
529
530
531
532
533
534
535
536
537
538
539
540
541
542
543
544
547
548
549
550
551
552
553
554
555
556
557
558
559
560
561
564
565
566
567
568
569
570
571
572
573
574
575
576
577
578
579
582
583
585
586
588
589
590
591
592
595
596
598
599
600
602
603
606
607
608
609
610
613
614
615
616
617
618
620
622
624
627
628
629
630
631
632
633
634
635
636
637
638
639
640
641
642
643
644
645
646
647
648
649
650
651
655
656
657
658
659
660
661
662
663
664
665
666
667
668
669
670
671
672
673
674
675
679
680
681
682
683
684
685
686
687
688
690
691
692
693
694
695
696
697
698
700
701
702
703
704
705
706
707
709
710
711
712
713
714
715
716
718
719
720
721
722
723
724
725
727
731
732
733
734
735
736
737
738
739
740
742
743
744
745
746
747
749
750
751
752
753
754
756
757
758
759
760
761
763
764
765
766
767
768
770
774
775
776
777
778
781
782
783
784
785
786
788
789
794
795
796
797
800
801
802
806
807
808
811
812
813
816
817
818
819
820
822
825
826
827
831
832
833
834
837
838
839
840
841
842
843
844
846
847
848
849
850
852
853
854
855
856
858
859
860
861
862
864
865
866
867
868
873
874
875
876
877
878
879
880
882
883
884
885
886
888
889
890
891
892
894
895
896
897
898
900
901
902
903
904
909
910
911
912
913
914
915
916
917
919
922
923
924
925
927
929
930
931
934
935
936
937
938
939
941
942
943
944
945
948
950
952
954
956
957
958
959
960
961
965
966
967
969
971
973
974
977
978
980
982
983
985
987
988
990
991
994
995