1
2
3
4
5
6
7
8
9
10
11
12
13
14
15
16
17
18
19
20
21
22
23
24
25
26
27
28
30
31
32
33
34
35
37
38
39
40
42
44
45
46
47
48
50
52
53
55
56
57
58
59
60
61
62
63
64
65
66
67
68
69
70
72
73
74
77
78
79
80
81
82
83
84
86
87
89
91
92
93
94
95
96
97
98
99
100
101
103
104
105
106
107
108
111
112
113
114
115
116
117
118
119
120
121
122
123
124
125
126
130
131
132
133
134
135
136
137
138
142
143
146
147
148
151
152
153
154
155
156
157
159
160
161
164
165
167
168
170
171
172
174
175
176
178
179
180
183
186
187
188
189
190
191
194
195
196
198
199
201
202
203
204
205
206
208
211
212
215
216
217
218
219
220
221
222
223
224
225
226
227
228
231
232
233
234
236