1
2
3
4
5
6
7
8
9
10
11
12
13
14
15
16
17
18
19
20
21
22
23
24
25
26
27
28
30
31
32
33
34
35
36
37
38
39
40
41
42
43
44
45
46
47
48
49
50
52
54
55
57
58
59
60
62
65
66
67
68
70
73
74
77
78
79
80
81
82
84
85
86
87
88
90
91
92
93
94
95
96
98
100
102
103
104
105
106
107
108
109
110
111
112
113
114
115
116
117
118
119
120
121
122
123
124
125
126
127
128
129
130
132
134
136
137
138
139
140
141
142
143
144
145
146
147
148
149
150
151
152
153
154
155
156
157
158
159
160
161
162
163
164
166
168
169
171
172
173
178
181
182
183
184
186
187
191
193
194
195
196
197
200
201
202
203
204
205
206
207
208
211
212
213
214
215
216
217
218
219
220
222
223
224
225
226
227
228
230
231
232
233
234
235
236
237
238
241
242
243
244
245
246
249
250
252
253
257
258
261
262
265
266
269
270
271
272
273
274
275
276
277
278
279
280
281
282
283
284
285
286
287
288
289
290
291
292
293
294
295
296
297
298
299
300
302
305
306
307
308
309
310
311
312
313
314
315
316
318
321
322
323
324
325
326
327
328
329
330
331
332
333
334
335
336
337
338
339
340
341
342
343
344
345
346
347
348
349
350
351
352
353
354
355
356
357
358
359
360
361
362
363
364
365
366
367
368
369
370
371
372
373
374
375
376
377
378
380
383
384
385
386
387
388
389
390
391
393
394
395
396
397
398
399
401
404
405
408
409
412
413
416
417
420
421
424
425
428
429
432
433
436
437
440
441
444
445
448
449
452
453
456
457
460
461
464
465
468
469
472
473
476
477
480
481
484
485
488
489
492
493
496
497
500
501
504
505
508
509
512
513
516
517
518
519
521
524
525
528
529
532
533
534
535
537
538
540
541
542
543
544
545
546
548
550
553
554
557
558
559
560
562
563
564
565
567
569
572
573
574
576
577
580
581
582
583
586
587
588
589
593
596
597
598
599
600
601
602
603
604
605
606
608
609
610
614
615
618
619
622
623
626
627
628
629
630
631
632
633
634
635
636
637
638
639
640
641
642
643
644
645
648
650
651
652
653
654
655
656
657
658
659
660
661
662
663
664
665
666
667
669
670
671
672
674
675
676
677
679
680
681
682
683
684
685
686
687
688
689
690
691
692
693
694
695
696
697
698
699
700
701
702
703
705
706
707
708
709
710
711
712
713
714
715
716
717
718
719
720
721
722
723
724
725
726
727
728
729
730
731
732
733
734
736
737
738
739
740
744
746
748
749
750
751
752
753
754
755
756
757
758
759
760
761
762
763
764
765
766
767
768
771
772
773
774
775
776
777
778
779
780
784
786
787
788
789
790
792
793
794
795
796
797
798
799
800
801
802
803
804
805
806
807
808
809
811
813
814
815
816
817
818
819
820
821
822
823
825
826
827
828
829
830
831
832
833
834
835
836
837
838
839
840
841
842
843
844
845
846
847
848
849
850
853
854
859
860
861
862
864
865
866
867
868
869
870
873
874
875
876
877
878
880
883
884
885
886
888
889
890
893
894
896
899
900
901
902
904
908
909
910
911
912
916
917
920
921
924
925
926
928
931
932
935
936
939
940
943
944
947
948
949
950
951
952
953
954
955
956
958
959
960
961
963
964
968
969
970
971
972
973
975
976
977
978
982
983
986
987
990
991
994
995
998
999
1002
1003
1006
1007
1010
1011
1014
1015
1018
1019
1022
1023
1026
1027
1030
1031
1034
1035
1038
1039
1042
1043
1046
1047
1050
1051
1054
1055
1058
1059
1062
1063
1066
1067
1070
1071
1074
1075
1078
1079
1082
1083
1086
1087