1
3
4
6
8
9
10
11
12
13
14
15
16
17
18
19
21
23
25
26
27
28
29
30
31
33
34
37
38
41
42
45
46
49
50
53
54
57
58
60
61
64
67
68
69
70
72
74
75
76
77
78
79
80
81
83
85
88
89
91
92
95
96
99
102
103
105
108
109
110
114
115
116
117
118
121
124
125
126
127
129
130
132
133
137
138
139
143
144
147
148
151
152
155
156
159
160
163
164
167
168
171
172
173
174
175
179
180
183
184
187
188
191
192
195
196
199
200
203
204
207
208
211
212
215
216
219
220
223
224
225
226
227
231
232
233
234
236
237
239
240
241
242
243
244
245
248
249
250
251
252
253
255
256
257
258
259
261
262
263
266
267
268
270
271
272
274
275