1
2
3
4
5
6
7
8
9
10
11
12
13
14
15
16
17
18
19
20
21
22
23
24
25
26
27
28
30
31
32
33
34
35
36
37
38
39
40
41
42
43
44
45
46
47
48
49
50
51
52
53
54
56
57
58
59
60
61
62
66
67
69
70
71
72
73
74
75
76
77
78
79
80
83
84
87
88
90
91
92
93
94
95
97
100
101
102
103
104
105
106
107
108
110
113
114
117
118
119
120
121
122
123
124
125
126
127
128
129
130
131
133
137
138
139
140
141
142
143
144
148
149
150
151
152
153
157
158
159
160
163
166
167
168
169
172
175
176
177
178
181
184
185
186
189
190
191
192
196
197
198
199
203
204
205
206
210
211
212
213
214
215
216
217
221
222
223
224
225
226
227
228
232
233
234
235
236
237
241
242
243
244
245
246
247
248
249
250
251
257
258
259
260
264
265
266
267
268
272
273
274
275
276
277
278
279
282
283
284
285
286
287
288
292
293
294
295
299
300
301
302
306
307
308
309
313
314
315
316
317
318
322
323
324
325
326
330
331
332
333
337
338
339
340
341
342
346
347
350
351
352
353
354
355
359
360
363
364
365
366
367
370
371
372
374
375
376
377
378
379
380
381
382
383
384
385
386
387
388
389
390
391
392
393
394
395
396
397
398
399
401
402
403
404
405
406
407
408
409
410
411
412
414
415
417
418
422
423
424
426
427
428
429
430
431
432
433
434
435
436
437
438
439
440
441
442
443
444
445
446
447
448
449
450
451
452
453
454
455
456
457
458
459
460
461
462
463
464
465
466
467
468
470
471
472
474
475
477
480
481
482
483
485
488
489
490
491
493
496
497
498
501
502
503
505
506
508
509
511
514
515
518
519
520
522