1
2
3
4
5
6
7
8
9
10
11
12
13
14
15
16
17
18
19
20
21
22
23
24
25
26
27
28
29
30
31
32
33
35
36
38
39
40
42
43
44
45
46
47
48
49
50
51
52
53
54
55
57
58
59
60
63
64
65
66
67
68
69
70
72
73
74
77
80
81
84
85
88
89
92
93
96
97
98
100
101
104
105
106
109
110
111
114
115
118
119
122
123
126
127
130
131
134
135
136
137
138
139
142
143
144
146
147
148
151
152
153
156
157
158
161
162
163
166
167
168
171
172
173
176
177
178
181
182
183
186
187
188
191
192
193
196
197
198
201
202
203
204
205
206
207
208
209
212
213
214
215
216
217
218
219
220
223
224
225
227
228
229
232
233
234
237
238
239
242
243
244
247
248
249
250
253
254
255
256
259
260
261
262
265
266
267
270
271
272
275
276
277
278
281
282
283
284
285
286
287
288
289
292
293
294
295
296
297
298
299
300