1
2
3
4
5
6
7
8
9
10
11
12
13
14
15
16
17
18
19
20
21
22
23
24
25
26
27
28
30
31
33
34
35
36
37
38
40
42
43
44
45
46
47
48
49
50
51
52
53
54
55
56
57
59
60
61
62
63
64
66
68
71
72
73
77
78
81
82
84
85
86
87
89
90
91
92
93
94
97
98
99
100
102
103
104
105
106
107
108
110
111
115
116
117
118
119
120
121
122
123
124
125
126
129
132
133
134
135
137
138
140
141
142
143
144
145
146
147
148
149
150
152
155
156
160
161
162
163
164
165
166
167
169
170
171
172
173
174
175
176
177
178
180
182
183
184
185
186
187
192
193
194
197
198
199
202
203
204
207
208
209
210
212
214
215
216
217