1
2
3
4
5
6
7
8
9
10
11
12
13
14
15
16
17
18
19
20
21
22
23
24
25
26
27
28
29
30
31
32
33
34
36
37
38
39
40
41
42
43
44
45
46
47
49
50
51
52
53
54
55
56
57
58
59
61
62
64
67
68
69
70
72
74
75
76
79
80
83
84
87
88
91
92
95
96
99
100
103
104
107
108
109
110
111
114
115
116
117
119
120
121
122
123
124
125
127
130
131
132
133
134
136
137
139
142
143
144
145
146
147
148
149
151
154
155
156
157
158
159
160
161
162
164
165
167
168
171
172
173
174
175
178
179
180
181
183
184
185
186
187
188
189
190
192
195
196
197
198
199
200
201
202
203
206
209
210
211
212
213
214
217
218
219
220
221
222
223
225
226
227
228
230
233
234
235
236
237
238
239
241
242
243
244
246
249
250
251
252
253
254
255
257
258
259
260
262
265
266
267
268
269
270
271
272
273
274
275
276
277
278
281
282
285
287
288
290
293
294
295
296
297
298
299
300
301
302
303
304
307
308
311
313
314
315
317
318
321
322
323
324
325
326
327
328
329
330
331
332
334
335
337
338
339
341
345
346
347
348
349
350
351
352
353
354
355
356
358
359
361
364
366
367
368
369
370
371
372
373
377
378
379
380
381
382
383
384
385
386
387
388
390
391
392
393
395
396
397
398
399
400
401
404
407
408
409
410
411
412
413
414
415
416
418
421
422
423
424
425
426
427
428
430
431
433
436
437
438
439
440
441
442
443
445
446
449
452
453
454
455
456
457
460
461
462
463
464
465
466
467
470
473
474
475
476
477
478
480
481
483
486
487
488
489
490
491
492
493
495
497
498
499
502
505
506
507
508
509
510
511
512
513
514
515
516
517
518
521
522
525
526
527
528
529
530
531
532
533
534
535
536
537
538
540
541
542
544
547
548
549
550
551
552
553
555
558
559
560
561
562
563
566
567
568
569
570
571
574
575
576
577
578
579
582
583
584
585
586
587
590
591
593
595
597
599
600
601
602
604
606
607
610
611
612
616
617
618
620
621
623
624
627
628
629
632
633
634