1
2
3
4
5
6
7
8
9
10
11
12
13
14
15
16
17
18
19
20
21
22
23
24
25
26
27
28
30
32
33
34
36
37
39
41
42
43
44
45
46
47
48
49
50
52
53
54
55
57
59
60
62
63
64
65
67
68
71
72
73
75
78
79
80
81
82
83
84
85
87
88
89
90
91
92
93
95
96
97
98
99
100
102
103
104
105
106
108
109
110
111
112
114
116
117
118
119
120
121
122
123
124
126
128
129
130
131
132
134
135
136
138
139
140
141
142
143
144
145
146
147
150
151
152
154
155
156
157
158
161
162
163
168
169
172
175
176
177
179
180
182
183
185
186
187
188
190
191
192
193
194
195
198
199
201
202
203
204
205
206
208
209
212
213
214
215
216
217
218
219
222
224
225
230
231
232
233
236
237
238
241
242
243
244
245
247
250
251
252
253
254
256
257
258
261
262
265
266
267
268
270
271
273
274
275
276
277
279
280
283
286
287
288
289
291
292
293
298
301
302
304
306
309
310
311
312
313
314
316
317
320
321
322
323
324
325
328
329
331
332
334
335
336
337
340
341
342
343
345
346
347
348
352
355
356
359
360
363
364
367
368
369
372
373
375
378
379
384
385
388
389
390
391
393
394
395
399
400
401
402
403
406
407
408
409
410
414
415
416
417
418
419
420
422
423
425
426
427
428
429
430
431
432
433
436
437
438
439
440
441
444
447
448
449
452
453
454
455
457
458
459
460
461
462
463
464
465
466
468
469
470
472
473
474
478
481
482
484
485
487
490
493
494
495
498
501
502
504
506
507
508
511
512
513
515
518
519
520
522
525
526
527
530
531
533
534
535
536
538
541
542
543
544
545
546
547
548
549
550
551
552
553
554
555
556
557
561
562
563
565
566
567
568
569
570
574
575
576
577
579
580
581
582
584
585
586
587
591
594
595
596
597
599
600
601
602
603
604
605
606
607
609
610
611
612
613
614
615
616
620
621
622
623
625
626
627
628
629
631
632
635
636
637
638
639
640
641
642
643
644
647
648
651
652
654
655
656
657
658
660
661
662
663
664
665
666
667
669
670
671
672
673
674
675
676
679
681
682
683
684
685
686
687
688
689
690
692
694
695
698
699
700
701
702
703
704
705
706
707
711
712
713
715
716
719
720
721
723
724
725
726
728
729
730
731
732
733
734
735
738
741
742
743
744
745
746
747
748
749
751
753
754
757
759
761
762
763
764
765
766
767
770
771
772
773
774
775
779
782
784
787
788
789
790
791
795
796
797
798
799
803
804
805
806
807