1
2
3
4
5
6
7
8
9
10
11
12
13
14
15
16
17
18
19
20
21
22
23
24
25
26
27
28
29
31
32
33
34
36
37
38
39
40
41
42
44
45
46
47
48
49
50
51
53
54
55
56
57
58
59
60
62
64
66
67
69
72
73
74
76
78
80
83
84
85
89
90
91
94
95
96
97
98
101
102
103
104
105
106
109
110
111
112
113
115
116
117
118
119
120
121
122
123
124
125
128
129
133
134
135
136
137
138
139
140
141
143
144
145
146
147
148
149
150
151
152
153
154
158
161
162
163
164
165
168
169
171
172
173
174
176
177
178
179
180
182
185
186
187
188
191
192
193
194
197
198
199
202
203
204
205
206
207
208
212
213
214
215
216
217
218
219
221
222
223
226
227
228
231
232
235
236
237
238
239
241