1
2
3
4
5
6
7
8
9
10
11
12
13
14
15
16
17
18
19
20
21
22
23
24
25
26
27
28
29
30
31
33
34
35
36
37
38
39
40
41
42
43
44
45
46
47
48
49
50
51
52
53
54
55
56
57
58
59
60
61
62
63
64
65
66
67
68
69
70
71
72
73
74
75
76
77
78
79
80
81
82
83
84
85
86
87
88
89
90
91
92
93
94
95
96
97
98
99
100
101
102
103
104
105
106
107
108
109
110
111
112
113
114
115
116
117
118
119
120
121
122
123
124
125
126
127
128
130
131
132
133
134
136
137
138
139
141
142
145
146
147
148
149
153
154
157
158
161
162
165
166
169
170
173
174
177
178
181
182
185
186
189
190
193
194
197
198
201
202
205
206
209
210
213
214
217
218
221
222
225
226
229
230
233
234
237
238
241
242
245
246
249
250
253
254
257
258
261
262
265
266
269
270
273
274
277
278
281
282
285
286
289
290
293
294
297
298
301
302
305
306
309
310
313
314
317
318
321
322
325
326
329
330
333
334
337
338
341
342
345
346
349
350
353
354
357
358
361
362
365
366
369
370
373
374
377
378
381
382
385
386
389
390
393
394
397
398
401
402
405
406
409
410
413
414
417
418
421
422
425
426
429
430
433
434
437
438
441
442
445
446
449
450
453
454
457
458
461
462
465
466
469
470
473
474
477
478
481
482
485
486
489
490
493
494
497
498
501
502
505
506
509
510
513
514
517
518
521
522
525
526