1
2
3
4
5
6
7
8
9
10
11
12
13
14
15
16
17
18
19
20
21
22
23
24
25
26
27
28
29
30
31
32
34
35
36
37
38
39
40
41
42
43
44
45
46
47
48
49
50
51
52
53
54
55
56
57
58
59
60
61
62
63
64
65
66
67
68
69
70
71
72
73
74
75
76
77
78
79
80
81
82
83
84
85
86
87
88
89
90
91
92
93
94
95
96
97
98
99
100
101
102
103
104
105
106
107
108
109
110
111
112
113
114
115
116
117
118
119
120
121
122
123
124
125
126
127
128
130
131
132
133
134
135
136
137
138
139
140
142
143
144
145
146
147
148
149
150
153
154
155
158
159
160
161
162
165
166
167
168
170
173
174
175
176
178
179
181
184
185
186
187
189
190
192
195
196
197
198
200
201
203
206
207
209
210
213
216
217
218
221
222
223
226
227
228
231
232
234
235
238
241
242
243
246
247
248
251
252
253
254
257
258
259
260
263
264
265
268
269
270
273
274
275
276
278
279
281
282
285
286
287
290
291
292
293
295
296
297
298
301
302
303
305
306
309
310
311
314
315
316
319
320
321
322
325
326
327
330
331
332
335
336
337
338
339
340
343
344
345
348
349
350
353
354
355
358
359
360
361
364
365
366
367
368
371
372
373
376
377
378
381
382
383
386
387
388
389
391
392
394
397
398
399
402
403
404
407
408
409
412
413
414
415
418
419
420
423
424
425
428
429
430
431
434
435
436
439
440
441
442
443
444
446
449
450
451
454
455
456
457
460
461
462
465
466
467
470
471
472
475
476
477
480
481
482
485
486
487
488
491
492
493
494
497
498
499
502
503
504
507
508
509
510
513
514
515
518
519
520
523
524
525
528
529
530
533
534
535
538
539
540
541
542
545
546
547
550
551
552
555
556
557
560
561
562
563
566
567
568
569
570
571
572
573
574
575
576
577
580
581
582
585
586
587
588
591
592
593
596
597
598
601
602
603
606
607
608
611
612
613
616
617
618
621
622
623
626
627
628
631
632
633
636
637
638
641
642
643
646
647
648
651
652
653
656
657
658
659
660
661
662
665
666
667
670
671
672
675
676
677
680
681
682
685
686
687
690
691
692
693
694
695
698
699
700
701
702
703
706
707
708
709
710
711
714
715
716
717
718
719
722
723
724
725
726
727