1
2
3
4
5
6
7
8
9
10
11
12
13
14
15
16
17
18
19
20
21
22
23
24
25
26
27
28
29
30
31
32
33
34
35
36
38
40
41
42
43
44
45
46
47
48
49
50
51
53
54
55
56
57
58
59
60
61
63
66
68
70
71
73
74
76
77
79
80
82
83
84
86
87
88
90
91
92
93
95
96
98
99
101
102
104
105
106
107
108
110
111
113
114
115
116
118
119
123
124
125
128
130
132
134
135
138
139
142
143
144
147
148
149
150
151
152
155
156
159
160
163
164
167
168
171
172
175
176
177
178
182
183
186
187
190
191
192
193
195
197
198
201
205
206
207
208
210
212
216
217
218
221
222
225
226
227
228
230
232
236
237
240
241
244
245
248
249
252
253
254
255
256
257
258
259
260
261
263
264
265
266
267
269
270
274
275
276
279
280
283
284
286
287
288
291
292
293
294
295
298
299
300
301
304
305
306
309
310
311
314
315
318
319
320
323
324
325
326
329
330
331
334
335
336
337
338
341
342
343
344
345
346
349
350
353
354
355
358
359
360
363
364
367
368
371
372
375
376
379
380
383
384
387
388
391
392
395
396
399
400
403
404
407
408
411
412
415
416
419
420
423
424
425
426
428
429
432
433
434
435
438
439
441
443
446
447
448
449
450
451
454
457
458
459
461
462
463
464
465
466
470
473
474
475
476
477
478
479
480
482
483
484
486
487
488
489
490
492
493
494
496
497
499
502
503
504
505
506
507
509
510
511
514
515
518
519
520
521
522
523
524
526
527
529
532
533
534
535
536
537
539
542
543
544
545
546
547
548
551
552
554
555
558
561
562
563
564
565
566
567
568
569
571
573
575
576
577
578
580
583
586
587
588
589
590
591
592
593
594
595
597
599
600
601
602
603
604
607
609
612
613
614
615
618
619
620
621
622
623
624
625
628
629
630
631
634
635
638
639
642
643
644
645
646
647
650
651
652
653
656
657
658
659
660
663
664
667
668
669
670
671
672
674
675
676
679
680
681
682
685
686
687
688
689
692
693
694
697
698
699
700
701
703
704
707
708
709
712
713
714
717
718
719
722
723
726
727
730
731
732
734
736
737
739
742
743
744
745
746
749
750
751
754
755
756
758
759
760
761
762
763
764
767
768
769
770
773
774
777
778
781
782
785
786
787
790
791
792
795
796
797
798
799
800
801
802
805
806
807
808
809
810
811
812
815
816
817
818
819
820
821
822
825
826
827
828
829
830
833
834
835
836
837
838
841
842
843
844
847
848
849
850
853
854
855
856
859
860
861
864
865
868
869
872
873
874
875
876
877
878
879
882
883
884
885
886
887
888
889
892
893
894
895
896
897
898
901
902
903
904
905
906
907