1
2
3
4
5
6
7
8
9
10
11
12
13
14
15
16
17
18
19
20
21
22
23
24
25
26
27
28
29
30
31
33
34
35
36
37
38
40
41
42
43
44
45
46
47
48
49
50
51
52
54
55
56
57
58
60
61
62
63
64
68
69
70
72
74
75
77
78
81
82
83
84
85
89
90
93
94
97
98
99
100
101
102
105
106
109
110
113
114
117
118
121
122
123
124
125
126
127
128
129
131
132
133
134
135
137
138
139
142
143
144
145
147
148
149
150
151
152
153
154
157
158
159
160
161
162
163
166
167
168
169
170
171
172
173
175
178
179
180
181
182
183
184
187
188
189
190
191
192
193
194
195
196
197
198
201
202
203
204
205
206
207
209
210
211
213
214
215
219
220
222
225
226
227
228
229
232
233
236
239
240
241
242
245
246
249
252
253
254
255
256
258
259
262
265
266
267
268
269
270
271
272
275
276
277
278
279
280
281
282
285
286
287
288
289
290
293
295
296
297
299
301
303
305
307
310
311
312
313
314
315
316
318
319
320
323
324
325
326
327
328
329
330
331
335
338
339
340
341
342
343
347
348
349
353
354
355
358
359
362
363
366
367
368
371
372
373
374
375
376
377
378
381
382
383
384
385
386
387
388
390
392
393
395
398
399
400
401
402
403
405
406
410
411
414
415
418
419
422
423
426
427
428
431
432
433
434
435
438
439
440
441
443
444
447
448
449
451
453
455