1
2
3
4
5
6
7
8
9
10
11
12
13
14
15
16
17
18
19
20
21
22
23
24
25
26
27
28
29
31
33
34
35
36
37
39
40
41
42
43
44
45
46
47
48
49
50
51
53
54
55
57
58
60
61
63
64
66
68
69
71
72
74
75
77
78
80
81
84
85
86
87
90
91
93
95
96
97
98
99
100
101
102
103
104
105
106
107
110
111
114
115
118
119
122
123
125
126
127
130
131
132
133
134
135
136
137
138
139
140
143
144
145
146
147
148
149
150
151
152
156
159
160
161
162
163
164
165
166
167
170
171
172
173
174
175
176
177
178
179
182
183
184
185
186
187
188
190
191
192
193
195
196
197
198
199
200
201
202
203
206
207
210
211
214
215
216
217
218
219
220
222
223
224
225
226
227
228
231
232
235
236
238
239
240
241
242
248
249
250
251
252
253
254
255
256
257
258
260
262
265
268
269
272
273
276
277
280
281
284
285
288
289
292
293
296
297
300
301
302
303
305
306
307
308
310
314
315
316
317