1
2
3
4
5
6
7
8
9
10
11
12
13
14
15
16
17
18
19
20
21
22
23
24
25
26
27
28
29
30
31
32
33
34
35
36
38
39
40
41
42
43
44
45
46
47
48
49
50
51
52
53
54
55
56
57
58
59
60
61
62
63
64
65
66
67
68
69
70
71
72
73
74
75
76
77
78
79
80
81
82
83
84
85
86
87
88
89
90
91
92
93
94
95
96
97
98
99
100
101
102
103
104
105
107
108
109
110
111
112
114
115
117
118
120
122
123
125
126
127
130
131
134
135
138
139
142
143
146
147
150
151
154
155
156
157
159
162
163
164
165
166
167
168
169
170
171
172
173
174
175
176
177
178
179
180
181
184
185
188
189
190
191
192
193
194
195
196
197
198
199
200
201
202
203
204
205
206
207
208
209
210
211
212
213
214
215
216
217
220
221
224
225
227
228
229
230
231
232
233
234
235
236
237
238
239
240
241
242
243
244
246
247
248
249
250
251
253
254
255
258
259
262
263
264
265
266
267
268
269
271
274
275
276
279
280
283
284
286
289
290
292
295
296
298
300
301
302
305
306
308
311
312
313
314
316
317
318
319
321
323
327
328
331
332
335
336
337
338
341
342
344
347
348
351
352
353
354
357
358
360
363
364
365
366
367
370
373
374
375
376
377
378
379
380
381
383
386
387
388
389
390
391
392
393
394
396
399
400
401
402
403
404
405
406
410
411
412
414
417
418
419
420
421
423
425
426
427
428
429
430
432
435
438
439
440
441
442
443
444
445
449
452
453
454
455
456
457
458
459
460
462
463
464
465
466
467
468
469
470
472
475
476
477
481
482
483
487
488
489
490
491
492
493
494
498
499
500
502
503
504
505
506
507
508
509
510
511
512
513
514
515
516
517
518
519
520
521
522
524
527
528
529
530
531
532
533
534
535
536
537
538
539
542
543
546
547
548
549
550
551
552
554
555
557
558
559
560
561
562
564
565
566
567
568
570
572
573
574
575
576
577
578
579
580
581
582
583
584
585
586
587
588
589
590
591
592
593
594
595
596
597
598
599
601
604
605
606
607
608
609
610
611
613
614
616
617
623
624
625
626
627
628
629
630
631
632
634
637
640
641
643
644
645
647
649
650
651
652
653
654
655
656
657
659
660
661
663
664
665
666
668
669
671
674
677
678
680
681
684
687
688
689
691
693
695
696
697
700
703
704
706
709
710
712
715
716
717
718
719
721
724
725
726
729
730
731
732
735
736
739
742
743
745
747
748
749
751
754
757
758
759
761
764
765
766
767
768
769
771
774
775
776
777
778
781
782
783
784
785
788
789
792
793
796
797
798
799
800
803
804
805
806
807
808
811
812
813
814
815
816
819
820
821
822
823
824
827
828
831
832
833
835
836
839
840
841
843
844
846
847
848
849
852
855
856
858
859
860
861
862
863
864
867
870
871
872
873
875
876
879
881
884
887
888
890
891
892
895
896
897
900
901
903
904
907
910
911
912
914
915
916
917
919
922
925
926
928
931
932
935
936
937
939
942
943
946
947
948
949
951
952
953