1
2
3
4
5
6
7
8
9
10
11
12
13
14
15
16
17
18
19
20
21
22
23
24
25
26
27
28
29
30
31
32
33
34
35
36
37
39
40
41
42
43
44
45
46
47
48
49
50
51
52
53
55
56
57
58
60
61
62
64
65
66
69
70
71
72
73
74
75
79
80
81
84
85
86
90
91
92
93
94
97
98
99
100
102
103
105
106
107
108
110
113
114
115
117
119
121
122
123
125
129
130
131
132
133
134
138
140
142
144
145
146
148
150
151
153
155
158
159
160
161
162
163
164
165
166
167
168
169
170
171
172
173
174
175
176
177
179
180
181
182
183
184
187
188
189
190
191
193
197
198
199
201
204
205
208
209
210
211
214
217
218
219
221
222
223
224
225
227
231
232
233
234
236
238
239
242
243
245
246
248
249
250
253
256
257
258
259
262
263
264
265
266
267
268
269
271
274
275
276
279
280
281
284
285
286
287
288
290
291
292
293
295
298
299
301
302
303
304
306
307
308
309
312
313
314
315
317
318
319
320
324
325
326
329
330
331
333
334
337
338
339
340
342
343
344
346
347
348
349
351
354
357
358
359
360
361
362
363
364
365
366
369
370
371
372
373
374
375
378
379
380
382
383
384
386
387
390
391
393
394
395
396
397
399
400
401
403
404
406
407
408
409
411
412
414
415
416
417
418
420
425
428
429
430
431
432
433
434
435
437
438
440
441
444
445
447
448
449
451
452
453
454
456
458
459
460
462
463
464
466
467
468
469
470
471
472
476
477
479
480
482
483
488
491
492
494
496
499
500
502
504
507
508
509
510
511
512
513
515
516
517
521