1
2
3
4
5
6
7
8
9
10
11
12
13
14
15
16
17
18
19
20
21
22
23
24
25
26
27
28
29
30
31
32
33
34
35
36
38
39
41
42
43
44
45
46
47
48
49
50
51
52
53
54
55
56
57
58
59
60
61
62
63
65
66
67
68
69
70
71
73
74
75
76
77
78
79
81
82
84
85
88
89
92
93
96
97
100
101
104
105
108
109
112
113
114
115
116
118
121
123
124
125
126
127
128
129
133
135
136
137
139
140
142
145
146
147
148
152
153
154
155
156
159
160
161
162
163
166
167
168
171
172
173
174
175
178
179
180
181
184
185
188
189
190
193
194
197
198
201
202
205
206
207
208
209
210
211
212
214
215
218
219
220
221
222
224
225
227
228
229
231
234
235
236
237
238
239
241
242
243
244
245
249
250
251
252
253
254
256
257
258
260
261
264
265
266
267
268
270
272
273
275
276
277
278
279
280
281
282
283
284
287
290
291
292
293
294
298
299
302
303
304
305
307
308
309
311
312
314
317
318
319
320
321
322
323
324
325
326
327
328
330
332
333
334
335
336
337
338
339
340
341
342
343
344
345
346
347
348
349
350
351
352
353
354
355
357
362
363
364
365
366
368
370
371
374
375
377
379
382
383
384
385
386
387
388
389
390
391
392
394
397
398
399
400
401
402
403
404
405
406
407
408
409
410
411
412
413
414
415
416
417
418
422
423
424
425
426
427
428
430
433
434
435
436
437
438
440
441
442
444
445
447
448
449
450
451
452
453
454
455
456
459
460
461
462
463
464
465
468
469
470
471
472
473
474
475
476
477
478
479
480
481
482
483
484
485
486
489
491
493
496
497
498
500
501
503
506
507
508
511
512
513
514
515
517
518
519
520
523
525
527
529
530
531
533
534
535
538
540
543
544
545
546
547
548
549
550
551
552
553
557
558
559
561
562
564
566
567
568
571
572
573
574
575
576
577
578
579
582
584
586
589
590
591
592
593
594
595
597
598
599
601
605
606
607
608
610
611
612
613
614
615
616
617
619
620
621
622
623
624
625
627
628
630
631
632
634
635
636
637
638
639
640
641
642
643
644
645
647
648
649
650
652
653
654
655
656
658
659
660
661
663
664
665
666
667
668
669
672
673
674
675
677
678
679
683
684
685
686
687
690
692
695
696
697
698
701
702
703
704
705
707
710
711
712
713
714
715
716
717
718
720
723
724
727
728
729
730
731
732
733
736
738
739
740
741
742
743
744
745
748
749
750
751
752
753
754
755
756
757
758
759
760
761
763
764
766
767
768
769
770
771
772
773
774
775
776
777
779
780
782
783
784
785
787
788
789
790
791
792
795
796
797
798
802
803
804
806
807
808
809
810
812
813
814
815
816
817
820
821
824
825
828
829
830
831
832
833
834
835
837
839
840
841
842
843
844
845
846
847
848
849
850
851
852
853
854
855
856
857
858
859
860
861
862
864
869
870
871
872
873
874
875
876
878
879
882
883
884
885
888
889
890
891
892
893
894
895
896
897
898
899
900
901
902
903
904
906
907
909
910
911
912
913
914
915
916
919
920
921
922
923
925
926
927
928
929
930
932
933
936
937
938
939
940
941
942
943
944
945
946
947
948
949
950
951
952
953
954
955
956
957
958
959
960
961
962
963
965
967
968
972
973
974
975
976
977
979
981
982
983
984
985
986
987
988
989
990
993
995
996
997
1000
1001
1002
1003
1004
1007
1008
1009
1010
1011
1012
1013
1016
1018
1019
1022
1023
1024
1025
1026
1027
1029
1031
1033
1034
1035
1038
1039
1040
1041
1042
1043
1045
1046
1047
1048
1049
1050
1051
1054
1055
1056
1059
1060
1061
1062
1063
1064
1066
1068
1069
1070
1072
1075
1076
1077
1078
1079
1080
1081
1082
1083
1084
1085
1086
1087
1088
1090
1091
1092
1093
1094
1096
1097
1098
1100
1101
1102
1103
1104
1105
1106
1107
1108
1109
1112
1113
1114
1116
1119
1120
1121
1122
1123
1124
1125
1126
1127
1128
1129
1130
1132
1136
1137
1138
1139
1142
1143
1144
1145