1
3
4
5
6
7
8
9
10
11
12
13
14
15
16
17
18
19
20
21
22
23
24
25
26
27
28
29
30
31
32
33
34
35
36
37
38
39
40
41
42
43
44
46
47
48
49
50
51
52
53
54
55
56
58
59
60
61
62
63
64
65
66
67
68
69
70
71
72
73
74
75
79
80
81
82
84
86
88
90
92
95
96
98
99
102
103
104
105
107
108
110
111
114
115
118
119
122
123
124
126
127
129
130
131
132
133
134
137
139
140
141
142
143
146
147
148
149
150
151
154
157
158
159
160
162
163
166
167
168
171
173
175
176
179
180
181
183
184
186
187
189
190
192
195
196
197
198
199
200
203
207
208
209
211
214
215
216
217
219
220
223
224
225
228
229
230
231
232
235
236
237
238
239
240
242
243
246
249
250
251
252
253
254
255
256
257
259
260
263
266
267
268
269
270
272
273
276
277
278
280
283
284
285
286
287
289
290
293
294
295
297
300
301
303
304
306
307
309
310
313
314
317
318
321
322
325
326
327
329
330
333
334
335
337
340
341
342
344
347
348
349
351
353
356
357
358
360
362
365
366
369
370
371
374
375
376
378
379
383
386
387
388
390
392
394
397
398
399
401
403
405
408
409
410
412
414
416
419
420
421
423
425
427
430
431
432
433
434
435
437
438
439
440
443
444
445
446
447
448
449
451
452
453
454
460
461
462
463
464
466
468
471
474
475
478
479
480
483
485
486
487
488
489
492
495
496
498
499
501
502
503
505
506
507
511
512
513
514
515
518
521
522
524
525
527
530
531
533
536
537
539
542
543
545
548
549
551
554
555
556
557
558
561
562
564
567
568
569
570
571
574
575
578
579
580
581
583
586
589
590
593
594
597
598
599
600
601
604
605
606
607
609
610
612
615
616
618
619
620
621
625
626
627
629
632
633
634
635
636
637
638
642
643
646
647
650
651
652
653
655
656
657
658
662
665
666
669
670
673
674
677
678
681
682
685
686
689
691
692
695
696
699
700
703
704
707
708
711
713
714
715
716
719
720
721
722
723
726
727
728
729
730
731
734
735
736
738
740
741
743
746
747
749
751
753
756
757
758
760
762
765
766
767
770
771
772
775
776
777
778
780
781
784
785
788
789
792
793
794
795
796
800
801
804
805
808
809
812
813
816
817
818
821
822
823
824
827
828
831
832
835
836
837
838
840
843
844
845
846
848
851
852
853
854
856
859
860
861
862
864
867
868
869
870
872
875
876
877
878
880
883
884
885
888
889
890
893
894
895
898
899
900
901
902
903