1
2
3
4
5
6
7
8
9
10
11
12
13
14
15
16
17
18
19
20
21
22
23
24
25
26
27
29
31
32
33
34
35
36
37
39
40
41
42
43
44
45
46
48
49
50
51
54
55
56
57
58
59
60
61
62
63
64
65
67
68
69
71
72
75
76
78
79
82
83
85
87
90
91
93
94
97
98
100
102
105
106
108
109
112
113
115
117
120
121
123
124
127
128
130
132
135
136
138
139
142
143
145
147
150
151
153
154
157
158
160
162
165
166
168
169
172
173
175
177
180
181
183
184
187
188
190
192
195
196
198
199
202
203
205
207
210
211
213
214
217
218
220
222
225
226
227
230
231
234
235
237
239
240
243
246
247
249
250
252
253
256
257
258
259
260
261
262
266
267
269
271
272
275
278
279
281
282
284
285
288
289
290
291
292
293
294
298
299
301
303
304
307
310
311
313
314
316
317
320
321
322
323
324
325
326
330
331
333
335
336
339
342
343
345
346
348
349
352
353
354
355
356
357
358
362
363
365
367
368
371
374
375
377
378
380
381
384
385
386
387
388
389
390
394
395
396
397
398
399
401
404
408
409
410
413
414
415
418
422
423
424
427
428
429
432
436
437
438
441
442
443
446
450
451
452
455
456
457
460
464
465
466
469
470
471
474
478
479
480
483
484
485
488
492
493
494
497
498
499
502
506
507
508
511
512
513
516