1
2
3
4
5
6
7
8
9
10
11
12
13
14
15
16
17
18
19
20
21
22
23
24
25
26
27
28
29
30
31
32
33
34
35
36
38
39
40
41
42
43
44
45
46
47
48
49
50
51
52
53
55
56
57
58
59
60
61
62
63
64
65
66
67
68
69
70
71
72
73
74
75
76
77
78
80
82
83
84
85
87
88
89
90
91
92
93
94
95
96
97
98
99
100
101
102
103
104
105
106
110
111
112
113
114
115
116
117
118
119
120
122
123
125
126
127
129
131
132
133
134
135
136
137
138
139
140
141
142
143
145
146
147
148
150
151
153
154
158
159
160
161
162
163
164
168
169
170
171
173
174
176
177
178
180
182
183
187
188
189
190
192
193
195
196
197
199
200
201
203
204
208
209
210
211
213
214
216
217
218
220
221
222
224
225
229
230
231
232
234
235
237
238
239
241
242
243
244
246
247
251
252
253
254
255
256
257
258
259
260
263
264
265
266
268
269
272
273
274
275
277
278
281
282
283
286
287
288
289
290
291
292
293
294
295
296
297
298
299
300
301
302
303
305
308
312
313
314
315
316
318
322
323
324
325
328
329
330
331
332
333
334
339
340
341
342
343
344
345
346
348
349
350
351
352
353
355
356
357
358
359
360
362
364
367
368
372
373
374
375
377
378
379
380
381
382
387
388
389
390
391
392
393
394
395
396
397
399
400
401
402
403
404
406
407
410
411
412
413
414
415
417
418
419
420
421
422
424
425
427
430
431
435
436
437
438
439
441
442
443
444
445
446
449
450
451
455
457
458
459
460
461
462
463
465
467
468
470
471
472
474
475
476
477
478
479
481
483
484
485
486
487
488
489
490
491
492
493
495
498
499
500
501
502
503
504
505
506
507
508
510
513
514
517
518
521
522
524
525
528
529
530
531
532
533
534
538
539
540
543
544
545
546
547
548
549
550
551
552
555
556
557
558
559
562
563
566
567
568
569
570
571
572
573
574
575
576
578
579
580
581
582
583
584
585
586
588
589
590
592
593
594
596
597
598
599
600
601
602
603
604
605
606
608
609
610
611
612
613
614
615
616
620
621
622
623
624
625
626
627
630
631
632
633
634
635
636
637
638
639
640
641
642
643
644
645
648
649
650
651
653
654
655
656
657
658
659
660
661
662
663
664
667
668
669
670
672
675
676
677
678
679
682
683
684
685
686
687
688
690
691
692
693
694
695
696
699
700
702
703
704
705
707
709
710
711
712
714
716
717
718
719
720
722
723
724
725
727
729
730
731
732
736
737
738
739
740
742
744
745
748
749
750
751
752
753
755
756
757
759
760
761
762
763
764
765
766
767
768
769
770
771
773
774
775
778
779
780
781
782
783
784
785
786
788
789
796
797
798
799
800
801
802
803
804
805
806
807
808
809
814
815
816
818
819
820
823
824
825
826
827
828
830
834
835
836
837
838
839
840
841
844
845
846
847
848
849
850
851
853
854
855
856
857
859
860
861
862
863
865
866
867
868
873
874
877
878
879
880
881
883
884
885
887
888
889
890
892
893
897
898
899
900
901
903
907
908
911
912
913
914
917
918
919
920
922
925
926
927
928
930
933
934
935
936
937
938
940
943
944
945
946
947
948
949
951
953
955
956
958
961
962
963
966
967
968
971
972
973
976
977
978
980
981
983
984
986
987
988
989
990
994
995
999
1000
1001
1002
1005
1006
1007
1010
1011
1012
1015
1016
1017
1020
1021
1024
1025
1026
1029
1030
1031
1034
1035
1036
1039
1040
1041
1044
1045
1046
1049
1050
1051
1054
1055
1056
1059
1060
1061
1064
1065
1066
1069
1070
1071
1074
1075
1076
1077
1078
1080
1083
1084
1085
1088
1089
1090
1093
1094
1095
1098
1099
1100
1103
1104
1105
1108
1109
1110
1111
1112
1113
1114
1115
1116
1117
1119
1120
1122
1125
1126
1127
1128
1129
1131
1134
1135
1136
1137
1138
1139
1142
1143
1144
1147
1148
1149
1150
1153
1154
1155
1158
1159
1160
1161
1162
1164
1167
1168
1169
1172
1173
1174
1175
1176
1178
1181
1182
1183
1186
1187
1188
1189
1190
1192
1195
1196
1197
1198
1199
1201
1204
1205
1206
1209
1210
1211
1214
1215
1216
1219
1220
1221
1224
1225
1226
1229
1230
1231
1234
1235
1236
1237
1238
1239
1240
1241
1244
1247
1248
1249
1252
1253
1254
1255
1256
1258
1261
1262
1263
1264
1266
1267
1268
1270
1271
1273
1276
1277
1278
1281
1282
1283
1286
1287
1288
1289
1290
1291
1294
1297
1298
1299
1302
1303
1304
1307
1308
1309
1310
1311
1314
1315
1316
1317
1318
1321
1322
1323
1324
1326
1328
1330
1331
1334
1335
1336
1337
1338
1339
1340
1344
1345
1346
1348
1349
1350
1351
1352
1353
1354
1355
1356
1358
1360
1363
1364
1365
1366
1367
1370
1371
1372
1375
1376
1377
1378
1379
1380
1381
1382
1383
1384
1387
1388
1389
1390
1391
1392
1393
1394
1397
1398
1399
1402
1405
1406
1407
1410
1411
1412
1413
1415
1418
1419
1420
1421
1422
1423
1424
1425
1429
1430
1431
1432
1433
1434
1435
1436
1440
1441
1442
1443
1444
1445
1447
1450
1451
1452
1455
1456
1457
1458
1459
1460
1461
1462
1463
1464
1465
1466
1468
1469
1470
1471
1472
1473
1475
1477
1478
1479
1485
1486
1487
1490
1491
1492
1495
1496
1497
1498
1500
1503
1504
1505
1506
1507
1508
1509
1510
1514
1515
1516
1517
1518
1519
1520
1521
1525
1526
1529
1530
1531
1534
1535
1536
1539
1540
1541
1542
1545
1546
1549
1550
1551
1552
1555
1556
1558
1559
1561
1562
1563
1565
1566
1569
1570
1571
1574
1577
1578
1581
1582
1583
1584
1586