1
2
3
4
5
6
7
8
9
10
11
12
13
14
15
16
17
18
19
20
21
22
23
24
25
26
27
28
29
30
31
32
33
35
37
38
39
40
41
42
43
44
45
46
47
48
49
50
51
52
53
54
55
57
58
59
60
61
63
64
65
66
67
68
69
72
73
74
75
76
77
78
79
81
84
85
86
89
90
91
93
94
95
98
101
104
105
108
109
111
112
116
117
118
119
121
122
123
126
129
130
132
134
136
137
138
142
145
146
148
150
151
152
156
159
161
162
163
164
165
166
167
168
169
170
172
173
174
175
176
177
181
183
184
187
188
190
191
192
193
194
195
196
197
200
201
202
203
204
206
209
211
212
214
215
216
217
219
220
221
222
223
224
225
226
227
228
231
232
233
236
237
238
241
242
243
244
245
248
249
250
253
254
255
260
261
262
263
266
269
270
271
272
273
274
275
277
279
281
282
285
287
290
291
292
294
296
297
300
301
304
307
308
310
312
313
314
317
320
321
322
325
326
327
329
330
331
335
338
339
341
343
345
348
349
352
353
355
357
360
361
362
363
364
367
368
369
370
371
373
374
375
376
378
381
382
383
384
385
387
388
389
390
392
395
396
397
400
401
402
404
406
408
410
411
412
415
416
419
421
424
425
426
429
430
431
434
435
436
437
440
443
444
445
447
449
450
453
456
457
458
459
462
464
466
467
468
469
472
475
476
477
478
481
483
485
486
487
488
491
492
495
496
497
498
499
500
501
503
504
505
506
509
510
511
512
513
514
515
516
517
518
520
522
525
528
529
530
532
533
535
536
537
538
542
543
545
546
547
548
551
553
554
555
556
558
559
560
561
562
563
565
567
570
571
572
573
576
577
578
580
582
586
587
588
589
590
592
593
595