1
2
3
4
5
6
7
8
9
10
11
12
13
14
15
16
17
18
19
20
21
22
23
24
25
26
27
28
29
30
31
32
33
34
35
36
37
38
39
41
42
43
44
45
46
47
48
49
50
51
52
53
54
55
56
57
58
59
60
61
62
63
65
66
67
68
69
70
71
72
73
74
75
76
77
78
79
80
81
82
83
84
85
86
87
88
89
90
91
92
93
95
96
97
98
99
100
101
131
132
144
146
148
149
150
151
152
153
154
157
159
161
162
164
167
168
169
173
174
177
178
179
180
181
182
183
185
186
187
190
192
193
195
198
199
200
201
202
205
206
207
208
209
211
214
215
216
218
220
222
223
224
225
226
227
230
231
232
233
236
237
240
241
242
243
246
247
248
249
250
251
252
255
256
257
258
259
261
262
263
267
268
269
270
271
274
275
276
277
278
280
281
282
283
284
287
288
290
291
293
294
295
296
298
299
300
301
302
303
304
306
307
310
311
312
313
314
315
318
319
320
321
322
326
327
330
331
333
334
337
338
340
341
344
345
346
347
348
349
351
354
355
356
357
358
360
363
364
368
369
370
373
374
377
378
381
382
383
386
387
388
389
390
391
392
393
394
395
396
397
400
403
404
405
406
407
408
410
411
412
416
417
418
419
420
421
422
423
424
427
430
431
432
434
435
438
439
442
443
445
446
448
450
451
454
455
456
457
459
461
462
463
464
465
466
471
472
475
477
478
481
482
483
484
485
487
490
493
494
497
498
499
502
503
505
506
507
508
509
510
511
512
513
515
516
517
522
525
526
529
530
531
532
536
537
538
542
543
545
546
547
549
552
553
556
557
558
559
560
561
562
564
568
569
570
571
573
574
575
576
578
579
580
581
582
583
585
586
587
588
589
590
591
593
596
597
598
599
600
601
602
603
605
608
609
610
611
612
613
615
616
618
621
622
623
624
625
626
629
630
631
632
633
634
635
639
640
641
642
643
644
645
647
648
649
650
651
652
653
656
657
660
661
662
663
664
665
666
668
669
670
671
675
676
677
678
679
680
683
684
685
686
687
688
691
692
693
694
695
696
697
699
700
701
705
706
709
710
711
712
713
714
715
716
717
718
719
723
724
725
726
727
728
729
730
731
732
733
734
735
736
737
738
739
740
743
744
747
748
749
750
751
752
755
756
759
760
763
764
765
768
769
770
771
772
773
775
776
777
778
779
780
781
782
784
785
786
789
793
796
797
798
799
800
801
804
805
806
807
808
809
812
813
816
817
818
819
820
821
822
825
826
827
828
829
830
831
834
835
836
837
838
840
843
844
845
846
847
848
851
853
854
855
856
857
858
862
863
864
868
869
870
871
872
873
876
877
878
879
880
881
883
884
885
886
890
893
894
895
896
897
898
900
901
902
903
907
910
911
912
913
914
915
916
917
921
924
925
926
927
928
929
930
931
935
938
939
940
941
942
943
946
947
948
949
950
954
955
956
957
958
959
960
961
962
963
967
968
969
970
971
972
976
977
978
982
983
984
985
986
987
990
991
992
993
994
995
996
998
999
1000
1004
1007
1008
1009
1010
1011
1012
1016
1019
1020
1022
1023
1024
1028
1031
1032
1033
1035
1037
1039
1040
1041
1042
1043
1044
1045
1048
1049
1051
1053
1054
1055
1058
1059
1060
1061
1062
1065
1066
1067
1071
1072
1073
1074
1075
1076
1078
1079
1080
1081
1082
1085
1086
1087
1088
1092
1093
1096
1097
1098
1099
1100
1101
1103
1104
1106
1107
1110
1111
1112
1113
1114
1115
1116
1118
1119
1120
1121
1126
1129
1130
1131
1132
1133
1134
1136
1137
1138
1139
1140
1141
1146
1149
1150
1151
1152
1153
1154
1157
1158
1159
1160
1161
1162
1163
1164
1165
1168
1169
1170
1171
1172
1173
1175
1176
1177
1180
1183
1184
1185
1186
1187
1188
1190
1191
1192
1196
1199
1200
1201
1202
1203
1204
1206
1207
1208
1209
1210
1211
1212
1213
1214
1216
1220
1223
1224
1225
1226
1227
1228
1231
1232
1233
1234
1235
1236
1239
1240
1241
1242
1243
1244
1246
1248
1250
1251
1252
1253
1257
1259
1260
1261
1262
1265
1268
1269
1270
1271
1272
1273
1274
1275
1277
1280
1281
1284
1285
1288
1289
1290
1294
1295
1296
1297
1298
1299
1300
1301
1302
1303
1304
1305
1306
1310
1311
1314
1317
1318
1319
1320
1321
1322
1323
1325
1326
1329
1330
1333
1335
1336
1339
1340
1343
1344
1347
1348
1351
1352
1355
1356
1357
1360
1361
1362
1365
1366
1367
1368
1369
1373
1374
1377
1378
1379
1380
1383
1384
1387
1388
1391
1392
1395
1396
1399
1400
1403
1404
1407
1408
1410
1411
1414
1415
1418
1419
1422
1423
1426
1427
1430
1431
1435
1436
1438
1439
1442
1443
1446
1447
1450
1451
1454
1455
1458
1459
1463
1464
1465
1466
1467
1469
1470
1471
1472
1475
1476
1477
1478
1479
1480
1482
1483
1485
1488
1489
1490
1491
1492
1494
1497
1498
1499
1500
1501
1504
1505
1506
1508
1512
1513
1514
1515
1518
1519
1520
1522
1523
1524
1526
1527
1528
1532
1533
1534
1536
1537
1539
1540
1544
1545
1546
1548
1549
1550
1551
1553
1554
1555
1556
1557
1558
1562
1563
1564
1566
1567
1569
1570
1571
1572
1573
1577
1578
1579
1581
1582
1583
1584
1585
1587
1588
1589
1593
1594
1595
1597
1598
1599
1600
1601
1603
1604
1605
1606
1610
1611
1612
1614
1615
1616
1619
1620
1622
1623
1625
1626
1629
1630
1631
1633
1634
1636
1637