1
3
4
5
6
7
8
9
10
11
12
13
14
16
17
18
19
20
22
23
24
26
27
28
30
32
33
34
38
39
40
41
42
43
46
47
50
51
54
55
58
59
62
63
66
67
68
69
70
73
74
75
76
78
79
80
81
82
84
85
86
88
91
92
93
94
95
96
99
100
101
102
103
104
107
108
109
110
111
114
115
116
119
120
121
122
123
124
127
128
129
130
131
134
135
136
137
140
141
142
143
144
145
146
147
148
151
152
153
154
155
158
159
160
161
162
165
166
167
169
171
172
173
175
176
178
179
180
181
182
185
186
187
188
189
190
191
194
195
197
198
199
202
203
204
207
208
209
212
213
214
217
218
219
222
223
224
227
228
229
232
233
234
237
238
239
242
243
244
247
248
249
252
253
254
255
258
259
260
261
263
264
266
268
269
270
271
272
275
276
277
279
280
282
285
286
287
288
289
291
292
294
295
297
300
301
302
303
306
307
308
309
310
311
313
314
317
318
319
320
323
324
325
326
327
328
329
330
333
334
335
336
337
338
339
342
343
344
345
348
349
350
351
354
355
356
357
360
361
362
363
366
367
368
369
370
373
374
375
376
377
380
381
382
384
387
388
389
390
391
393
394
395
397
398
399
400
401
402
403
407
408
409
410
411
414
415
416
417
418
421
422
423
424
425
426
429
430
431
432
433
434
437
438
439
440
443
444
445
446
447
448
451
452
453
454
457
459
460
461
462
463
464
468
469
470
471
472
473
474
478
479
480