1
2
3
4
5
6
7
8
9
10
11
12
13
14
15
16
17
18
19
20
21
22
23
24
25
26
27
29
31
32
33
34
35
36
37
38
39
41
42
43
44
45
46
47
48
50
51
52
53
54
55
56
58
59
61
62
65
66
69
70
71
74
75
78
79
82
83
86
87
90
91
94
95
98
99
102
103
106
107
110
111
114
115
117
118
121
122
125
127
128
129
130
131
136
137
139
140
141
142
143
144
148
151
152
154
156
157
158
159
162
163
166
167
168
172
173
174
177
178
180
183
184
185
188
189
191
192
193
194
195
196
197
198
200
203
204
205
207
208
209
210
213
214
217
219
220
221
222
225
226
228
229
232
233
234
235
238
241
242
243
244
245
246
247
248
249
254
255
256
257
258
259
260
263
264
267
268
269
270
272
273
274
276
277
278
279
281
282
283
287
288
290
292
294
295
298
300
303
304
305
308
311
312
314
315
316
317
321
323
324
326
327
328
329
330
331
334
337
340
341
342
343
344
345
346
347
350
351
352
353
354
355
356
359
360
361
362
365
366
367
368
369
370
373
374
375
378
379
380
381
384
385
386
389
390
393
394
395
398
399
400
403
404
405
408
409
410
413
414
415
418
419
420
423
424
427
428
431
432
435
436
437
438
441
442
443
444
445
446
447
448
449
450
451
454
455
456
457
458
459
460
462
463
466
467
468
469
472
473
476
477
479
480
481
482
483
484
487
490
491
494
495
497
499
501
503
504
505
506
509
510
512
514
516
517
519
522
523
524
525
526
527
528
531
532
533
534
535
536
537
538
542
545
547
548
549
550
551
554
556
557
559
560
563
564
565
566
568
569
572
573
574
575
578
579
580
583
584
585
588
589
590
591
592
593
594
595
598
599
600
601
602
603
605
606
608
611
612
613
615
618
620
621
624
626
627
628
629
631
632
634
636
639
640
641
643
644
645
646
648
649
651
652
655
656
657
660
661
662
663
664
665
666
669
670
671
672
673
674
677
678
679
680
681
682
683
685
688
689
690
691
692
693
698
699
700
702
703
704
706
708
709
710
711
712
715
716
717
718
719
722
723
724
725
726
727
728
731
732
733
734
735
736
737
738
741
742
743
744
745
746
747
748
751
752
753
754
755
756
757
758
761
762
765
766
768
770
772
774
776
779
780
781
784
785
786
789
790
791
792
793
794
795
796
797
800
801
802
805
806
807
808
809
810
811
812
813
816
817
818
821
822
823
826
827
828
829
830
831
832
834
837
840
841
842
843
844
847
848
849
850
851
854
855
856
859
860
861
864
865
866
867
868
869
870
871
872
873
874
875
876
877
878
879
882
885
886
887
888
889
890
891
892
893
894
895
896
897
899
902
903
904
907
908
909
912
913
914
915
918
920
922
924
926
927
929
931
932
933
934
935
938
939
940
942
943
944
945
946
947
949
950
951
954
955
958
959
961
964
965
967
968
969
971
974
975
976
977
978
979
980
981
982
983
984
985
986
987
988
989
991
994
995
996
997
1000
1001
1002
1005
1006
1007
1009
1010
1011
1013
1014
1015
1016
1017
1018
1019
1020
1022
1023
1026
1027
1028
1029
1030
1031
1032
1035
1036
1037
1038
1039
1042
1043
1044
1047
1048
1049
1050
1051
1052
1053
1054
1055
1058
1059
1060
1061
1062
1064
1065
1068
1069
1070
1073
1074
1075
1078
1079
1081
1082
1084
1086
1089
1090
1091
1092
1095
1096
1097
1098
1099
1102
1104
1105
1106
1107
1110
1111
1112
1113
1114
1115
1116
1119
1120
1121
1122
1123
1124
1125
1126
1127
1128
1131
1132
1134
1135
1136
1137
1138
1140
1143
1144
1145
1148
1149
1150
1153
1154
1155
1156
1158
1160
1161
1162
1164
1167
1168
1169
1170
1173
1174
1175
1176
1179
1180
1181
1184
1185
1188
1189
1192
1193
1194
1195
1198
1199
1200
1201
1204
1205
1206
1207
1208
1209
1212
1213
1215
1218
1219
1220
1221
1222
1225
1226
1227
1228
1231
1233
1234
1237
1238
1240
1241
1243
1244
1246
1247
1248
1249
1250
1251
1252
1253
1254
1255
1257
1258
1259
1260
1261
1265
1266
1267
1269
1270
1271
1274
1275
1276
1277
1278
1279
1282
1283
1284
1285
1288
1289
1292
1293
1294
1297
1298
1299
1301
1304
1305
1306
1307
1308
1309
1311
1312
1315
1316
1317
1318
1319
1320
1321
1322
1323
1326
1327
1328
1331
1332
1333
1334
1337
1338
1339
1342
1343
1344
1345
1346
1348
1351
1352
1353
1354
1356
1359
1360
1363
1364
1365
1366
1367
1368
1371
1372
1374
1377
1378
1380
1381
1382
1383
1385
1386
1387
1388
1389
1392
1394
1397
1398
1399
1400
1401
1402
1403
1404
1405
1406
1407
1408
1409
1410
1411
1412
1413
1414
1418
1419
1420
1423
1424
1425
1427
1429
1431
1434
1435
1436
1439
1440
1441
1442
1445
1446
1447
1450
1451
1452
1455
1456
1457
1458
1461
1462
1463
1464
1465
1466
1467
1470
1471
1472
1473
1474
1475
1478
1479
1480
1483
1484
1485
1486
1489
1490
1491
1492
1493
1494
1495
1496
1497
1498
1499
1500
1501
1503
1506
1507
1508
1509
1510
1511
1512
1513
1514
1515
1517
1518
1522
1523
1525
1527
1529
1531
1533
1534
1537
1538
1539
1540
1541
1542
1545
1546
1547
1548
1549
1551
1554
1555
1556
1557
1558
1561
1562
1564
1565
1567
1569
1570
1571
1572
1575
1577
1579
1582
1583
1584
1587
1588
1589
1592
1593
1596
1597
1600
1601
1604
1605
1608
1609
1612
1613
1616
1617
1618
1619
1620
1621
1624
1625
1626
1629
1630
1632
1633
1634
1636
1637
1638
1639
1641
1642
1645
1648
1649
1652
1653
1654
1655
1657