1
2
3
4
5
6
7
8
9
10
11
12
13
14
15
16
17
18
19
20
21
22
23
24
25
26
27
28
29
30
31
32
33
35
36
37
38
39
41
42
43
44
45
46
47
48
49
50
51
52
53
54
55
56
57
58
60
61
62
63
64
65
66
67
68
70
71
72
73
74
76
77
80
81
82
83
84
85
86
88
91
92
93
97
98
99
100
103
104
105
106
109
110
111
112
113
114
115
116
117
118
119
120
121
122
123
124
125
126
127
128
129
130
131
132
133
134
135
136
137
138
139
140
141
142
143
144
145
146
147
148
149
150
151
152
153
154
155
156
157
158
159
160
161
162
163
165
168
170
171
172
173
174
175
176
177
178
179
180
181
182
183
184
185
186
187
188
189
190
191
192
195
196
197
199
203
204
207
208
209
210
212
215
216
217
218
220
223
224
225
227
228
229
230
231
233
234
236
239
240
241
242
243
244
245
246
248
249
250
251
252
254
255
256
257
258
259
262
265
266
268
269
270
271
272
273
276
279
281
283
286
287
289
291
292
293
294
297
301
302
304
306
307
309
311
314
315
316
317
318
319
321
322
323
324
327
328
329
330
331
332
333
334
337
338
339
340
341
342
343
345
347
348
350