1
2
3
4
5
6
7
8
9
10
11
12
13
14
15
16
17
18
19
20
21
22
23
24
25
26
27
28
29
30
32
33
34
35
36
37
38
39
40
41
42
43
44
47
48
49
51
52
53
55
56
57
59
60
62
63
65
66
68
70
71
72
73
74
76
77
78
80
82
83
84
85
86
87
88
89
90
91
92
94
97
98
100
101
102
103
106
107
110
111
112
115
116
117
120
121
122
125
126
127
128
131
132
133
136
137
138
141
142
143
146
147
148
151
152
153
156
157
161
162
163
164
167
168
169
172
173
174
177
178
179
182
183
184
187
188
189
192
193
194
197
198
199
202
203
204
205
206
208
209
210
211
213
214
215
216
218
219
220
222
227
228
229
230
233
234
235
238
239
240
243
244
245
248
249
250
253
254
255
258
259
260
263
264
265
268
269
270
271
272
274
275
276
277
279
280
281
282
284
285
286
288
293
294
295
296
299
300
301
304
305
306
309
310
311
314
315
316
319
320
321
324
325
326
329
330
331
335
336
337
340
341
342
345
346
347
350
351
352
355
356
357
360
361
362
365
366
367
368
369
370
371
373
374
377
378
380
381
384
386
387
390
391
392
394
395
398
399
401
402
405
407
408
411
412
413
414
415
417
418
419
420
421
424
427
428
429
432
433
434
437
438
439
440
443
444
445
448
449
450
451
454
455
456
459
460
461
464
465
466
467
468
470
473
474
475
478
479
480
481
482
483
484
486
487
490
491
493
494
497
500
501
502
505
506
507
510
511
512
515
516
517
520
521
522
525
526
527
528
531
532
533
534
535
536
538
541
542
543
544
545
548
549
550
553
554
555
558
559
560
563
567
568
569
571
573
575
577
579
580
581
582
585
588
589
590
591
594
595
596
597
598
599
600
601
602
603
606
608
610
611
612
614
615
616
617
620
624
625
626
627
629
630
631
632
634
638
639
640
641
644
645
646
647
648
649
650
651
652
655
656
657
660
661
662
665
666
667