1
3
4
5
6
7
8
9
10
11
12
13
14
15
16
17
18
19
20
21
22
23
24
25
26
27
28
29
31
33
34
35
36
37
38
39
40
41
42
43
44
46
47
48
49
50
51
52
53
54
55
56
57
58
59
60
63
64
65
66
67
68
69
70
71
72
73
75
78
79
80
81
82
83
84
85
86
87
89
92
93
94
95
96
97
98
99
100
103
104
105
106
109
110
113
114
117
118
121
122
125
126
129
130
133
134
137
138
141
142
145
146
149
150
155
156
157
158
163
164
165
166
167
168
169
172
173
174
175
176
177
178
179
180
181
182
183
184
186
188
189
190
192
195
197
200
201
202
203
204
205
208
209
210
211
212
214
216
219
220
223
224
227
228
231
232
235
236
239
240
243
244
247
248