1
3
4
5
6
7
8
9
10
11
12
13
14
15
16
17
18
19
20
21
22
23
24
25
26
27
28
29
30
31
32
33
34
35
36
37
38
39
40
42
43
45
46
48
50
53
54
56
58
61
62
65
66
67
68
69
70
73
74
77
78
79
80
83
84
85
87
88
89
92
95
96
98
99
100
102
103
107
110
111
112
113
114
115
116
117
118
119
120
121
122
123
124
125
126
127
128
129
130
131
132
133
134
135
136
137
138
139
140
141
142
143
144
145
146
147
148
149
150
151
152
153
154
155
156
157
158
159
160
161
162
163
164
165
166
167
168
169
170
171
172
173
174
175
176
177
178
179
180
181
182
183
184
185
186
187
188
189
190
191
192
193
194
195
196
197
198
199
200
201
202
203
204
205
206
210
211
214
215
218
219
222
223
226
227
230
231
234
235
238
239
242
243
246
247
250
251
254
255
258
259
262
263
266
267
270
271
274
275
278
279
282
283
286
287
290
291
294
295
298
299
302
303
306
307
310
311
314
315
318
319
322
323
326
327
330
331
334
335
338
339
342
343
347
348
351
352
355
356
359