1
2
3
4
5
6
7
8
9
10
11
12
13
14
15
16
17
18
19
20
21
22
23
24
25
26
27
28
29
30
31
33
34
35
36
37
38
39
40
41
42
43
44
45
47
48
49
50
51
52
53
55
56
57
58
59
60
61
62
64
65
68
69
70
71
72
73
74
75
76
77
78
79
80
81
82
83
84
85
87
90
91
92
94
97
98
99
100
101
102
103
104
105
108
109
110
112
113
115
118
119
120
121
122
123
124
125
128
131
132
133
136
137
140
141
142
145
146
149
150
153
154
157
158
159
161
162
163
164
165
166
167
168
171
174
175
178
179
180
181
183
184
185
190
191
194
195
196
198
201
202
205
206
209
210
211
212
213
217
219
220
221
223
224
226
229
230
231
233
234
238
239
240
241
242
243
244
245
246
247
249