1
2
3
4
5
6
7
8
9
10
11
12
13
14
15
16
17
18
19
20
21
22
23
24
25
26
27
28
29
30
31
32
33
34
35
36
38
39
40
42
43
44
45
46
47
48
49
50
51
52
53
55
56
57
58
59
61
62
63
64
65
67
68
71
72
73
76
79
80
81
83
84
87
88
91
92
93
96
97
101
102
104
105
106
108
109
110
111
112
114
115
117
118
119
120
122
123
124
125
127
128
129
131
132
134
135
136
137
138
139
140
141
142
143
145
146
147
149
150
152
153
154
155
158
159
160
161
162
163
164
165
167
169
170
171
173
175
177
178
179
181
183
184
185
186
187
189
190
191
193
194
196
197
198
200
201
202
203
204
206
207
208
209
211
212
214
215
216
219
220
221
222
223
224
225
226
228
229
232
234
235
236
237
238
239
240
243
244
245
248
249
250
251
252
254
255
256
257
261
262
263
266
267
268
271
272
273
277
278
279
282
283
284
287
288
290
294
295
296
299
300
304
305
306
309
310
314
315
316
319
320
324
325
326
329
330
334
335
336
339
340
343
344
345
349
351
352
353
356
357
358
362
363
364
365
368
369
370
373
376
377
381
382
383
384
387
388
389
391
395
396
397
400
401
404
405
406
410
411
412
415
416
419
420
421
422
423
424
425
426
427
428
432
433
434
435
438
439
442
443
444
445
446
449
453
454
455
456
459
460
463
464
465
466
467
470
474
475
476
479
480
481
482
483
484
486
489
490
491
493
494
498
499
500
503
504
507
508
509
513
514
515
518
519
520
523
527
528
529
532
533
534
536
537
539
540
541
543
544
545
548
549
552
553
554
557
561
562
563
566
567
568
569
570
574
575
576
579
580
581
582
583