1
2
3
4
5
6
7
8
9
10
11
12
13
14
15
16
17
18
19
20
21
22
23
24
25
26
27
28
30
31
32
34
35
36
37
38
39
40
41
42
44
45
46
47
49
50
51
53
55
58
59
60
61
64
65
66
67
69
71
74
75
76
77
79
80
82
85
86
87
89
90
91
93
94
96
97
98
99
103
104
105
109
110
111
114
115
116
117
119
120
121
122
123
126
127
128
132
133
136
140
141
142
143
145
146
147
148
149
151
154
155
156
157
158
160
165
168
169
170
171
172
174
176
177
178
179
180
181
183
186
187
190
193
194
195
196
198
199
200
201
205
208
209
210
211
213
214
215
216
220
223
224
225
226
228
229
230
231
232
235
236
238
241
242
243
244
246
248
249
250
251
253
257
260
261
262
263
264
266
267
268
269
270
271
274
278
281
282
283
284
286
287
288
291
292
293
297
298
299
300
302
305
306
307
309
310
311
312
313
315
318
319
322
325
326
327
328
330
331
332
333
334
335
337
340
341
342
343
344
345
347
352
355
356
357
358
360
361
362
363
364
365
367
370
371
372
373
374
375
377
382
385
386
387
389
390
391
392
393
394
396
399
400
401
402
403
405
409
410
413
416
417
418
420
421
422
423
424
425
427
430
431
432
433
434
436
440
441
444
447
448
449
451
452
455
457
458
459
461
462
463
464
465
467
468
469
472
473
474
475
476
478
479
480
481
482
484
485
486
489
493
494
495
496
498
499
500
501
503
504
505
507
508
512
515
516
517
519
520
521
524
525
527