1
2
3
4
5
6
7
8
9
10
11
12
13
14
15
16
17
18
19
20
21
22
23
24
25
26
27
28
30
31
33
35
36
38
39
40
41
42
43
44
45
46
47
49
50
51
52
53
54
56
57
58
60
61
62
63
64
65
66
67
69
70
71
72
73
76
77
79
81
82
83
84
85
86
87
88
89
91
93
95
98
100
101
102
103
104
105
109
112
113
116
117
118
121
122
125
126
127
128
130
133
134
137
138
139
140
141
142
144
147
148
149
150
153
154
157
158
159
160
161
162
163
164
165
166
167
168
169
170
171
172
173
174
175
176
177
178
179
180
181
185
186
187
188
191
192
195
196
197
198
199
200
201
202
203
204
206
207
211
212
213
214
217
218
221
222
223
224
226
230
231
232
233
236
237
240
241
242
243
244
246
250
251
252
253
256
257
258
259
260
264
265
266
267
268
269
270
271
273
277
278
279
280
281
282
285
286
289
290
294
295
296
297
300
301
302
303
304
308
309
313
314
315
316
319
320
323
324
328
329
330
331
334
335
336
337
338
342
343
347
348
349
350
353
354
355
356
357
361
362
366
367
368
369
372
373
376
377
378
379
380
381
382
383
385
386
387
388
389
391
392
393
394
395
400
404
405
406
407
408
409
410
411
412
413
414
415
416
417
418
419
420
421
422
423
424
425
426
427
429
430
431
432
433
435
436
438
439
442
443
445
446
449
450
452
453
456