1
2
3
4
5
6
7
8
9
10
11
12
13
14
15
16
17
18
19
20
21
22
23
24
25
26
27
28
29
30
31
33
34
36
37
39
40
41
42
43
44
45
46
47
48
49
51
52
54
55
56
58
59
60
62
64
65
66
67
68
71
72
73
74
75
76
77
78
79
81
82
83
84
85
88
89
90
91
92
93
94
95
96
98
99
100
101
102
105
106
107
108
109
112
113
114
115
116
117
118
121
122
123
124
125
128
129
130
131
132
133
134
136
137
140
142
145
146
147
148
149
150
151
154
155
156
157
158
159
162
163
164
165
166
167
170
171
172
173
174
175
176
179
180
181
182
183
184
185
188
189
190
191
192
193
194
197
198
199
200
201
202
203
204
205
206
207
208
210
211
212
215
216
217
220
222
225
226
229
230