1
2
3
4
5
6
7
8
9
10
11
12
13
14
15
16
17
18
19
20
21
22
23
24
25
26
27
28
29
31
32
33
34
35
36
37
38
39
40
41
42
43
44
45
46
47
49
51
52
53
54
55
56
57
58
59
60
61
62
64
65
66
67
68
69
71
72
73
74
75
76
77
78
79
80
81
82
83
84
85
86
87
88
89
90
91
92
93
94
95
96
97
98
99
100
101
102
103
104
105
106
107
108
109
110
111
113
114
115
116
117
120
121
122
123
124
126
127
128
132
133
134
135
136
137
141
142
143
145
146
147
148
150
153
154
155
156
157
158
160
163
164
165
166
167
169
172
173
174
175
176
178
181
182
183
184
185
186
188
192
193
194
196
197
198
199
202
203
204
207
208
209
210
211
213
214
215
216
217
218
221
222
223
225
226
227
228
229
230
231
232
234
235
239
240
241
245
246
247
249
250
251
252
253
254
257
258
259
263
264
265
268
269
272
273
276
277
278
281
282
283
284
287
288
289
290
293
294
295
296
297
298
299
300
301
302
303
304
305
306
307
308
312
313
314
317
318
319
320
321
322
326
327
328
329
330
331
332
333
334
336
337
339
340
341
342
345
346
347
348
350
351
352
353
355
356
358
361
362
363
364
365
366
369
370
371
372
373
374
375
377
378
379
380
381
382
384
385
387
389
390
391
392
393
394
396
397
398
399
400
401
402
405
406
407
408
409
410
413