1
3
4
5
6
7
8
10
11
12
14
15
17
18
19
20
21
23
24
25
28
29
32
33
34
35
36
37
40
41
42
43
44
45
46
50
51
52
53
54
55
56
57
58
59
60
61
62
65
68
69
72
73
74
75
76
77
78
80
81
83
84
85
87
88
89
90
91
92
93
94
95
96
97
101
104
105
106
107
108
109
110
111
114
115
116
117
118
119
120
123
124
125
126
127
128
129
132
133
136
138
139
141
143
145
146
147
148
149
150
151
152
153
154
155
157
158
159
160
162
163
164
165
167
168
169
170
172
173
174
175
177
178
179
180
181
182
183
184
186
187
188
189
190
191
192
193
195
196
197
198
199
200
201
202
204
205
206
207
208
209
210
211
213
214
215
216
217
218
219
220
221
222
223
224
226
227
228
229