1
2
3
4
5
6
7
8
9
10
11
12
13
14
15
16
17
18
19
20
21
22
23
24
25
26
27
28
29
30
31
32
33
34
35
36
37
39
40
41
42
43
44
45
46
48
49
50
51
52
53
54
55
56
58
59
60
61
63
64
65
66
67
68
69
70
71
72
74
75
77
78
79
80
81
82
84
85
86
88
89
90
91
92
93
94
95
96
97
98
99
100
102
103
104
106
108
109
110
112
113
114
115
116
118
119
120
121
122
123
124
125
126
127
129
130
132
133
138
139
140
141
142
143
144
145
146
149
150
151
155
156
159
160
161
164
165
166
167
169
170
171
172
173
174
175
176
177
178
182
183
184
186
188
190
193
194
197
198
201
202
205
206
209
210
213
214
217
218
219
220
223
224
225
226
229
231
232
233
235
238
239
240
243
244
245
246
249
250
251
252
255
256
257
260
261
262
265
266
267
270
271
272
273
274
275
276
279
280
281
282
285
288
289
290
291
294
297
298
299
300
303
306
307
308
309
312
315
316
317
318
320
321
322
323
326
329
330
331
333
334
336
337
338
340
342
343
344
346
349
350
351
353
354
355
358
359
360
362
364
365
366
368
371
372
373
376
377
378
379
382
383
386
389
390
391
392
393
395
398
399
400
402
403
404
405
407
408
411
412
413
414
415
416
417
420
422
425
426
427
428
431
432
433
434
435
438
439
440
443
444
445
448
449
450
451
452
453
456
457
460
461
462
465
466
467
470
471
472
475
476
477
480
481
482
485
486
487
490
491
492
495
496
497
500
501
502
504
507
508
509
512
513
514
515
516
518
521
522
525
526
529
530
533
534
535
536
539
540
541
542
543
546
547
548
549
550
551
552
553
554
555
556
557
558
559
561
562
563
565
566
567
569
572
573
574
577
579
580
581
582
583
586
587
588
589
590
593
594
595
597
599
600
601
602
603
604
605
606
607
608
609
610
612
613
614
615
616
617
618
619
620
621
624
625
628
630
633
634
635
638
639
640
643
644
645
648
649
651
653
654
655
656
658
659
660
661
663
664
666
667
668
669
670
671
672
673
674
675
676
677
678
680
681
684
686
687
689
690
691
692
694
695
696
697
698
700
701
702
703
704
706
707
710
712
713
716
717
719
720
721
722
723
724
725
726
727
730
731
732
733
734
737
738
741
742
746
748
749
750
751
753
754
755
757
761
762
763
764
767
768
769
770
771
774
775
776
777
778
779
780
781
782
783
784
785
786
787
790
791
792
793
794
796
797
798
800
801
804
805