1
2
3
4
5
6
7
8
9
10
11
12
13
14
15
16
17
18
19
20
21
22
23
24
25
26
27
28
29
30
31
32
33
34
36
37
38
39
40
41
42
43
44
45
46
47
48
49
51
52
53
54
55
56
57
58
59
60
61
62
63
64
65
66
67
68
69
70
71
72
73
74
75
76
77
78
80
81
82
83
84
87
88
89
90
91
92
93
94
95
97
98
99
100
101
102
104
105
107
108
109
110
111
112
113
114
115
116
117
118
119
120
121
122
124
125
127
128
130
132
133
134
136
139
140
141
142
143
145
146
147
149
150
151
152
155
156
157
158
160
161
162
163
167
168
169
170
173
174
177
178
179
180
181
182
183
186
187
188
189
190
194
195
196
197
198
199
200
201
202
203
204
205
207
208
209
210
213
214
215
216
217
218
219
220
221
222
223
226
227
228
229
230
231
232
233
234
235
236
237
238
239
240
241
243
246
247
248
251
253
254
255
256
257
258
259
260
261
262
263
264
266
267
270
271
272
274
275
276
278
279
280
281
282
283
284
285
286
287
288
289
290
293
294
296
299
300
301
302
303
304
305
306
307
309
312
313
314
315
316
317
318
319
320
321
322
323
325
326
328
329
330
332
333
334
335
336
337
338
339
340
341
342
343
344
345
346
347
348
349
353
354
356
359
360
361
362
363
365
366
368
369
370
372
373
374
375
377
378
379
380
382
383
384
385
386
387
388
389
391
392
393
394
395
397
398
399
400
401
403
404
408
409
411
414
415
416
417
418
419
420
421
422
424
427
428
429
430
431
432
433
434
435
437
438
439
442
443
444
445
446
447
448
449
450
451
454
455
456
457
458
459
460
461
462
463
465
466
467
468
469
470
471
476
477
478
479
480
481
482
483
484
485
487
488
490
493
494
495
496
497
498
499
500
504
505
506
507
508
509
511
512
513
515
516
517
518
521
523
524
525
526
527
529
530
531
532
533
534
536
539
540
543
544
545
546
549
550
551
552
553
554
555
556
557
558
559
560
561
562
563
564
565
566
567
569
571
572
573
574
575
576
577
578
579
580
581
582
583
584
586
589
590
593
594
595
596
598
599
600
601
602
604
605
606
607
608
609
610
614
615
616
617
618
619
620
621
622
623
625
629
630
631
632
633
634
635
636
637
638
639
641
643
645
646
647
648
649
650
651
652
653
654
655
656
657
658
659
660
662
665
666
669
670
671
672
673
674
675
676
678
680
681
682
683
684
688
689
690
691
692
694
697
698
700
701
702
703
704
705
706
707
711
712
713
714
715
716
717
718
722
723
725
726
727
728
730
731
732
733
734
735
738
739
740
741
742
743
744
747
748
749
751
755
757
758
759
760
764
765
767
768
770
771
772
773
774
778
779
780
781
782
783
784
785
789
790
792
793
794
795
796
797
798
799
800
801
802
805
806
807
810
811
812
813
815
818
819
823
824
825
826
827
828
829
830
831
834
835
839
841
842
843
844
848
849
850
853
854
855
856
858
861
862
863
864
865
866
867
868
869
870
871
872
874
876
879
880
881
882
883
885
888
889
892
893
896
897
898
899
900
901
902
903
905
907
910
911
912
914
915
916
917
918
919
920
921
922
923
924
925
926
927
928
929
930
931
932
933
934
936
937
938
939
940
941
942
943
944
945
946
947
950
953
954
955
956
957
958
960
963
964
965
966
967
968
969
970
971
973
974
975
977
980
983
984
985
988
991
992
993
995
996
997
998
999
1000
1003
1004
1005
1006
1007
1009
1012
1013
1014
1015
1016
1017
1018
1020
1021
1023
1024
1025
1026
1027
1028
1030
1031
1032
1033
1034
1035
1036
1038