1
2
3
4
5
6
7
8
9
10
11
12
13
14
15
16
17
18
19
20
21
22
23
24
25
26
27
28
29
30
31
33
34
36
37
38
39
40
42
43
44
45
47
48
49
50
51
52
53
55
57
58
59
60
61
62
64
65
66
67
70
71
74
75
76
77
78
79
80
81
82
83
84
85
86
87
88
89
90
91
92
93
94
95
96
97
98
99
101
102
103
104
105
106
107
110
111
112
116
119
120
122
124
127
128
131
132
135
136
138
139
141
142
144
146
147
150
151
153
157
158
161
162
163
164
165
166
167
170
171
172
173
176
177
178
179
180
181
182
183
185
188
189
190
191
192
193
195
196
197
198
199
204
205
208
209
210
211