1
2
3
4
5
6
7
8
9
10
11
12
13
14
15
16
17
18
19
20
21
22
23
24
25
26
27
28
30
31
32
33
34
35
37
38
39
41
42
44
45
47
48
50
51
52
53
54
55
57
58
59
61
62
63
64
65
66
68
69
70
71
72
73
74
76
77
78
79
80
81
83
84
85
86
88
89
90
92
93
94
95
96
98
99
100
101
102
103
104
106
107
108
109
110
111
112
113
114
115
117
119
120
121
122
123
124
125
126
127
128
129
130
131
132
133
135
136
137
139
140
141
143
144
145
146
147
149
150
151
152
153
154
155
156
157
158
159
160
161
162
163
164
165
166
167
168
169
170
171
172
173
174
175
176
177
178
179
180
181
182
183
184
185
186
187
188
189
190
191
193
194
196
197
198
199
200
201
202
203
205
206
208
209
211
212
213
214
215
216
218
219
220
221
222
223
224
225
226
227
228
230
231
232
233
234
235
236
237
238
239
240
241
242
243
245
246
247
249
250
251
252
253
254
255
256
257
258
259
260
261
262
263
264
265
266
267
268
269
271
272
274
275
276
278
279
280
281
282
283
284
285
286
287
289
290
292
293
294
295
296
297
298
299
300
301
302
303
304
305
306
307
308
309
310
311
312
313
314
315
316
317
318
319
320
321
322
323
324
325
326
327
328
329
330
331
332
333
334
335
336
337
338
339
340
341
342
343
344
345
346
347
348
349
350
351
352
353
354
355
356
357
358
359