1
2
3
4
5
6
7
8
9
10
11
12
13
14
15
16
17
18
19
20
21
22
23
24
25
26
27
28
30
31
32
34
35
36
37
38
40
42
43
44
45
46
47
48
49
50
52
54
55
56
57
58
59
60
61
62
63
64
65
66
68
69
72
73
76
77
80
81
84
85
86
87
90
91
92
93
96
97
100
101
104
105
106
107
110
111
112
113
116
117
120
121
124
125
126
127
130
131
132
133
136
137
140
141
144
145
148
149
150
151
152
153
154
156
157
158
159
163
164
167
168
171
172
175
176
179
180
181
182
183
184
188
189
190
191
192
193
197
198
201
202
205
206
209
210
213
214
215
216
217
219
222
223
224
225
226
228
231
232
234