1
2
3
4
5
6
7
8
9
10
11
12
13
14
15
16
17
18
19
20
21
22
23
24
25
26
27
28
30
31
33
34
35
36
37
38
40
41
43
45
46
47
48
49
50
51
52
53
54
55
56
57
58
59
60
61
62
63
64
65
66
67
68
69
70
71
72
73
74
75
76
77
78
79
80
81
82
83
84
85
86
87
88
89
90
91
92
93
94
95
97
99
100
101
102
103
104
105
106
107
108
109
110
111
112
113
114
115
116
117
118
119
120
121
122
123
124
125
126
127
128
129
130
131
132
133
134
135
136
137
138
139
140
141
142
143
144
145
148
149
150
151
152
153
155
156
157
158
159
160
162
163
164
165
166
167
168
169
172
173
176
177
180
181
184
185
188
189
190
192
195
196
199
200
201
202
203
204
205
206
208
209
210
212
213
214
216
217
218
219
220
221
223
225
226
227
228
229
230
232
234
235
236
237
238
240
241
243
244
245
247
248
249
250
251
252
254
256
257
258
259
260
261
262
263
264
265
266
269
271
272
273
274
275
276
277
278
279
280
281
282
283
284
285
286
288
290
291
292
293
294
295
296
298
299
300
301
304
305
306
307
308
309
311
312
313
315
316
317
318
319
320
321
322
323
324
327
328
330
331
334
335
336
338
339
340
341
343
344
345
346
347
348
349
350
351
352
354
356
357
358
359
360
362
363
364
365
366
368
369
370
371
372
374
375
376
377
378
380
381
382
383
384
385
386
387
388
390
392
393
394
395
396
397
398
399
400
403
405
406
407
408
409
410
411
412
413
414
415
416
417
419
420
421
422
426
428
429
430
431
432
433
434
435
436
438
439
440
442
443
446
448
449
450
451
452
453
454
455
456
457
460
462
463
464
465
467
468
469
470
471
473
474
476
477
478
479
481
482
483
484
485
487
488
490
491
492
493
494
496
497
498
500
501
502
503
504
505
506
507
508
509
512
514
515
517
518
519
520
522
523
524
525
526
527
528
529
530
531
532
533
534
537
539
540
541
543
544
545
546
548
549
550
551
552
553
554
555
556
557
558
559
562
564
565
566
568
569
570
572
573
574
575
576
577
579
581
582
583
584
585
586
587
589
590
592
594
595
597
598
599
601
603
604
605
606
607
608
609
611
613
614
615
616
617
618
619
621
623
624
625
626
627
628
629
631
632
634
636
637
638
640
641
645
649
650
651
652
653
655
656
658
660
661
664
665
666
667
668
669
671
672
673
674
676
677
678
679
680
681
683
686
687
689
690
693
694
695
696
697
700
703
704
706
707
710
711
712
715
717
718
719
720
722
723
724
726
727
728
732
735
736
737
738
740
743
744
745
746
748
749
750
753
754
755
758
759
762
766
767
770
771
774
775
777
778
779
780
781
785
786
787
788
789
792
793
796
797
798
800
801
802
803
804
805
806
807
808
811
812
813
814
815
818
819
820
821
824
825
826
828
829
830
831
832
835
836
837
838
839
842
843
844
845
846
849