1
2
3
4
5
6
7
8
9
10
11
12
13
14
15
16
17
18
19
20
21
22
23
24
25
26
27
29
31
33
34
36
37
38
39
40
41
42
43
44
45
46
47
48
49
50
52
53
54
55
56
57
58
59
60
63
64
65
66
67
68
69
70
72
73
74
75
76
80
81
83
84
85
86
89
90
93
94
95
96
99
100
101
102
103
104
105
108
109
112
113
114
115
116
117
118
120
122
125
126
127
128
129
130
131
132
134
135
136
137
139
142
145
146
147
148
149
150
151
155
156
157
158
159
160
165
166
167
168
169
172
173
176
177
178
179
182
183
184
185
186
189
190
191
193
194
197
198
200
202
203
204
207
208
210
211
212
213
214
215
216
217
218
219
220
221
225
226
228
229
230
231
232
236
237
238
241
242
243
247
248
250
251
252
253
256
257
258
261
262
263
264
267
268
270
271
272
273
274
275
277
278
279
280
281
284
285
286
289
290
293
294
297
299
300
301
302
304
305
307
308
309
310
313
316
317
318
319
324
325
327
328
329
330
333
334
335
338
339
340
341
344
345
347
349
350
351
352
353
355
356
357
360
361
362
363
366
367
370
371
372
373
375
376
377
378
379
381
382
383
385
388
389
390
391
394
395
396
397
398
401
402
403