1
2
3
4
5
6
7
8
9
10
11
12
13
14
15
16
17
18
19
20
21
22
23
24
25
26
27
28
29
30
31
32
33
35
36
37
38
39
40
41
43
44
45
46
47
48
49
50
51
52
53
54
55
56
58
59
60
61
62
63
65
66
67
68
69
70
71
72
73
74
75
76
77
78
79
80
81
82
83
84
86
87
88
90
91
93
95
97
98
99
100
101
102
103
106
107
108
109
110
113
114
115
116
117
118
120
122
123
124
125
127
129
132
133
134
135
136
137
138
139
140
141
142
143
144
145
146
147
148
149
150
153
154
155
156
157
158
159
160
163
164
167
168
169
171
172
174
176
179
180
181
183
184
185
186
188
190
193
194
196
197
198
199
200
203
206
207
208
212
213
214
218
219
220
223
224
227
228
229
231
233
234
236
237
238
239
240
241
242
243
247
248
249
250
251
252
253
254
255
256
259
260
261
262
265
266
267
270
271
272
275
276
277
278
279
281
283
285
287
290
291
292
294
297
298
299
300
301
302
303
304
305
306
310
311
312
313
314
316
319
320
321
323
324
327
328
329
332
333
334
335
338
339
340
343
344
345
346
347
348
350
351
352
353
354
355
356
357
358
359
363
364
366
367
368
369
370
373
374
375
376
377
378
379
382
383
385
386
387
388
389
390
391
392
394
395
398
399
400
401
402
403
406
407
410
411
412
413
417
418
419
420
421
425
426
427
428
431
434
435
438
439
440
441
442
443
444
446
447
448
449
450
451
452
454
455
458
459
462
463
464
466
469
470
471
473
476
477
478
480
483
484
485
488
489
490
491
493
494
495
496
497
498
500
501
502
504
507
510
511
512
513
516
517
518
520
521
522
524
527
528
529
530
533
534
535
536
539
542
543
544
547
548
549
550
552
553
554
555
558
560
561
563
566
567
568
569
571
572
573
574
575
578
579
580
582
583
584
587
588
589
590
591
592
593
595
596
597
598
599
602
605
606
607
608
609
611
614
615
617
618
619
622
623
625
626
627
628
631
634
635
638
639
642
645
646
647
648
649
650
651
655
658
659
660
661
662
663
664
665
666
667
672
673
674
675
676
677
678
681
682
683
684
685
689
690
691
692
694
695
696
697
700
702
703
705
706
707
710
711
712
713
714
715
716
718
719
720
721
722
725
726
727
728
729
730
731
732
735
738
739
740
743
744
745
748
749
752
753
755
756
757
758
759
760
761
762
763
764
765
766
767
769
772
773
776
777
780
782
783
785
786
788
789
791
793
795
796
798
799
803
804
805
806
807
808
809
810
811
814
816
817
818
822
823
824
828
829
832
833