1
2
3
4
5
6
7
8
9
10
11
12
13
14
15
16
17
18
19
20
21
22
23
24
25
26
27
28
30
32
33
34
35
36
37
38
39
41
42
43
44
45
46
47
48
49
50
51
52
53
54
55
56
57
58
59
60
61
62
63
64
65
66
67
68
69
70
71
72
73
74
75
76
77
78
79
80
81
82
83
84
85
86
87
88
89
90
91
92
93
94
95
96
97
98
99
100
101
103
104
105
106
107
108
109
110
112
113
115
116
117
118
119
120
121
122
123
124
125
126
128
129
131
132
133
134
135
136
137
138
139
141
143
144
145
146
149
150
153
154
155
158
159
162
163
164
165
167
168
169
171
172
173
174
175
176
178
179
180
182
184
185
188
189
192
193
196
197
200
202
203
205
206
207
209
211
212
214
217
218
219
220
222
223
224
226
227
228
229
230
231
233
234
236
239
240
241
242
244
245
246
248
249
250
251
253
254
255
256
257
259
260
261
262
264
265
266
267
269
271
274
275
276
277
278
280
281
282
283
285
286
287
288
290
291
292
293
295
296
297
299
300
301
302
303
305
306
307
310
311
314
315
316
317
318
319
320
321
322
326
327
329
330
331
332
333
334
335
338
340
341
342
343
344
347
348
349
352
353
355
356
359
360
361
364
365
368
369
372
373
376
377
379
381
384
385
386
387
389
390
391
392
393
394
396
398
400
401
402
403
404
405
406
407
408
409
411
412
414
416
418
421
422
425
426
428
429
430
431
432
435
436
437
440
441
444
445
448
449
452
453
456
457
460
461
464
465
467
469
472
473
475
478
479
480
481
482
483
486
487
490
491
494
495
498
499
502
503
506
507
510
511
514
515
516
519
520
523
524
527
528
529
530
531
532
535
536
537
538
541
542
543
544
545
547
550
551
552
553
556
557
558
559
562
563
564
565
566
568
571
572
573
574
575
576
577
578
579
581
584
585
586
587
588
589
590
591
592
594
597
598
599
601
604
605
606
608
611
612
613
614
617
618
619
620
621
622
626
627
628
629
630
631
633
634
635
636
639
640
641
642
644
647
648
651
652
653
654
656
657
658
659
663
664
666
669
670
673
674
675
676
677
678
679
680
681
685
686
687
688
689
690
691
693
694
695
696
697
699
700
701
703
705
710
711
713
716
717
719
720
721
722
725
726
727
729
730
731
732
737
738
739
741
742
743
745
747
750
751
752
753
754
757
758
759
761
762
764
765
766
768
769
770
772
775
776
778
779
781
782
784
785
786
787
788
791
792
793
794
796
797
799
800
802
803
804
805
806
809
810
811
812
813
814
815
816
817
818
819
820
821
822
823
824
825
826
827
830
833
835
837
838
839
840
843
845
847
849
850
852
854
855
856
857
859
862
863
864
866
868
870
871
872
875
877
878
879
880
883
885
886
887
888
891
892
893
894
895
896
897
898
899
900
901
903
904
905
906
907
908
909
910
911
913
914
915
916
917
918
919
920
921
923
924
925
926
927
928
929
930
931
933
934
935
936
940
941
942
945
946
947
948
949
950
951
952
953
954
955
957
959
961
963
965
966
967
968
969
970
971
972
974
975
976
978
979
980
981
983
985
986
987
988
990
992
993
994
995
996
997
999
1000
1003
1004
1005
1007
1009
1011
1013
1015
1016
1017
1018
1019
1020
1021
1022
1024
1025
1026
1028
1029
1030
1031
1033
1035
1036
1037
1039
1041
1042
1044
1045
1048
1049
1050
1052
1054
1056
1058
1060
1061
1062
1063
1064
1065
1066
1067
1069
1070
1071
1073
1074
1075
1076
1078
1080
1081
1082
1083
1085
1086
1087
1088
1090
1091
1094
1095
1096
1098
1100
1102
1104
1106
1107
1108
1109
1110
1111
1112
1113
1115
1116
1117
1119
1120
1121
1122
1124
1126
1127
1128
1129
1131
1132
1133
1134
1136
1137
1139
1140
1141
1144
1145
1146
1147
1148
1149
1150
1153
1154
1155
1158
1159
1160
1163
1164
1165
1166
1168
1171
1172
1173
1174
1175
1178
1179
1180
1181
1184
1185
1186
1187
1190
1191
1192
1193
1194
1197
1198
1199
1200
1201
1204
1205
1206
1207
1208
1210
1211
1213
1216
1217
1219
1220
1221
1224
1225
1226
1228
1229
1230
1231
1232
1235
1236
1237
1240
1241
1242
1245
1246
1247
1250
1251
1252
1255
1256
1259
1260
1261
1262
1263
1266
1267
1268
1269
1270
1272
1273
1274
1275
1276
1278
1279
1280
1281
1282
1283
1285
1286
1287
1289
1290
1291
1292
1295
1296
1297
1298
1299
1300
1301
1302
1304
1305
1306
1307
1308
1310
1311
1312
1314
1315
1316
1317
1318
1322
1323
1326
1327
1330
1331
1332
1333
1336
1337
1338
1341
1342
1343
1344
1347
1348
1349
1352
1353
1355
1356
1357
1359
1360
1362
1363
1365
1366
1367
1369
1371
1372
1373
1374
1375
1376
1379
1380
1381
1382
1384
1385
1386
1388
1389
1390
1392
1393
1396
1398
1399
1400
1402
1404
1405
1406
1407
1408
1409
1410
1411
1415
1416
1417
1418
1422
1423
1424
1425
1426
1427
1428
1431
1432
1434
1435
1437
1438
1440
1441
1443
1445
1448
1449
1450
1451
1453
1454
1455
1456
1457
1458
1459
1460
1461
1463
1464
1465
1467
1468
1469
1471
1473
1474
1475
1480
1481
1482
1485
1486
1487
1488
1491
1492
1493
1496
1497
1498
1499
1502
1503
1504
1507
1508
1509
1512
1513
1516
1518
1519
1520
1521
1522
1523
1524
1525
1526
1527
1528
1529
1530
1531
1533
1534
1536
1537
1538
1539
1540
1542
1543
1544
1546
1547
1548
1549
1550
1552
1553
1554
1555
1556
1558
1560
1562
1563
1565
1566
1567
1569
1571
1572
1574
1575
1577
1578
1579
1580
1581
1582
1583
1586
1587
1588
1589
1590
1591
1592
1593
1595
1598
1599
1602
1603
1604
1605
1606
1607
1608
1609
1610
1611
1612
1613
1614
1615
1616
1617
1618
1619
1620
1621
1623
1625
1626
1627
1628
1629
1630
1632
1633
1634
1635
1637
1638
1639
1641
1642
1643
1644
1645
1647
1648
1649
1650
1651
1653
1655
1656
1657
1658
1660
1662
1663
1665
1666
1667
1668
1669
1671
1672
1673
1674
1676
1677
1678
1679
1680
1681
1682
1684
1686
1687
1688
1689
1691
1692
1693
1694
1695
1696
1697
1698
1701
1702
1703
1704
1705
1706
1707
1708
1710
1713
1714
1715
1716
1719
1720
1721
1722
1725
1726
1727
1728
1731
1732
1735
1736
1739
1740
1741
1742
1743
1744
1745
1746
1747
1748
1749
1750
1751
1754
1755
1756
1757
1758
1759
1760
1761
1762
1763
1764
1767
1768
1769
1770
1771
1772
1773
1774
1775
1776
1777
1778
1779
1782
1783
1784
1785
1786
1787
1788
1789
1790
1791
1792
1793
1796
1797
1798
1799
1800
1801
1802
1803
1804
1805
1806
1807
1808
1809
1810
1813
1814
1815
1816
1817
1818
1819
1820
1821
1822
1823
1826
1827
1830
1831
1832
1833
1834
1835
1836
1837
1838
1839
1842
1843
1844
1845
1846
1847
1848
1849
1850
1853
1854
1857
1858
1861
1862
1865
1866
1869
1870
1871
1872
1873
1874
1876
1877
1878
1879
1881
1882
1883
1884
1885
1886
1887
1888
1890
1892
1894
1895
1897
1899
1900
1901
1902
1903
1905
1906
1908
1909
1911
1912
1915
1916
1919
1920
1921
1922
1925
1926
1927
1928
1929
1930
1932
1933
1936
1937
1938
1939
1940
1941
1943
1944
1947
1948
1949
1950
1951
1954
1955
1956
1957
1958
1959
1961
1962
1964
1965
1966
1967
1968
1969
1970
1973
1974
1975
1978
1979
1980
1981
1984
1985
1986
1989
1990
1991
1994
1995
1997
1998
1999
2001
2002
2003
2004
2005
2008
2009
2012
2013
2016
2017
2020
2021
2024
2025
2028
2029
2030
2031
2032
2033
2034
2037
2038
2039
2041
2042
2043
2044
2045
2046
2047
2048
2050
2051
2052
2053
2055
2058
2059
2060
2061
2062
2063
2064
2065
2067
2069
2070
2071
2072
2073
2074
2076
2077
2078
2081
2083
2085
2087
2089
2091
2093
2094
2095
2097
2098
2099
2101
2104
2105
2106
2108
2109
2110
2112
2113
2114
2118
2119
2120
2121
2122
2123
2125
2127
2129
2130
2131
2132
2133
2135
2137
2138
2139
2140
2141
2143
2145
2147
2148
2149
2150
2151
2152
2153
2154
2155
2156
2158
2160
2163
2164
2166
2168
2169
2170
2172
2174
2176
2178
2180
2181
2182
2184
2185
2186
2188
2189
2191
2195
2196
2197
2198
2199
2200
2202
2204
2206
2207
2209
2211
2212
2213
2214
2216
2217
2218
2220
2222
2223
2224
2225
2226
2227
2229
2232
2233
2234
2237
2238
2239
2240
2241
2242
2243
2244
2245
2246
2247
2248
2249
2250
2251
2252
2253
2254
2255
2256
2260
2261
2262
2263
2264
2265
2266
2268
2270
2273
2274
2275
2276
2277
2278
2281
2282
2283
2286
2287
2288
2289
2292
2293
2294
2297
2298
2301
2302
2303
2304
2305
2309
2310
2311
2312
2313
2314
2315
2319
2320
2321
2324
2325
2328
2329
2330
2331
2332
2333
2334
2335
2336
2337
2340
2342
2343
2345
2347
2348
2350
2352
2354
2355
2357
2359
2361
2363
2365
2366
2367
2368
2370
2371
2372
2373
2374
2375
2377
2378
2379
2380
2381
2382
2383
2385
2386
2387
2388
2389
2394
2395
2396
2397
2398
2399
2403
2404
2405
2406
2407
2408
2409
2410
2411
2412
2413
2414
2418
2419
2421
2422
2424
2425
2427
2428
2429
2430
2431
2432
2433
2434
2435
2436
2438
2439
2441
2444
2445
2447
2448
2449
2450
2451
2453
2454
2455
2457
2459
2460
2461
2462
2463
2466
2467
2470
2471
2472
2473
2474
2476
2477
2478
2480
2481
2484
2485
2486
2487
2490
2491
2492
2495
2496
2497
2500
2501
2502
2505
2506
2509
2510
2513
2514
2517
2518
2519
2520
2521
2522
2525
2526
2527
2528
2529
2530
2531
2535
2536
2537
2538
2539
2540
2541
2545
2546
2547
2548
2549
2550
2551
2552
2553
2558
2559
2561
2562
2564
2565
2566
2567
2568
2569
2570
2571
2572
2573
2575
2576
2578
2581
2582
2584
2585
2586
2587
2588
2590
2591
2592
2594
2595
2596
2597
2598
2601
2602
2604
2605
2606
2607
2608
2611
2612
2613
2615
2617
2618
2619
2621
2624
2625
2627
2628
2629
2630
2631
2633
2634
2635
2637
2639
2640
2641
2643
2646
2647
2648
2650
2651
2652
2654
2657
2658
2659
2660
2661
2662
2663
2667
2668
2669
2670
2671
2672
2673
2674
2675
2676
2677
2678
2679
2683
2684
2685
2686
2687
2688
2689
2690
2691
2692
2693
2694
2695
2699
2700
2701
2702
2703
2704
2705
2706
2707
2708
2713
2715
2716
2719
2720
2722
2723
2724
2727
2728
2730
2731
2732
2733
2736
2739
2740
2742
2743
2745
2746
2747
2748
2751
2754
2755
2757
2758
2759
2762
2763
2764