1
2
3
4
5
6
7
8
9
10
11
12
13
14
15
16
17
18
19
20
21
22
23
24
25
26
27
28
29
30
31
33
34
35
36
38
39
40
41
42
43
45
46
47
48
49
51
52
53
54
55
58
59
61
64
65
66
67
68
69
72
73
76
77
78
79
80
81
82
83
85
86
89
92
93
94
95
98
99
100
101
104
105
106
107
108
109
112
113
114
115
116
117
120
121
122
123
124
125
126
127
130
131
132
133
137
138
139
140
141
142
143
144
145
149
150
151
152
153
154
155
156
157
161
162
164
165
166
168
169
171
172
174
175
176
177
182
183
184
185
187
190
191
192
193
195
197
198
199
200
201
202
204
207
208
209
210
213
214
215
216
217
220
222
223
225
228
229
230
233
234
235
236
237
238
241
242
243
244
245
246
249
251
252
254
257
258
259
260
263
264
265
266
267
268
271
272
273
274
277
278
279
280
281
282
283
284
285
286
287
291
294
295
296
299
300
301
302
305
306
307
308
309
312
313
316
317
318
319
320
321
323
325
328