1
3
4
6
7
8
9
10
11
12
14
16
19
20
23
24
27
28
31
32
33
36
37
38
41
42
43
46
47
48
51
52
53
56
57
60
61
64
65
68
69
72
73
76
77
78
81
82
85
86
89
90
93
94
95
98
99
100
103
104
107
108
111
112
115
116
119
120
123
124
127
128
129
132
133
136
139
140
143
144
147
148
151
152
155
156
159
160
163
164
167
168
171
172
173
176
177
180
181
184
185
188
189
192
193
196
197
200
201
204
205
208
209
212
213
216
217
220
221
224
225
228
229
232
233
236
237
240
241
244
245
248
249
252
253
256
259
260
263
266
269
272
273
276
277
280
281
284
287
288
291
292
295
296
299
300
301
304
305