1
2
3
4
5
6
7
8
10
12
13
14
15
16
17
18
20
21
22
23
24
25
27
28
29
32
35
36
39
40
43
44
47
48
51
52
55
56
59
60
63
64
67
68
71
72
75
76
77
78
79
82
83
86
87
90
91
94
95
98
99
100
103
104
107
108
111
112
115
116
119
120
123
124
127
128
131
132
135
136
139
140
143
144
147
148
151
152
155
156
159
160
163
164
167
168
171
172
175
176
179
180
183
184
187
188
191
192
195
196
199
200
203
204
207
208
211
212
215
216
217
220
221
224
225
228
229
232
233
236
237
240
241
244
245
248
249
252
253
256
257
260
261
264
265
268
269
272
273
276
277
280
281
282
285
286
289
290
293
294
297
298
301
302
305
306
309
310
313
314
317
318
319
322
323
326
327
330
331
334
335
338
339
342
343
346
347
350
351
354
355
358
359
362
363
366
367
370
371
372
375
376
379
380
383
384
385
388
389
390
393
394
397
398
401
402
405
406
409
410