1
2
3
4
5
6
7
8
9
10
11
12
13
14
15
16
17
18
19
20
21
22
23
24
25
26
27
28
29
30
31
32
33
34
35
36
37
39
40
41
42
43
44
45
47
48
49
50
51
52
53
54
55
56
57
58
60
61
62
63
65
66
67
68
69
70
72
73
75
76
77
78
79
80
81
82
84
87
88
89
90
92
93
94
95
96
97
98
101
104
105
108
109
110
111
112
113
114
118
119
120
121
122
123
127
128
129
130
131
132
133
134
135
136
137
139
140
141
144
145
147
148
149
150
154
155
156
160
161
164
165
166
169
170
173
174
177
178
181
182
185
186
189
190
191
194
195
196
198
199
200
202
203
204
205
208
209
210
211
212
213
214
215
216
217
218
219
220
223
226
227
228
230
231
232
233
236
237
239
240
242
245
246
249
250
251
252
253
254
255
256
257
258
259
260
261
262
266
267
268
269
270
272
273
274
275
278
279
282
283
284
285
289
290
293
294
297
298
301
302
305
306
309
310
313
314
317
318
321
322
325
326
329
330
333
334
337
338