1
3
4
5
6
7
8
10
11
12
13
14
15
16
17
18
19
20
21
22
23
24
25
26
27
28
30
31
34
35
38
39
40
44
45
48
49
52
53
54
55
56
57
58
59
60
61
62
63
64
66
67
68
69
70
71
72
73
77
78
79
80
81
82
83
84
88
89
90
91
92
93
94
95
96
97
98
101
102
103
105
106
107
110
111
112
113
114
115
116
117
118
119
121
122
123
124
125
126
127
128
129
130
135
136
137
138
139
140
141
142
143
146
147
149
150
153
154
155
156
157
158
159
160
161
162
163
164
165
166
167
170
171
172
173
174
176
177
179
180
181
182
183
184
186
187
188
189
191
192
193
194
196
200
201
202
203
205
206
208
209
210
211
214
216
217
218
219
222
223
224
225
228