1
2
3
4
5
6
7
8
9
10
11
12
13
14
15
16
17
18
19
20
21
22
23
24
25
26
27
28
29
30
31
32
33
35
36
37
39
40
41
42
43
44
45
46
47
48
49
50
51
52
53
54
55
56
58
59
60
61
63
64
65
66
67
69
70
71
72
73
74
75
77
78
79
80
82
83
84
85
87
89
90
92
93
96
97
100
102
103
104
106
107
109
110
113
114
116
117
118
119
120
121
122
123
124
125
126
129
130
131
133
134
135
136
137
138
139
140
141
142
143
146
147
148
149
152
153
155
157
160
161
164
165
168
169
172
173
176
177
180
181
184
185
188
189
192
193
194
195
196
197
198
201
202
203
204
205
206
207
208
211
212
213
214
215
216
217
220
221
222
223
224
225
226
229
230
231
232
233
234
235
238
239
240
241
242
243
244
247
248
249
250
251
252
253
256
257
258
259
260
261
262
265
266
267
268
269
270
271
274
275
276
277
278
279
280
283
284
285
286
287
288
289
292
293
294
295
296
298
299
301