1
2
3
4
5
6
7
8
9
10
11
12
13
14
15
16
17
18
19
20
21
22
23
24
25
26
27
28
29
30
31
33
34
35
36
37
40
41
42
43
44
45
47
48
50
51
52
54
55
56
58
59
61
62
63
66
67
68
71
72
75
76
77
78
79
80
82
85
86
89
90
93
94
97
98
99
100
101
102
103
105
108
109
112
115
116
117
120
121
122
123
126
127
128
131
132
133
134
135
136
137
138
139
141
144
145
148
149
150
151
154
155
156
159
160
161
162
163
164
167
168
169
170
171
172
173
174
175
176
177
178
179
180
181
184
185
186
187
188
192
193
194
195
196
197
200
201
202
205
206
209
210
211
212
213
214
215
216
217
218
219
222
223
224
227
228
229
230
231
234
235
236
237
240
241
244
245
248
249
250
251
254
255
256
257
260
261
264
265
266
269
270
271
274
275
276
279
280
281
282
285
286
287
288
289
290
293
294
295
296
297
298
301
302
303
304
305
306
307
308
309
310
313
314
317
318
321
322
323
326
327
328
329
330
331
334
335
338
339
340
341
342
343
344
345
346
347
348
349
352
353
356
357
360
361
362
363
365
366
368
369
371
372
373
374
376
379
382
383
386
387
388
389
390
391
392
393
394
395
396
397
398
399
401
402
405
406
409
410
413
414
415
416
417
419
420
421
422
424
425
426
427
428
429
430
432
433
434
435
438
442
443
444
445
446
447
449
450
453
454
457
458
461
462
463
466
467
468
469
470
471
472
473
474
475
476
477
478
479
480
481
482
483
485
488
489
490
491
492
493
494
495
496
497
498
499
500
501
502
503
504
505
506
507
508
511
514
515
516
517
518
519
522
523
524
525
526
527
528
529
530
531
532
533
534
535
537
540
545
547
549
551
553
555
557
559
561
563
565
567
588
589
591
592
593
594
596
597
598
599
600
601
602
605
609
610
611
612
613
614
615
616
617
620
621
622
623
626
627
630
631
632
634
635
636
637
638
642
643
644
646
647
648
649
650
651
653
654
655
658
659
660
661
662
663
664
665
666
667
668
669
673
674
677
678
679
680
681
682
685
686
687
689
692
693
694
695
697
700
701
702
703
705
708
709
710
711
713
716
717
720
721
724
725
726
727
728
729
730
732
736
737
738
739
740
741
743