1
2
3
4
5
6
7
8
9
10
11
12
13
14
15
16
17
18
19
20
21
22
23
24
25
26
27
28
30
31
33
34
35
36
37
38
39
41
43
44
45
46
47
49
51
52
53
54
55
56
57
58
59
62
63
66
67
70
71
74
75
78
79
80
83
84
86
87
90
91
94
95
96
97
98
101
104
105
106
107
110
111
114
115
118
119
120
121
124
125
126
127
128
129
132
133
137
138
141
142
143
145
146
147
148
149
151
152
153
154
155
156
157
158
159
160
161
162
165
166
167
168
169
170
171
172
177
178
179
182
183
184
185
186
191
192
193
194
195
196
197
198
199
201
204
205
206
207
208
209
210
211
215
217
220
221
222
223
224
225
226
227
229
232
233
234
236
237
238
239
240
241
242
243
244
248
250
253
254
255
257
258
259
260
261
262
263
264
265
267
268
269
270
271
272
273
274
275
276
278
280
281
283
284
285
287
288
289
290
291
292
293
294
298
301
302
303
304
305
308
311
312
313
314
315
317
320
321
322
324
325
326
327
328
329
331
334
335
336
338
339
340
342
343
344
346
347
348
350
351
352
355
356
357
359
360
361
362
363
364
365
366
367
370
371
372
373
374
375
376
379
380
381
382
384