1
3
4
5
6
7
8
10
11
13
16
17
19
21
23
24
25
26
27
29
30
31
32
33
37
38
41
42
45
46
47
48
50
51
53
54
57
58
59
62
63
66
67
70
71
72
75
76
77
78
79
83
86
87
90
91
92
93
94
95
96
99
102
103
104
105
106
107
108
111
114
115
116
118
119
121
122
124
125
126
127
129
130
131
136
137
138
139
140
141
142
145
148
149
150
151
152
153
154
155
156
157
161
162
163
165
166
169
170
171
172
173
176
177
178
179
180
181
182
183
184
185
187
188
189
190
193
196
197
198
199
201
204
205
206
207
209
210
211
212
213
214
218
219
222
223
226
227
228
229
231
232
233
234
235
237
238
239
242
243
248
249
250
254
255
256
260
261
262
266
267
270
271
274
275
278
280
281
282
285
286
287
290
291
294
295
296
298
301
302
305
306
310
311
312
315
316
317
320
321
324
325
328
329
333
334
335
338
339
340
343
344
346
348
349
350
353
354
357
358
361
362