1
2
3
4
5
6
7
8
9
10
11
12
13
14
15
17
19
21
22
23
24
25
26
28
30
31
32
33
34
35
36
38
39
40
42
43
46
47
50
51
54
55
56
58
59
62
63
66
67
68
70
71
72
73
74
76
78
81
82
83
85
86
88
91
92
95
96
97
98
99
100
101
104
105
106
107
108
109
110
113
114
115
116
117
118
119
122
123
124
125
126
127
128
131
132
133
134
135
136
137
138
139
140
142
143
144
145
146
149
150
151
152
153
154
157
158
159
160
161
162
163
164
165
166
169
170
171
172
173
176
177
180
181
184
185
186
187
188
190
193
194
195
196
197
198
199
200
201
202
204
207
210
211
212
213
216
217
218
219
222
223
224
226
227
228
230
231
232
233
235
236
237
239
240
242
243
246
247
248
250
251
252
253
254
255
256
257
258
259
260
262
266
267
268
269
270
271
272
273
274
275
276
277
278
279
280
281
282
283
284
285
286
287
288
289
290
291
292
293
294
299
300
303
304
305
306
307
308
309
310
311
312
313
314
315
316
318
319
320
326
327
329
330
333
334
335
339
340
341