1
2
3
4
5
6
7
8
9
10
11
12
13
14
15
16
18
19
20
22
23
25
27
28
29
30
31
32
33
34
36
37
38
40
41
44
45
48
49
50
53
54
55
56
57
58
59
62
63
64
67
68
69
70
72
74
75
76
77
78
80
81
82
83
84
85
86
87
90
91
93
94
95
96
97
98
99
100
102
103
104
105
106
107
108
109
113
114
116
117
118
119
120
121
122
123
124
125
126
129
130
132
137
138
141
142
143
144
146
147
148
150
153
154
157
158
159
160
161
162
163
164
165
166
167
168
169
172
173
174
175
176
178
179
180
181
182
183
184
185
186
187
189
193
194
195
196
197
198
199
200
203
204
205
206
207
208
209
210
211
212
213
216
217
220
221