1
2
3
4
5
6
7
8
9
10
11
12
13
14
15
16
18
19
20
22
24
25
26
27
28
29
30
31
32
33
34
35
36
37
38
39
40
42
43
46
47
48
49
52
53
54
55
58
59
60
61
63
64
66
67
69
70
72
73
75
76
77
78
80
82
83
84
85
87
89
92
93
94
95
96
97
99
102
103
104
105
106
107
108
109
110
111
112
116
117
118
119
120
122
123
124
125
126
127
128
129
130
136
137
138
139
140
141
144
145
146
147
148
151
152
153
154
155
156
157
160
161
162
163
164
165
166
167
169
170
171
172
173
174
175
176
181
182
183
184
185
186
187
188
192
193
194
195
198
199
200
201
202
203
206
207
208
209
210
211
213
217
218
219
220
221
222
223
224
225
227
230
231
232
233
234
235
236
237
238
239
240
242
243
244
245
246
247
248
250
253
254
255
257
258
259
260
261
264
267
268
269
270
271
272
273
274
275
276
277
278
279
280
281
283
284
285
286
287
288
289
291
294
295
296
297
300
303
304