1
2
3
4
5
6
7
8
9
10
11
12
13
14
15
16
18
19
20
21
23
25
26
27
28
29
31
33
34
35
37
38
40
41
43
46
47
50
51
54
55
58
59
60
62
63
65
66
68
71
72
73
74
75
76
79
80
82
85
86
89
90
91
94
95
98
99
102
103
106
107
110
111
112
113
115
116
118
121
122
123
124
126
129
130
131
133
136
137
140
141
144
145
146
148
149
150
151
154
155
157
160
161
162
164
165
167
170
171
172
173
175
178
179
180
181
182
184
187
188
189
190
191
194
195
198
199
200
201
202
203
204
205
207
210
211
214
215
218
219
220
221
222
223
224
225
227
228
229
231
232
235
236
237
238
239
241
244
245
246
247
250
251
252
253
254
255
257
260
261
262
263
264
265
268
271
272
275
276
279
280
281
282
283
284
285
286
287
289
290
291
292
294
295
296
300
303
304
305
306
309
310
312
315
316
317
318
319
320
321
323
324
327
328
331
332
335
336
337
338
339
340
345
346
348
349
352
353
354
355
356
358
361
362
363
364
365
366
368
370
373
374
378
379
381
382
385
386
389
390
391
393