1
2
3
4
5
6
7
8
9
10
11
12
13
14
15
16
18
19
20
21
22
24
25
26
28
29
30
31
32
33
35
37
38
39
40
42
43
44
45
46
47
49
50
54
55
56
60
61
63
64
65
68
69
70
71
72
73
74
75
76
78
79
80
84
85
88
89
90
91
92
93
94
98
99
100
101
102
103
105
106
107
111
112
113
114
115
116
117
118
119
120
121
122
123
124
125
127
128
134
135
139
141
142
144
145
146
149
151
152
153
154
155
156
157
158
159
160
161
162
163
164
165
168
169
170
171
172
175
179
180
183
184
185
186
187
188
189
190
191
194
195
196
197
198
199
200
201
202
205
206
209
210
213
214
215
216
217
218
219
220
223
225
227
228
231
232
233
234
237
238
239