1
2
3
4
5
6
7
8
9
10
11
12
13
14
15
16
18
19
20
21
22
23
24
25
27
28
29
31
32
33
34
35
36
37
38
39
40
41
43
44
45
46
47
48
49
52
53
54
57
58
59
60
63
64
65
66
67
68
69
70
71
72
74
75
76
78
79
80
81
82
83
84
85
88
91
92
95
96
97
99
100
101
103
106
107
110
111
114
115
118
119
120
121
122
123
124
125
126
129
130
133
134
135
137
138
139
141
144
145
148
149
152
153
156
157
158
159
160
163
164
165
168
169
170
171
173
174
175
177
180
181
184
185
188
189
190
193
194
197
198
199
200
201
204
205
208
209
210
211
212
215
216
219
220
221
223
224
225
228
229
230
232
233
234
235
236
237
241
242
245
246
247
249
250
251
253
256
257
258
260
261
262
263
264
265
269
270
273
274
275
276
279
280
284
285
286
288
289
292
293
294
297
298
299
300
302
303
304
305
307
310
311
312
314
315
318
319
320
323
324
325
326
327
330
331
335
336
337
339
340
343
344
345
348
349
350
352
353
354
356
359
360
361
363
364
367
368
369
372
373
374
375
376
379
380
384
385
386
388
389
392
393
396
397
398
400
401
402
404
407
408
409
411
412
415
416
419
420
421
422
425
426
430
431
432
434
435
438
439
440
443
444
445
446
448
449
450
452
455
456
457
459
460
463
464
465
468
469
470
471
472
475
476
480
481
482
484
485
488
489
490
493
494
495
497
498
499
501
504
505
506
508
509
512
513
514
517
518
519
520
521
524
525
529
530
531
532
533
535
536
537
539
540
541
542
543
544
545
546
547
550
551
552
555
556
557
559
560
561
562
563
564
565
566
567
568
569
572
573
574
575
576
577
578
579
580
581
584
585
588
589
592
593
596
597
600
601
605
606
607
608
609
610
611
612
614
615
616
617
620
621
622
623
624
626
627
628
629
633
634
635
636
640
641
642
645
646
647
648
649
651
654
655
656
659
660
663
664
667
668
669
670
671
672
676
677
680
681
684
685
688
689
692
693
694
697
698
701
702
706
707
708
709
710
711
712
713
715
716
717
718
719
720
721
722
723
725
727
728
730
733
734
737
738
741
742
745
746
749
750
753
754
755
756
757