1
2
3
4
5
6
7
8
9
10
11
12
13
14
15
16
18
19
20
21
22
23
24
25
27
28
29
30
32
33
34
35
36
37
38
39
40
41
42
43
44
46
48
49
50
51
53
54
55
56
60
61
62
65
66
67
69
70
71
72
75
76
79
80
81
82
83
84
85
86
88
89
90
91
94
95
96
97
99
103
104
107
108
109
111
112
113
114
115
116
119
120
121
122
124
125
126
129
130
131
132
133
135
136
137
138
141
142
145
146
149
150
151
152
154
155
156
157
160
161
162
163
164
165
166
167
168
171
172
173
174
177
178
179
182
183
184
185
187
190
191
192
193
194
195
196
197
199
200
202
203
205
208
209
210
212
213
215
216
217
218
219
220
221
222
225
226
228
229
230
233
234
235
236
239
240
241
242
245
246
247
248
249
250
251
252
253
254
255
256
257
258
259
260
261
262
263
264
265
266
268
270
273
275
276
277
278
279
280
281
282
283
286
287
288
289
290
291
292
293
294
295
297
299
300
301
306
309
310
311
312
313
314
315
316
317
318
319
320
321
322
323
324
327
328
330
333
335
336
337
340
341
342
344
345
346
347
348
351
352
353
354
355
356
357
358
361
362
363
364
365
366
367
368
369
372
373
374
375
376
377
380
381
382
383
384
385
386
387
390
391
393
394
395
396
398
400
401
402
403
404
405
407
409
410
411
414
415
418
419
420
421
422
423
424
427
428
429
430
431
434
435
436
438
439
441
442
443
444
446
447
450
451
453
455
456
457
458
459
462
464
465
468
469
470
471
472
474
475
476
477
480
483
484
485
486
489
490
491
492
495
496
497
498