1
2
3
4
5
6
7
8
9
10
11
12
13
14
15
16
18
19
20
21
22
23
24
25
26
27
28
29
30
31
32
33
34
35
37
38
39
40
41
42
43
45
46
47
48
49
50
51
53
54
55
58
59
61
63
64
65
66
67
68
69
70
72
73
74
75
76
77
78
79
80
81
82
83
84
85
86
87
88
89
91
93
94
96
97
98
99
100
103
104
106
107
108
109
110
112
113
114
115
116
117
118
119
120
121
122
124
125
126
127
128
129
130
131
132
133
134
135
137
138
139
140
141
142
143
144
145
146
147
149
150
151
152
153
154
155
156
157
158
159
160
161
162
165
167
168
169
170
171
172
173
174
175
176
177
179
180
181
182
183
184
185
186
187
188
189
191
192
193
194
195
196
197
198
199
200
202
203
204
205
207
208
209
211
212
213
215
216
217
219
220
221
223
224
225
227
229
230
231
232
233
234
235
237
238
240
241
242
243
244
245
246
247
249
250
252
254
255
256
257
258
259
260
262
263
264
265
266
267
268
269
271
272
273
274
275
276
277
278
279
280
281
282
283
284
286
289
290
291
292
293
294
295
296
297
298
299
300
301
302
303
304
306
307
308
309
310
311
312
313
314
315
317
318
319
321
322
323
324
325
327
328
329
330
331
333
334
335
336
337
338
340
341
342
343
344
346
347
348
349
350
351
352
353
354
355
357
358
359
361
362
363
364
365
367
368
369
370
371
373
374
375
376
377
379
380
381
382
383
385
386
387
388
389
390
391
392
393
395
396
398
399
400
401
402
404
405
406
407
408
410
411
412
413
414
416
417
419
420
421
422
423
425
426
427
428
429
431
432
433
434
435
436
437
439
440
441
442
444
445
446
448
449
450
452
453
454
456
457
458
460
461
462
464
465
466
468
469
470
471
472
474
475
476
478
479
480
481
482
483
485
486
488
489
491
492
493
494
495
496
498
499
501
502
503
504
505
506
507
508
509
510
511
512
514
515
516
517
518
519
520
521
522
523
524
525
527
528
529
531
532
533
534
535
537
538
539
540
541
542
544
545
546
548
549
550
551
552
554
555
556
557
558
559
560
561
562
563
565
566
568
570
571
572
573
575
576
577
578
579
580
581
582
584
585
586
587
588
589
590
591
592
593
594
595
597
598
599
600
601
603
604
605
606
607
608
609
611
612
613
614
615
617
618
619
621
622
623
624
626
627
628
629
631
632
633
634
635
636
637
638
640
641
642
643
645
646
647
648
649
650
651
652
654
655
657
658
659
660
662
663
664
666
667
668
669
670
672
673
674
675
676
677
679
680
681
682
683
685
686
688
689
690
691
692
694
695
696
697
698
699
700
701
702
703
704
705
706
707
708
709
710
711
712
713
714
715
716
717
718
719
722
723
724
726
727
728
729
731
732
733
734
736
737
738
740
741
742
743
744
745
746
747
748
750
751
752
753
754
755
756
757
758
760
761
762
764
765
766
767
768
769
770
771
772
773
774
775
776
777
778
779
780
781
783
784
785
786
788
789
790
791
792
794
795
796
797
798
799
801
802
804
805
807
808
809
810
811
812
813
814
815
816
817
819
820
821
822
824
825
827
828
830
831
832
833
834
835
837
838
839
840
842
843
844
845
846
848
849
850
851
853
854
855
856
858
859
860
861
863
864
865
867
868
869
871
872
873
875
876
877
879
880
881
883
884
885
887
888
889
891
892
893
894
895
896
897
898
899
901
902
903
904
905
906
907
908
910
911
912
913
914
915
917
918
919
920
921
922
923
924
925
926
927
928
929
930
931
932
933
934
938
939
941
942
943
944
945
946
947
948
950
951
952
954
955
956
959
960
961
963
964
965
967
968
969
971
972
973
975
976
977
979
980
981
983
984
985
987
988
989
991
992
993
995
996
997
999
1000
1001
1003
1004
1005
1007
1008
1009
1010
1011
1012
1013
1014
1016
1017
1018
1020
1021
1022
1023
1024
1025
1026
1027
1029
1030
1031
1032
1034
1035
1036
1037
1038
1039
1040
1041
1042
1043
1044
1046
1047
1048
1049
1050
1052
1053
1054
1055
1056
1058
1059
1060
1061
1062
1063
1064
1065
1066
1067
1068
1069
1070
1071
1072
1074
1075
1076
1077
1079
1080
1081
1082
1084
1085
1086
1088
1089
1090
1091
1092
1093
1094
1095
1096
1097
1098
1100
1101
1102
1103
1105
1106
1108
1109
1110
1111
1112
1113
1114
1115
1116
1118
1119
1120
1121
1122
1123
1124
1126
1127
1128
1129
1130
1131
1133
1134
1135
1136
1137
1138
1139
1140
1141
1142
1143
1144
1145
1147
1148
1149
1151
1153
1154
1155
1157
1158
1159
1161
1162
1163
1164
1165
1166
1167
1169
1170
1171
1172
1173
1175
1176
1178
1179
1180
1181
1182
1183
1184
1185
1186
1187
1188
1189
1190
1191
1192
1193
1194
1195
1196
1197
1198
1200
1201
1202
1203
1205
1206
1207
1208
1209
1210
1211
1212
1213
1214
1215
1216
1217
1218
1219
1220
1221
1222
1223
1225
1226
1227
1228
1229
1230
1231
1232
1233
1234
1235
1236
1237
1238
1239
1240
1241
1242
1243
1244
1245
1246
1247
1248
1249
1250
1251
1252
1253
1254
1255
1257
1258
1259
1260
1261
1262
1263
1264
1266
1267
1268
1269
1270
1271
1272
1273
1274
1275
1276
1277
1279
1280
1281
1282
1283
1285
1286
1287
1288
1289
1291
1292
1293
1294
1296
1297
1298
1299
1300
1301
1302
1303
1305
1306
1307
1308
1309
1310
1311
1312
1313
1314
1315
1316
1318
1319
1320
1321
1322
1323
1325
1326
1328
1329
1330
1331
1332
1333
1334
1335
1336
1337
1338
1342
1343
1345
1346
1347
1349
1350
1351
1352
1353
1354
1355
1356
1357
1358
1359
1360
1361
1362
1363
1365
1366
1367
1368
1369
1371
1372
1374
1375
1377
1378
1380
1381
1383
1384
1386
1387
1389
1390
1392
1393
1394
1396
1397
1398
1399
1401
1402
1403
1404
1405
1406
1407
1408
1409
1410
1411
1412
1413
1415
1416
1418
1419
1421
1422
1424
1425
1427
1428
1430
1431
1432
1434
1435
1437
1438
1440
1441
1443
1444
1446
1447
1449
1451
1452
1453
1454
1455
1456
1457
1458
1460
1461
1463
1464
1465
1466
1468
1469
1470
1471
1473
1474
1475
1476
1477
1479
1480
1482
1483
1484
1485
1487
1488
1490
1491
1492
1494
1495
1497
1498
1499
1501
1502
1505
1507
1508
1510
1511
1513
1514
1516
1517
1519
1520
1522
1523
1525
1526
1528
1529
1531
1532
1533
1535
1536
1538
1539
1541
1543
1544
1546
1547
1549
1550
1552
1553
1555
1556
1558
1559
1561
1562
1564
1565
1568
1569
1571
1572
1575
1576
1578
1579
1582
1583
1585
1586
1589
1590
1592
1593
1596
1597
1599
1600
1603
1604
1606
1607
1609
1610
1612
1613
1615
1616
1618
1619
1621
1622
1624
1625
1627
1628
1630
1631
1632
1634
1635
1638
1639
1640
1642
1643
1645
1646
1648
1649
1651
1652
1654
1655
1657
1658
1660
1661
1662
1663
1664
1666
1667
1668
1669
1670
1671
1672
1673
1674
1675
1676
1677
1678
1679
1681
1682
1683
1684
1685
1686
1687
1688
1689
1690
1691
1692
1694
1695
1696
1697
1698
1699
1701
1702
1703
1704
1706
1707
1708
1709
1710
1711
1712
1713
1714
1715
1716
1717
1718
1719
1720
1721
1722
1723
1725
1726
1728
1729
1730
1731
1732
1733
1735
1736
1737
1738
1739
1741
1742
1743
1744
1745
1746
1747
1748
1750
1751
1752
1753
1754
1755
1756
1757
1759
1760
1761
1762
1763
1764
1765
1767
1768
1769
1770
1771
1772
1773
1774
1775
1776
1777
1778
1779
1780
1782
1783
1784
1785
1786
1787
1788
1789
1790
1792
1793
1794
1795
1797
1798
1799
1800
1801
1802
1803
1804
1805
1806
1807
1808
1810
1811
1812
1813
1814
1815
1816
1817
1818
1819
1820
1821
1822
1823
1824
1825
1826
1827
1828
1829
1830
1831
1832
1833
1834
1836
1837
1838
1839
1840
1841
1842
1843
1844
1845
1846
1847
1848
1849
1850
1851
1852
1853
1854
1857
1858
1859
1861
1862
1863
1865
1866
1867
1868
1869
1870
1872
1873
1874
1875
1876
1878
1879
1880
1882
1883
1885
1886
1888
1889
1890
1891
1893
1894
1896
1897
1898
1899
1902
1903
1904
1906
1907
1909
1910
1911
1912
1914
1915
1917
1918
1920
1921
1922
1923
1925
1926
1927
1928
1929
1930
1931
1933
1934
1935
1936
1937
1938
1939
1940
1941
1942
1943
1944
1945
1946
1947
1948
1949
1950
1951
1952
1953
1954
1955
1956
1957
1958
1959
1960
1961
1962
1963
1964
1965
1967
1968
1969
1970
1971
1972
1974
1975
1976
1977
1978
1979
1981
1982
1983
1984
1985
1987
1988
1989
1990
1991
1992
1993
1994
1995
1996
1997
1998
1999
2000
2001
2002
2003
2005
2006
2007
2008
2009
2010
2011
2012
2013
2014
2016
2017
2018
2020
2021
2022
2023
2025
2026
2027
2028
2029
2030
2031
2032
2034
2035
2036
2037
2038
2039
2040
2041
2043
2044
2045
2047
2048
2049
2050
2051
2052
2053
2054
2055
2056
2057
2058
2060
2061
2062
2063
2064
2065
2066
2067
2068
2070
2071
2072
2073
2074
2075
2076
2077
2078
2079
2080
2082
2083
2084
2085
2086
2087
2089
2090
2091
2092
2093
2094
2095
2096
2097
2098
2099
2100
2101
2102
2103
2104
2106
2107
2108
2110
2111
2112
2114
2116
2117
2118
2119
2120
2121
2123
2124
2125
2126
2127
2128
2129
2130
2131
2132
2133
2134
2135
2136
2137
2139
2140
2141
2142
2143
2144
2145
2146
2147
2148
2149
2150
2151
2152
2153
2154
2155
2156
2158
2159
2160
2161
2162
2163
2164
2165
2166
2167
2168
2169
2170
2171
2172
2173
2174
2175
2176
2177
2178
2179
2180
2181
2182
2183
2184
2185
2186
2187
2188
2189
2190
2191
2192
2193
2194
2195
2196
2197
2198
2199
2200
2201
2202
2203
2205
2206
2207
2208
2209
2210
2211
2212
2213
2214
2215
2216
2217
2218
2219
2221
2222
2223
2224
2225
2226
2227
2228
2229
2230
2231
2232
2233
2234
2236
2237
2238
2239
2240
2241
2242
2243
2244
2245
2246
2247
2248
2250
2251
2252
2253
2254
2255
2256
2257
2258
2259
2260
2261
2262
2263
2264
2265
2266
2267
2269
2270
2272
2273
2274
2275
2276
2277
2278
2279
2280
2281
2283
2284
2285
2286
2287
2288
2290
2291
2292
2293
2294
2295
2297
2298
2299
2300
2301
2302
2303
2304
2305
2306
2308
2309
2310
2311
2312
2313
2315
2316
2317
2318
2319
2320
2322
2323
2324
2325
2326
2327
2329
2330
2331
2333
2335
2337
2338
2339
2340
2342
2343
2344
2345
2346
2347
2348
2349
2350
2352
2354
2355
2356
2357
2358
2359
2360
2361
2362
2363
2364
2365
2366
2367
2369
2370
2371
2372
2373
2375
2376
2377
2378
2379
2380
2381
2382
2384
2385
2386
2387
2388
2389
2390
2391
2392
2393
2394
2395
2396
2397
2398
2400
2401
2402
2403
2404
2405
2407
2408
2409
2410
2411
2412
2413
2414
2415
2417
2418
2419
2420
2421
2422
2423
2424
2425
2426
2427
2428
2429
2430
2431
2432
2433
2434
2435
2436
2437
2438
2439
2440
2442
2443
2444
2445
2446
2447
2448
2449
2450
2451
2452
2454
2455
2456
2457
2458
2459
2461
2462
2463
2464
2465
2467
2468
2469
2470
2471
2472
2473
2474
2476
2477
2478
2479
2480
2481
2482
2483
2485
2486
2487
2488
2490
2491
2492
2494
2495
2497
2498
2499
2500
2501
2503
2504
2505
2506
2507
2508
2509
2510
2511
2512
2513
2514
2515
2517
2518
2519
2520
2521
2522
2523
2524
2525
2526
2528
2529
2530
2531
2532
2533
2534
2535
2536
2537
2538
2539
2540
2541
2542
2543
2544
2545
2546
2547
2548
2549
2550
2551
2552
2553
2554
2555
2556
2557
2558
2560
2561
2562
2563
2564
2565
2566
2567
2568
2569
2570
2571
2573
2574
2575
2576
2578
2579
2580
2581
2582
2583
2584
2586
2587
2588
2589
2590
2591
2592
2596
2597
2600
2601
2602
2603
2604
2605
2607
2608
2609
2610
2611
2612
2613
2614
2616
2617
2618
2620
2621
2622
2624
2625
2626
2627
2630
2631
2632
2634
2635
2636
2637
2639
2640
2641
2642
2644
2645
2646
2647
2648
2649
2650
2651
2653
2654
2655
2657
2658
2659
2662
2663
2664
2666
2667
2668
2669
2670
2672
2673
2674
2675