1
3
5
6
7
8
9
10
12
14
15
16
17
18
20
22
24
25
27
29
31
32
33
34
35
37
39
41
42
44
46
47
49
51
52
54
57
58
60
61
62
63
64
67
68
70
72
73
75
78
80
81
83
86
88
90
91
93
95
97
99
102
103
104
105
106
108
110
112
113
114
115
116
117
119
120
121
122
123
124
125
126
127
128
129
130
131
132
134
135
136
137
140
141
142
143
144
145
146
147
148
149
150
151
152
153
154
156
158
160
162
163
165
166
169
170
171
172
174
175
178
180
181
182
183
184
185
186
187
189
190
191
192
193
194
195
196
197
198
199
200
201
202
203
204
205
206
207
211
212
213
214
215
216
217
218
220
221
222
223
224
226
228
230
231
232
234
235
236
237
238
239
240
241
244
245
246
247
248
250
252
253
254
255
256
258
260
262
263
264
266
267
268
269
270
271
272
273
276
278
279
281
282
283
285
286
289
290
291
292
294
295
298
300
303
304
305
306
307
308
309
311
314
316
318
319
321
322
325
327
328
331
332
333
334
335
336
337
338
340
341
342
343
345
346
347
348
349
350
351
354
355
356
357
358
359
360
361
362
363
364
365
366
367
368
369
370
372
373
374
376
378
380
381
382
383
385
387
388
389
390
392
393
395
396
399
401
403
405
406
408
409
410
411
412
413
414
415
416
417
418
419
420
422
423
425
426
427
429
430
431
432
433
434
435
437
438
439
440
441
442
444
445
447
452
454
457
458
459
460
461
463
464
465
466
467
468
469
470
472
474
477
478
480
481
483
484
485
487
488
489
491
493
496
499
500
501
502
503
505
506
508
509
511
512
513
514
516
518
519
522
524
525
528
530
531
532
536
537
538
539
540
541
542
543
544
545
546
547
548
549
550
551
552
553
554
555
556
558
559
560
562
563
564
566
567
568
569
570
572
575
576
577
578
580
584
585
586
587
588
590
593
594
595
596
598
599
600
601
604
605
606
607
608
609
610
611
612
613
614
615
616
617
618
619
620
621
623
624
627
628
629
630
631
632
634
635
637
639
641
644
646
647
649
650
651
652
654
655
656
657
661
662
663
664
666
667
668
669
670
671
672
673
674
675
676
677
678
679
680
681
683
684
685
686
687
688
690
691
692
693
694
695
696
697
698
700
701
703
705
706
707
708
710
712
714
715
716
717
718
719
722
723
724
725
726
727
729
730
731
732
734
735
737
738
739
740
741
742
744
747
748
749
751
752
754
756
757
759
760
761
762
764
766
768
770
771
772
773
774
777
778
779
780
781
782
783
784
785
786
789
790
791
792
794
795
797
798
800
801
802
803
804
806
808
809
810
811
812
814
816
817
818
819
821
822
823
824
825
826
828
831
832
833
834
836
839
840
841
842
843
844
845
846
847
848
849
851
852
853
854
857
858
859
860
861
862
864
865
866
867
868
869
870
871
873
874
875
876
877
878
879
880
881
882
884
886
888
890
891
893
895
896
899
900
902
903
904
905
906
907
910
911
912
913
914
915
918
920
922
923
925
927
930
931
932
933
935
937
938
940
941
942
944
945
946
947
948
950
953
954
955
956
957
960
962
963
964
965
966
967
969
971