1
3
5
6
7
8
9
10
12
14
15
16
17
18
20
22
24
25
26
28
29
31
32
34
35
37
38
39
41
42
43
44
45
46
47
48
49
50
51
52
53
54
55
56
57
58
59
61
63
65
66
67
68
69
70
72
73
74
75
76
77
79
80
81
82
83
84
86
87
88
89
90
91
93
94
95
96
97
98
100
101
102
103
104
105
107
108
110
112
113
114
116
118
119
120
121
124
125
126
128
129
130
131
132
133
134
135
136
137
138
139
140
143
144
145
146
147
148
149
150
151
152
153
154
155
156
157
158
161
162
163
164
165
166
167
168
169
170
171
172
173
174
175
176
177
178
179
182
183
184
185
186
187
188
189
190
191
192
193
194
195
196
197
198
199
200
201
204
205
206
207
208
209
210
211
212
213
214
215
216
217
218
221
222
225
226
227
228
229
230
231
232
233
236
237
238
241
242
243
244
245
246
247
248
249
252
253
254
257
258
259
260
261
262
265
266
267
270
271
272
273
274
275
276
279
280
281
284
285
286
287
288
289
290
291
292
293
294
295
296
297
298
299
300
303
304
305
308
309
310
311
312
313
314
315
316
317
318
319
320
323
324
325
328
329
330
331
332
333
334
335
336
337
338
339
340
341
342
343
344
345
346
347
348
349
350
351
352
355
356
357
360
361
362
364
365
366
367
368
369
370
371
372
375
376
377
378
379
380
381
382
383
384
385
386
387
388
389
390
391
393
394
395
397
398
400
401
402
403
405
407
408
409
410
411
413
416
417
419
420
421
422
423
426
428
429
431
433
434
438
439
442
443
445
447
448
450
451
454
455
456
457
459
460
461
462
463
464
465
468
470
471
472
473
474
475
479