1
3
5
6
7
8
9
10
12
14
15
16
17
18
20
22
24
25
26
28
29
30
31
32
33
34
35
36
38
39
41
42
43
44
45
46
47
48
49
50
51
52
53
54
55
56
57
58
59
61
62
64
65
66
67
68
69
70
71
72
73
75
76
77
78
79
80
81
82
83
84
85
86
87
88
89
90
91
92
93
94
95
96
97
98
99
100
102
104
105
106
107
108
109
111
112
114
115
116
119
120
121
122
123
124
126
129
130
131
132
133
134
135
137
140
141
142
143
144
145
147
150
151
152
153
154
155
157
160
161
162
163
164
165
167
170
171
172
173
174
175
177
180
181
182
183
184
185
187
190
191
192
193
194
195
196
198
201
202
203
204
205
206
208
211
212
213
214
215
216
217
219
222
223
224
225
226
227
228
230
233
234
235
236
237
238
239
241
244
245
246
248
249
250
251
253
256
257
258
259
260
261
263
265
268
271
272
273
274
275
276
278
281
282
283
284
285
286
288
290
292
294
298
299
300
301
302
304
306
308
310
312
314
315
317
319
322
323
324
325
327
329
333
334
336
337
338
339
342
343
345
346
347
348
349
350
351
352
353
354
355
356
357
359
360
361
363
364
365
367
368
369
371
372
374
375
378
379
381
382
383
384
385