1
3
5
6
7
8
9
10
12
14
15
16
17
18
20
22
24
25
26
27
28
29
30
31
32
33
35
37
38
39
40
41
42
44
45
46
47
48
49
50
51
52
54
55
56
57
60
61
62
63
64
66
67
69
70
71
72
73
74
75
76
78
79
80
81
82
83
84
85
88
90
91
93
94
95
97
98
99
100
101
104
105
106
107
109
110
111
114
115
116
117
119
120
121
122
124
127
128
129
130
131
132
134
135
136
137
138
141
142
143
144
147
148
150
151
152
155
156
157
158
160
161
162
163
165
168
169
170
171
172
174
175
176
177
178
181
182
183
184
186
188
189
190
193
194
195
196
198
199
200
201
203
206
207
208
209
210
211
212
213
214
217
218
219
220
221