1
3
5
6
7
8
9
10
12
14
15
16
17
18
20
21
23
24
25
26
27
28
29
30
31
32
34
35
37
38
39
40
42
44
46
48
49
50
51
53
54
55
56
57
58
59
60
62
63
64
65
66
68
69
70
71
72
73
75
76
77
78
79
80
81
82
83
85
87
89
93
94
95
96
97
98
99
100
101
102
103
104
105
106
107
108
109
110
111
112
113
114
115
119
120
121
122
123
124
125
126
127
128
129
130
131
132
134
136
138
142
143
144
146
149
150
152
153
156
157
158
161
162
165
166
167
169
171
175
176
177
178
180
181
183
186
187
188
189
190
191
193
194
196
198
199
201
203
205
209
210
211
212
215
216
217
218
219
220
221
223
224
227
228
229
230
232
233
234
237
238
239
241
244
245
246
248
251
252
253
254
257
258
259
260
264
265
266
267
268
269
270
274
275
276
279
280
281
282
283
284
285
287
288
289
290
291
292
293
294
295
296
297
301
302
303
304
305
306
307
308
309
310
311
312
316
317
318
319
320
321
322
323
324
325
326
327
328
329
330
331
332
333
334
335
336
337