1
3
5
6
7
8
9
10
12
14
15
16
17
18
20
21
23
24
25
26
27
28
29
30
31
32
33
34
35
36
37
38
39
41
43
45
46
48
49
50
51
52
53
54
57
58
61
62
63
64
66
67
68
69
70
71
72
73
74
75
76
77
78
79
80
81
82
83
84
85
86
87
90
91
92
93
94
95
97
98
99
100
101
102
103
104
106
107
108
109
110
112
113
114
115
116
117
119
120
121
123
124
125
127
128
129
130
131
132
133
134
136
138
139
140
142
143
144
145
146
148
149
151
152
154
155
156
157
158
159
161
162
165
166
167
169
170
171
174
176
177
178
179
180
181
183
184
186
188
189
190
191
194
195
196
197
198
199
202
203
204
205
206
207
208
209
210
211
212
214
215
216
217
218
219
222
223
224
225
226
227
228
229
230
231
234
235
236
237
238
239
240
241
242
244
245
246
247
248
251
252
253
254
255
256
257
258
259
260
261
262
263
264
265
266
267
268
269
271
272
273
274
275
276
277
278
279
280
281
284
285
286
287
288
289
291
292
293
294
295
296
297
301
302
303
304
305
306
307
308
309
310
311
312
314
315
316
317
318
319
320
321
322
323
324
326
329
330
331
332
334
335
336
337
338
342
343
344
345
346
347
350
351
352
353
354
357
358
359
360
361
362
363
364
366
367
368
369
370
371
372
373
374
375
376
378
380
381
382
383
384
387
388
389
390
391
392
393
397
398
399
400
401
405
406
407
411
412
415
416
419
420
421
422
423
424
425
427
428
429
430
431
432
433
434
435
436
437
438
439
440
441
442
443
444
445
446
447
448
449
450
451
452
453
454
455
456
457
458
459
460
462
463
464
465
467
468
469
470
471
472
473
474
475
476
477
479
480
482
483
484
487
488
489
491
494
498
499
500
501
502
503
505
506
507
509
510
511
512
513
514
515
516
517
518
519
520
521
523
524
526
527
528
531
532
533
535
538
542
543
544
545
546
548
549
550
551
552
553
554
555
556
557
558
559
560
561
562
563
564
565
566
567
568
569
570
571
572
573
574
575
576
577
578
579
580
581
582
583
584
585
586
587
588
590
591
592
593
594
596
598
602
603
606
607
610
611
614
616
617
618
620
621
622
623
624
628
629
630
632
633
634
635
636
640
641
643
644
645
647
648
649
650
651
655
656
658
659
660
662
663
664
665
666
669
670
672
673
674
677
678
679
680
681
684
685
687
688
689
692
693
694
695
696
699
700
701
702
703
704
705
706
707
708
709
710
711
712
713
714
715
717
718
719
720
721
723
725
726
727
728
729
732
733
734
735
736
737
738
739
740
741
742
743
744
745
746
749
750
751
752
753
754
755
756
759
760
761
762
763
764
765
766
769
770
771
772
773
774
775
778
779
780
781
782
783
784
787
788
789
790
791
792
793
794
795
796
797
798
799
800
803
804
805
806
807
808
809
810
811
812
815
816
817
820
821
822
823
824
825
826
827
828
829
830
831
832
833
834
837
838
840
841
842
845
846
847
850
851
852
855
856
857
858
859
860
861
862
863
864
865
866
867
868
869
870
873
874
875
876
877
878
879
880
881
882
885
886
887
890
891
892
893
894
895
896
897
898
899
900
901
902
903
904
905
907
908
909
910
911
912
913
915
916
917
918
919
920
921
922
924
925
926
927
928
929
931
932
933
934
936
938
939
940
942
943
944
945
946
947
948
950
951
952
953
954
955
956
958
959
960
961
962
963
969
970
971
972
973
975
976
977
978
980
981
982
983
985
986
990
992
993
994
995
996
997
998
999
1002
1003
1004
1005
1006
1007
1008
1009
1010
1011
1012
1013
1014
1015
1016
1017
1018
1019
1020
1021
1022
1023
1024
1026
1027
1028
1029
1030
1032
1033
1034
1035
1036
1037
1038
1039
1040
1041
1042
1043
1047
1048
1049
1050
1051
1052
1053
1054
1055
1056
1061
1062
1063
1064
1066
1069
1070
1071
1072
1073
1074
1077
1078
1082
1084
1085
1086
1087
1088
1089
1090
1091
1095
1096
1099
1100
1103
1104
1105
1106
1107
1110
1112
1113
1114
1117
1118
1119
1120
1121
1122
1123
1124
1128
1129
1130
1131
1134
1135
1136
1137
1138
1139
1143
1144
1147
1149
1150
1151
1152
1153
1158
1159
1160
1161
1162
1163
1164
1168
1169
1170
1171
1172
1173
1174
1178
1179
1180
1181
1183
1186
1187
1188
1189
1190
1192
1196
1197
1198
1199
1200
1201
1202
1204
1205
1207
1208
1209
1210
1214
1215
1216
1217
1218
1222
1223
1224
1225
1226
1229
1230
1231
1232
1233
1234
1235
1236
1237
1238
1239
1240
1241
1242
1243
1244
1245
1246
1247
1248
1249
1250
1251
1252
1253
1254
1255
1256
1257
1258
1259
1260
1261
1262
1263
1264
1265
1266
1267
1268
1269
1270
1271
1272
1273
1274
1275
1276
1277
1281
1282
1283
1284
1285
1286
1287
1288
1289
1290
1291
1292
1293
1294
1295
1296
1297
1298
1299
1300
1301
1303
1304
1305
1306
1307
1310
1312
1313
1314
1316
1317
1318
1319
1321
1322
1323
1324
1325
1326
1327
1328
1331
1332
1335
1336
1338
1339
1340
1341
1342
1344
1345
1346
1347
1348
1349
1350
1351
1353
1354
1355
1356
1357
1359
1360
1361
1366
1367
1370
1371
1373
1374
1375
1376
1379
1380
1383
1384
1385
1386
1388
1389
1390
1391
1393
1394
1395
1396
1397
1398
1400
1401
1402
1403
1404
1405
1408
1410
1411
1412
1413
1416
1417
1418
1420
1423
1424
1425
1426
1427
1428
1429
1431
1434
1435
1436
1437
1438
1441
1442
1443
1444
1445
1448
1449
1450
1451
1452
1455
1456
1458
1459
1460
1461
1462
1463
1464
1465
1466
1467
1468
1470
1471
1472
1473
1474
1475
1477
1480
1481
1484
1485
1486
1489
1490
1493
1494
1497
1498
1501
1502
1505
1506
1509
1510
1513
1514
1518
1519
1520
1522
1525
1526
1527
1528
1529
1530
1531
1532
1533
1534
1538
1539
1542
1543
1546
1547
1550
1551
1554
1555
1558
1559
1562
1563
1566
1567
1570
1571
1574
1575
1578
1579
1582
1583
1587
1590
1591
1594
1595
1598
1599
1602
1603
1604
1606
1607
1609
1612
1613
1616
1617
1620
1621
1624
1625
1629
1632
1633
1636
1637
1638
1639
1641
1645
1646
1649
1650
1651
1652
1653
1656
1657
1658
1659
1660
1661
1662
1664
1667
1668
1669
1670
1671
1672
1674
1675
1676
1678
1680
1683
1684
1685
1687
1688
1689
1690
1691
1692
1693
1694
1695
1696
1697
1698
1701
1704
1705
1706
1707
1709
1710
1712
1713
1716
1717
1720
1723
1724
1727
1728
1731
1732
1735
1736
1739
1740
1741
1743
1744
1745
1748
1749
1750
1751
1752
1754
1755
1756
1757
1758
1761
1762
1763
1764
1765
1766
1767
1768
1769
1770
1774
1776
1777
1779
1784
1785
1786
1787
1788
1789
1792
1793
1794
1795
1796
1797
1798
1799
1800
1801
1803
1804
1808
1809
1810
1811
1812
1813
1814
1815
1816
1817
1819
1820
1824
1825
1826
1827
1828
1829
1830
1831
1832
1833
1835
1836
1840
1841
1842
1843
1844
1845
1846
1847
1848
1850
1851
1853
1854
1859
1860
1861
1862
1863
1866
1867
1868
1869
1870
1873
1874
1875
1876
1877
1880
1881
1882
1883
1884
1888
1889