1
2
4
5
6
7
8
9
11
13
14
15
16
17
19
21
24
25
26
27
28
30
31
32
33
34
35
36
37
38
39
40
41
42
43
44
45
46
47
48
49
50
51
52
53
54
55
56
57
58
59
61
62
63
64
65
67
69
70
71
73
74
75
76
77
78
79
80
81
82
83
84
85
86
87
88
89
90
91
92
93
95
96
97
98
99
101
102
104
105
106
108
112
113
114
115
116
117
119
121
122
123
126
127
128
129
130
131
132
133
134
135
137
138
140
141
142
143
144
145
146
147
149
150
151
154
156
158
160
164
165
166
167
168
169
170
172
174
175
176
177
178
180
181
182
183
185
189
190
191
192
193
195
196
198
201
204
205
206
207
208
209
210
211
212
213
214
215
216
217
218
220
221
223
224
225
227
229
230
232
233
234
237
238
239
241
242
243
247
250
251
252
253
254
255
256
257
258
260
261
262
264
267
268
269
270
271
272
273
274
276
278
279
281
282
284
285
286
289
292
293
294
295
296
297
298
299
300
302
304
305
307
309
310
311
312
313
315
317
320
322
325
327
328
329
332
335
336
337
338
339
340
341
342
343
344
345
346
347
348
349
350
351
353
354
355
356
357
359
360
361
363
365
367
369
370
372
373
375
376
378
379
380
383
386
387
388
389
390
391
392
393
394
395
396
397
398
399
400
401
402
403
404
405
406
407
408
409
410
411
412
413
414
415
416
417
418
419
420
421
422
423
424
425
426
427
428
430
431
433
435
437
438
439
440
441
442
443
444
446
447
448
450
451
452
455
456
457
458
459
460
461
462
463
464
465
466
467
468
469
470
471
472
474
476
478
480
482
483
484
485
486
487
488
489
493
496
497
498
499
500
501
502
503
504
505
506
508
509
513
514
515
516
517
518
519
520
521
522
523
524
525
526
527
528
529
530
531
532
533
534
535
536
537
538
539
540
541
542
543
544
545
546
547
548
550
551
553
555
557
558
559
560
561
563
564
566
568
569
570
573
574
575
576
578
580
582
584
586
588
589
591
595
599
600
601
602
603
604
605
606
607
608
609
611
613
614
615
616
618
620
622
626
627
629
630
631
632
633
637
638
639
640
641
642
643
645
647
649
651
656
657
658
659
660
661
662
663
664
665
666
667
668
669
670
672
673
675
676
677
679
680
681
682
683
687
688
689
690
691
692
693
694
695
696
698
699
701
705
706
707
708
709
710
711
712
713
714
715
717
719
721
723
724
725
728
730
731
732
733
734
735
736
737
738
739
740
741
742
743
744
745
746
747
748
750
751
753
755
757
758
759
761
762
763
764
765
766
768
770
772
774
776
779
781
784
785
786
787
788
789
790
791
792
793
794
795
796
797
798
799
800
802
803
805
807
808
810
811
813
815
816
818
820
821
824
826
828
830
834
835
837
838
839
842
843
844
845
846
847
848
849
850
851
852
853
854
855
859
860
861
862
863
864
865
866
867
868
869
870
872
874
876
877
878
879
880
881
882
886
887
888
889
890
891
892
893
894
895
896
897
898
899
900
901
902
903
904
906
908
910
911
912
913
914
915
919
920
921
923
924
925
926
928
930
932
934
938
939
940
941
942
943
944
945
946
947
948
949
951
952
954
955
956
958
960
962
964
965
966
970
972
974
975
976
978
979
982
985
986
987
988
990
991
992
993
995
997
999
1004
1005
1006
1007
1008
1009
1010
1011
1012
1013
1015
1018
1019
1020
1021
1022
1023
1024
1025
1026
1027
1028
1030
1033
1034
1035
1036
1037
1038
1039
1040
1041
1042
1043
1044
1046
1047
1048
1049
1050
1051
1052
1053
1054
1055
1056
1058
1059
1061
1062
1064
1065
1067
1068
1070
1072
1074
1075
1076
1077
1079
1080
1081
1082
1084
1086
1088
1091
1093
1098
1099
1101
1103
1105
1107
1112
1114
1115
1116
1117
1118
1119
1120
1121
1122
1123
1124
1125
1126
1130
1131
1133
1134
1135
1136
1139
1140
1142
1143
1144
1145
1146
1147
1149
1150
1152
1154
1155
1157
1158
1159
1162
1163
1164
1166
1167
1168
1169
1171
1172
1174
1176
1178
1179
1181
1183
1184
1186
1187
1189
1190
1193
1194
1195
1196
1197
1198
1199
1200
1202
1203
1204
1206
1208
1209
1210
1212
1215
1218
1219
1220
1221
1222
1223
1224
1225
1226
1227
1228
1230
1232
1234
1236
1240
1241
1243
1245
1246
1248
1249
1250
1251
1253
1256
1258
1260
1264
1265
1267
1268
1269
1271
1272
1274
1275
1276
1277
1278
1280
1283
1284
1286
1287
1288
1290
1291
1293
1294
1295
1296
1297
1298
1299
1301
1302
1305
1306
1307
1308
1309
1310
1311
1312
1314
1316
1317
1318
1319
1321
1324
1326
1329
1330
1331
1332
1333
1334
1335
1336
1337
1339
1340
1342
1343
1344
1346
1347
1349
1351
1352
1354
1356
1357
1358
1359
1361
1363
1365
1366
1367
1368
1369
1370
1371
1373
1375
1377
1378
1379
1380
1382
1383
1384
1386
1387
1388
1389
1390
1391
1392
1393
1395
1397
1399
1401
1405
1407
1408
1409
1411
1412
1413
1414
1416
1417
1418
1419
1422
1423
1424
1425
1426
1427
1428
1429
1430
1431
1432
1434
1435
1436
1437
1439
1441
1442
1443
1444
1448
1449
1450
1451
1452
1453
1454
1455
1456
1458
1460
1461
1462
1463
1464
1465
1466
1469
1470
1471
1472
1473
1475
1476
1478
1481
1482
1483
1484
1485
1486
1487
1488
1489
1490
1491
1492
1493
1494
1495
1496
1497
1499
1500
1502
1504
1505
1506
1507
1508
1509
1510
1511
1512
1513
1514
1517
1518
1519
1520
1521
1522
1523
1524
1526
1527
1529
1531
1532
1535
1538
1539
1540
1541
1542
1543
1544
1545
1547
1548
1550
1551
1552
1554
1555
1557
1558
1560
1562
1563
1564
1565
1566
1567
1569
1570
1571
1573
1574
1576
1577
1578
1579
1580
1582
1585
1586
1587
1588
1590
1592
1593
1597
1598
1600
1602
1604
1605
1610
1611
1612
1613
1614
1615
1616
1617
1619
1621
1623
1625
1629
1630
1631
1632
1633
1634
1635
1636
1638
1639
1640
1642
1643
1644
1645
1650
1651
1652
1653
1654
1655
1656
1657
1658
1659
1660
1661
1662
1664
1665
1667
1669
1671
1673
1674
1676
1679
1680
1683
1686
1687
1689
1691
1692
1693
1694
1695
1696
1698
1700
1702
1703
1705
1708
1710
1714
1717
1718
1719
1720
1721
1722
1723
1724
1725
1726
1728
1729
1730
1731
1732
1733
1735
1738
1739
1740
1741
1742
1743
1744
1745
1747
1748
1750
1751
1752
1753
1754
1756
1757
1758
1760
1762
1763
1764
1766
1768
1771
1773
1775
1779
1782
1783
1784
1785
1786
1787
1788
1789
1790
1791
1792
1794
1795
1796
1798
1799
1800
1801
1803
1804
1805
1806
1808
1810
1812
1814
1816
1817
1820
1821
1822
1823
1824
1825
1826
1827
1828
1830
1831
1832
1834
1837
1838
1839
1840
1841
1842
1843
1844
1845
1846
1847
1848
1849
1851
1856
1857
1858
1859
1860
1861
1862
1863
1864
1865
1866
1867
1868
1869
1870
1872
1874
1876
1878
1879
1881
1882
1883
1884
1885
1886
1887
1889
1890
1892
1897
1898
1899
1900
1901
1902
1903
1904
1906
1908
1910
1911
1912
1914
1915
1917
1921
1925
1929
1930
1931
1932
1933
1934
1935
1936
1938
1939
1940
1941
1943
1945
1946
1947
1948
1949
1950
1951
1952
1954
1955
1957
1958
1959
1960
1961
1963
1965
1966
1967
1968
1969
1970
1971
1975
1976
1978
1982
1983
1984
1985
1986
1987
1988
1989
1990
1992
1993
1994
1996
1998
1999
2000
2001
2002
2004
2006
2007
2009
2013
2014
2017
2018
2019
2020
2021
2022
2023
2024
2025
2026
2027
2029
2031
2032
2033
2035
2036
2040
2041
2042
2044
2047
2048
2051
2052
2053
2054
2055
2056
2057
2059
2061
2063
2065
2066
2070
2071
2072
2073
2074
2075
2076
2077
2078
2079
2080
2081
2082
2083
2084
2085
2086
2087
2088
2089
2090
2091
2092
2093
2094
2095
2096
2097
2098
2099
2100
2101
2102
2103
2104
2105
2106
2107
2108
2109
2110
2111
2113
2114
2115
2117
2118
2119
2120
2122
2123
2124
2125
2126
2127
2133
2134
2135
2136
2137
2138
2140
2142
2144
2148
2149
2150
2151
2152
2153
2155
2157
2159
2163
2164
2165
2166
2167
2168
2169
2170
2171
2172
2173
2175
2177
2179
2181
2182
2184
2185
2186
2191
2192
2193
2194
2195
2196
2197
2198
2199
2200
2201
2202
2203
2204
2205
2206
2207
2208
2209
2210
2211
2212
2213
2215
2217
2219
2221
2223
2225
2230
2231
2232
2233
2234
2235
2237
2239
2240
2242
2243
2244
2245
2246
2247
2249
2250
2251
2253
2255
2256
2257
2258
2259
2260
2261
2262
2263
2264
2265
2266
2268
2269
2270
2272
2273
2274
2275
2276
2277
2278
2279
2280
2282
2283
2284
2285
2288
2289
2290
2292
2293
2294
2295
2296
2297
2298
2299
2300
2301
2302
2303
2305
2307
2309
2310
2312
2313
2314
2315
2316
2318
2319
2320
2321
2323
2324
2326
2327
2329
2331
2332
2333
2334
2340
2341
2342
2343
2344
2345
2346
2347
2348
2350
2351
2353
2354
2356
2357
2359
2363
2366
2367
2368
2369
2370
2371
2372
2373
2374
2376
2378
2380
2382
2383
2385
2387
2389
2390
2394
2397
2398
2399
2400
2401
2402
2403
2405
2406
2408
2409
2410
2411
2413
2414
2415
2416
2418
2421
2422
2423
2424
2425
2428
2429
2430
2431
2432
2433
2434
2436
2437
2438
2440
2442
2446
2447
2448
2449
2450
2451
2452
2453
2454
2455
2456
2457
2458
2459
2460
2461
2463
2464
2465
2466
2467
2469
2470
2471
2472
2474
2475
2476
2477
2479
2481
2482
2483
2485
2487
2489
2490
2492
2493
2495
2497
2498
2500
2501
2504
2505
2508
2509
2512
2515
2516
2517
2518
2519
2520
2521
2522
2523
2524
2525
2526
2527
2528
2530
2532
2535
2536
2539
2540
2542
2543
2545
2549
2550
2551
2552
2554
2556
2558
2562
2563
2564
2565
2566
2567
2568
2569
2570
2571
2573
2575
2577
2578
2579
2583
2584
2585
2586
2588
2590
2591
2592
2595
2596
2597
2598
2599
2600
2601
2602
2604
2606
2608
2610
2612
2615
2618
2619
2620
2621
2622
2623
2625
2627
2629
2631
2633
2638
2640
2642
2646
2647
2648
2649
2650
2651
2652
2653
2654
2656
2658
2660
2662
2664
2666
2668
2670
2671
2674
2676
2678
2680
2681
2687
2690
2691
2692
2693
2694
2695
2696
2697
2699
2700
2702
2704
2706
2708
2710
2711
2712
2713
2714
2715
2716
2717
2718
2719
2720
2721
2723
2728
2729
2730
2731
2732
2733
2734
2735
2737
2740
2741
2742
2743
2744
2745
2746
2747
2748
2749
2750
2751
2753
2754
2755
2756
2757
2759
2761
2763
2764
2765
2767
2769
2771
2772
2774
2776
2777
2780
2781
2782
2783
2784
2789
2790
2791
2792
2793
2794
2795
2796
2798
2801
2802
2803
2804
2805
2806
2807
2808
2809
2811
2815
2816
2817
2818
2819
2820
2821
2823
2824
2826
2828
2830
2832
2833
2837
2840
2841
2842
2843
2844
2845
2846
2848
2849
2851
2853
2854
2855
2856
2857
2858
2859
2860
2864
2865
2866
2867
2868
2869
2870
2872
2873
2874
2877
2879
2880
2881
2882
2883
2884
2885
2886
2888
2890
2892
2893
2895
2896
2897
2898
2900
2902
2903
2906
2907
2909
2910
2915
2918
2919
2920
2921
2922
2923
2924
2925
2926
2928
2930
2931
2933
2935
2936
2940
2943
2944
2945
2946
2947
2948
2950
2952
2953
2955
2956
2958
2961
2964
2965
2966
2967
2968
2969
2970
2972
2973
2974
2976
2978
2980
2985
2986
2987
2988
2989
2990
2991
2992
2993
2994
2995
2996
2997
2998
3000
3001
3003
3004
3006
3008
3011
3012
3013
3017
3018
3019
3020
3021
3022
3023
3024
3025
3026
3027
3028
3030
3032
3033
3035
3036
3037
3039
3042
3043
3044
3046
3048
3050
3053
3056
3057
3058
3059
3060
3062
3063
3065
3067
3069
3074
3075
3076
3077
3078
3079
3081
3082
3084
3086
3088
3093
3094
3095
3096
3097
3098
3099
3101
3102
3104
3105
3107
3113
3114
3115
3116
3117
3118
3120
3121
3122
3124
3125
3127
3130
3133
3134
3135
3136
3137
3138
3140
3141
3143
3144
3146
3148
3150
3151
3153
3154
3158
3159
3160
3161
3162
3163
3164
3165
3166
3168
3171
3172
3173
3174
3175
3176
3177
3178
3180
3182
3185
3186
3187
3188
3189
3190
3191
3192
3193
3194
3196
3197
3198
3200
3202
3205
3206
3207
3208
3209
3210
3211
3212
3213
3214
3215
3216
3217
3218
3220
3222
3223
3224
3226
3228
3229
3232
3234
3235
3237
3239
3241
3242
3243
3245
3246
3248
3250
3251
3255
3256
3258
3261
3262
3264
3265
3266
3267
3268
3270
3272
3273
3275
3277
3279
3282
3283
3284
3285
3286
3287
3288
3289
3290
3291
3292
3293
3294
3295
3296
3297
3298
3299
3300
3301
3304
3306
3308
3310
3312
3317
3318
3319
3320
3321
3322
3323
3324
3325
3326
3327
3329
3330
3332
3333
3334
3335
3336
3337
3338
3340
3341
3342
3344
3345
3348
3349
3350
3351
3352
3353
3354
3355
3356
3357
3359
3361
3363
3364
3368
3369
3370
3371
3372
3373
3374
3375
3376
3377
3379
3381
3383
3384
3386
3387
3388
3389
3391
3394
3395
3396
3397
3398
3400
3401
3403
3404
3408
3409
3411
3412
3414
3418
3421
3422
3423
3424
3425
3426
3427
3428
3429
3430
3431
3433
3434
3436
3438
3440
3441
3443
3445
3446
3448
3450
3452
3453
3456
3458
3460
3461
3463
3465
3467
3468
3471
3473
3477
3480
3481
3483
3485
3487
3488
3492
3493
3494
3495
3496
3497
3498
3499
3500
3501
3502
3503
3504
3506
3508
3509
3510
3512
3514
3515
3516
3517
3518
3520
3522
3523
3525
3528
3530
3532
3536
3538
3539
3541
3542
3543
3544
3546
3548
3549
3553
3554
3555
3556
3558
3560
3562
3566
3567
3568
3569
3570
3571
3572
3573
3574
3575
3576
3577
3578
3579
3580
3581
3582
3583
3584
3585
3587
3588
3590
3591
3592
3593
3594
3596
3599
3600
3601
3603
3604
3606
3607
3609
3610
3614
3615
3616
3617
3619
3621
3623
3627
3628
3629
3630
3631
3632
3633
3634
3636
3637
3639
3640
3642
3643
3645
3649
3651
3652
3654
3659
3660
3661
3662
3663
3664
3665
3666
3667
3668
3670
3672
3673
3674
3675
3676
3678
3679
3681
3682
3684
3688
3690
3691
3693
3696
3697
3698
3699
3700
3702
3704
3706
3707
3711
3712
3713
3714
3715
3716
3717
3718
3719
3721
3723
3725
3727
3728
3730
3732
3734
3737
3738
3739
3740
3741
3742
3743
3744
3745
3746
3747
3749
3750
3751
3752
3754
3756
3757
3758
3760
3762
3763
3766
3769
3772
3773
3774
3775
3776
3777
3778
3780
3782
3784
3786
3787
3789
3792
3793
3794
3795
3796
3797
3798
3799
3800
3801
3803
3805
3807
3809
3811
3812
3813
3814
3816
3818
3820
3821
3824
3825
3827
3828
3831
3833
3834
3836
3837
3839
3840
3841
3843
3844
3845
3846
3847
3850
3852
3853
3854
3855
3857
3862
3863
3864
3865
3866
3867
3868
3869
3870
3871
3872
3874
3876
3878
3880
3881
3883
3885
3890
3891
3892
3893
3894
3895
3896
3898
3900
3902
3903
3907
3908
3909
3910
3911
3912
3913
3914
3915
3916
3918
3919
3921
3923
3925
3926
3927
3928
3929
3931
3933
3934
3936
3938
3943
3944
3946
3948
3949
3950
3951
3954
3957
3959
3960
3962
3964
3965
3967
3969
3970
3971
3973
3974
3975
3976
3978
3981
3984
3985
3986
3987
3988
3989
3990
3991
3992
3994
3996
3998
3999
4000
4001
4003
4005
4006
4008
4010
4011
4012
4013
4019
4021
4024
4026
4029
4031
4034
4036
4039
4040
4041
4042
4043
4044
4045
4046
4047
4050
4052
4053
4054
4056
4057
4059
4062
4065
4066
4067
4068
4070
4071
4072
4073
4074
4076
4079
4082
4083
4084
4085
4087
4088
4090
4091
4093
4098
4099
4100
4101
4102
4103
4105