1
3
5
6
7
8
9
10
12
14
15
16
17
18
20
22
24
25
27
29
31
33
35
36
37
38
40
42
44
45
46
47
48
49
50
51
52
54
55
56
57
58
59
60
61
62
63
64
65
66
67
68
69
70
71
72
73
74
75
76
77
78
79
80
81
82
83
84
85
86
87
88
89
90
91
92
93
94
95
96
97
98
99
100
101
102
104
106
107
108
110
111
112
113
114
115
116
118
119
122
123
124
125
126
127
128
129
130
131
132
133
134
135
136
138
139
141
142
143
145
146
147
149
150
151
153
155
156
160
161
163
164
165
168
169
171
172
174
176
177
180
183
184
185
186
187
188
189
190
192
193
194
196
197
198
200
201
202
204
205
206
207
208
209
210
211
213
214
215
216
217
219
221
223
225
226
227
228
229
230
231
232
233
235
236
237
238
239
240
241
242
243
244
246
248
249
250
251
252
256
257
258
259
262
263
264
265
268
269
270
271
272
275
276
277
278
279
280
282
283
285
287
288
289
290
291
292
294
295
297
298
299
301
302
303
304
308
309
310
311
313
315
317
319
323
324
325
326
328
330
333
334
336
340
341
343
344
345
347
350
352
354
356
358
361
362
364
365
367
369
370
371
372
373
374
375
376
377
378
379
380
381
382
383
384
385
386
387
388
390
391
392
393
394
395
396
398
402
403
404
405
406
407
409
411
413
414
415
416
417