1
3
5
6
7
8
9
10
12
14
15
16
17
18
20
22
24
26
28
29
31
33
35
37
38
39
40
41
42
43
44
45
47
49
51
53
55
57
59
61
62
63
64
65
66
68
71
72
73
75
77
78
79
80
81
82
83
84
85
86
87
88
89
90
91
92
93
94
95
96
98
99
101
102
103
106
108
110
111
112
113
115
116
119
122
123
124
125
126
127
128
129
130
132
133
134
135
137
138
139
140
143
144
145
146
147
148
149
150
151
152
154
156
158
161
163
164
165
166
167
168
170
171
172
175
176
177
178
179
180
181
182
183
185
186
188
189
191
192
193
195
197
198
199
200
201
203
204
205
206
207
209
210
211
212
213
216
217
218
220
223
224
225
226
227
228
229
230
232
234
235
236
238
239
240
242
244
245
246
249
250
251
252
253
254
255