1
3
5
6
7
8
9
10
12
14
15
16
17
18
20
22
24
26
27
29
31
32
33
35
36
37
39
40
42
43
44
45
46
47
48
49
50
51
52
53
54
56
57
58
59
60
62
63
64
65
66
67
68
69
70
71
72
73
74
75
76
77
78
79
80
81
83
84
85
86
87
90
91
95
96
98
101
102
104
107
108
110
113
114
116
117
119
121
122
124
125
129
132
133
135
138
139
141
144
145
147
148
149
150
153
154
156
157
158
159
162
163
165
168
169
171
174
175
177
180
181
183
186
188
189
191
193
194
196
198
201
203
204
205
206
207
210
212
215
217
218
219
220
221
222
224
225
226
227
228
229
231
232
234
235
238
239
240
241
242
243
245
246
247
248
250
251
253
254
255
258
259
261
264
265
266
267
268
269
270
272
274
275
277
278
280
282
283
284
285
286
287
288
289
290
292
293
294
295
296
298
300
301
302
303
305
306
312
315
316
317
318
320
322
323
324
326
328
330