1
3
5
6
7
8
9
10
12
14
15
16
17
18
20
22
24
25
26
27
28
29
30
31
32
34
36
37
38
39
40
41
43
44
45
46
48
49
50
51
53
54
56
57
58
59
60
61
62
63
64
66
67
68
69
72
73
74
75
78
79
80
81
82
83
84
85
86
87
88
90
91
92
93
95
97
99
100
102
105
107
109
110
112
115
116
117
118
119
120
121
122
124
126
127
128
129
130
131
132
134
135
136
137
138
139
140
141
142
143
145
146
147
148
149
150
151
152
155
156
158
159
160
161
162
163
164
165
166
167
168
170
171
172
173
174
176
177
178
179
180
184
186
188
189
190
191
192
193
194
195
196
197
198
199
200
201
202
203
204
205
206
207
208
209
211
212
214
215
217
220
221
223
224
225
228
229
232
233
237
238
239
240
241
242
244
246
248
249