1
3
5
6
7
8
9
10
12
14
15
16
17
18
20
22
24
25
26
27
28
29
30
32
34
35
36
37
38
39
40
42
43
44
45
46
47
48
49
50
51
53
54
56
57
58
60
61
62
64
65
66
67
69
70
71
72
74
75
76
77
79
80
81
83
85
86
87
90
91
92
93
94
95
97
98
99
100
101
102
103
105
106
108
109
111
112
114
115
117
118
120
121
122
124
125
126
127
128
130
131
132
133
134
136
137
139
141
143
144
145
146
148
149
150
151
153
154
155
156
157
158
160
161
162
164
166
167
170
172
176
178
179
180
181
182
183
185
187
189
190
191
192
193
194
195
196
197
198
199
200
201
202
203
205
206
207
208
209
210
213
214
219
220
221
222
223
224
225
226
227
228
229
230
231
232
233
234
235
238
243
244
245
246
247
248
249
250
252
253
254
255
256
257
258
259
260
261
263
265
267
269
270
271
272
273
275
276
279
280
281
282
283
284
286
288
289
290
291
294
295
296
297
299
300
302
306
307
308
309
310
311
313
314
315
316
317
318
319
320
321
322
323
324
325
326
327
328
329
330
331
333
338
339
340
341
342
343
344
345
346
348
351
352
353
354
355
356
357
359
362
363
364
365
366
367
368
369
370
371
373
377
378
379
380
381
382
383
384
385
386
387
389
392
393
394
395
396
397
398
399
400
401
402
404
407
408
409
410
411
412
413
414
415
416
417
419
422
423
424
425
426
427
428
429
430
433
436
437
438
439
440
441
442
443
444
446
450
451
452
453
454
455
456
457
458
459
460
461
462
464
468
469
470
471
472
473
474
476
479
482
483
484
485
486
487
488
489
490
491
492
494
497
498
499
500
501
502
503
505
506
507
512
513
514
515
516
517
518
520
523
525
526
527
528
529
531
533
536
537
538
539
540
541
542
543
544
545
546
547
548
549
550
551
553
555
556
557
561
562
563
564
565
566
567
568
569
570
571
576
577
578
579
580
582
583
584
585
586
588
589
590
591
592
593
594
596
597
598
599
600
601
602
604
606
607
608
609
611
613
615
617
618
619
620
622
625
626
627
628
629
630
631
632
633
634
635
637
638
639
640
641
643
644
645
647
648
649
651
654
655
657
658
659
661
663
666
667
669
671
672
673
674
675
677
679
681
682
684
687
688
689
691
692
694
696
699
700
701
702
703
704
705
706
707
709
710
712
713
714
715
716
718
720
721
724
725
726
727
729
732
733
734
735
736
737
738
739
741
742
744
745
746
748