1
3
5
6
7
8
9
10
12
14
15
16
17
18
20
22
24
25
26
27
28
29
30
32
33
35
36
38
40
41
42
43
45
46
47
48
49
52
53
55
56
57
59
60
61
62
63
64
65
67
68
69
70
71
73
75
78
80
81
83
85
86
87
88
91
93
94
95
96
97
100
102
103
104
105
106
110
111
113
114
115
116
117
121
123
124
125
126
127
131
133
134
135
136
137
141
143
144
145
146
147
148
152
154
155
156
157
158
159
163
165
166
168
169
170
171
174
177
178
179
180
184
186
187
188
189
190
191
192
194
195
196
197
201
203
204
205
206
207
211
213
214
215
216
217
221
223
224
225
226
227
231
233
234
235
236
237
238
242
244
245
246
247
248
252
254
255
256
257
258
262
264
265
266
267
268
272
274
275
276
277
278
279
283
285
286
287
288
289
293
294
296
298
299
301
303
304
309
310
311
313
315
316
318
320
321
325
326
328
330
331
333
335
336
340
342
344
346
348
349
353
355
357
359
361
362
366
367
368
369
370
372
373
374
375
376
377
378
379
381
384
385
386
389
390
391
392
393
394
396
397
398
399
402
403
404
405
406
407
408
409
410
411
414
415
416
418
419
420
423
424
425
426
428
430
431
432
433
434
435
436
437
438
439
440
441
442
444
449
450
452
453
454
455
456
457
459
460
461
462
463
464
465
467
468
469
471
472
476
477
478
479
480
481
482
483
484
486
489
490
491
492
493
494
495
496
497
499
502
503
504
505
506
508
511
512
513
514
515
516
517
518
519
523
524
525
526
527
528
529
531
533
534
536
538
540
543
544
547
550
552
553
554
556
557
558
559
560
561
562
563
565
566
567
569
571
572
576
577
578
579
580
581
582
584
586
587
591
592
593
595
596
597
598
599
600
601
602
603
604
605
607
608
609
610
612
615
618
619
620
621
622
623
624
625
626
627
628
629
630
633
634
635
636
637
638
639
640
641
644
645
646
647
648
649
650
651
652