1
3
5
6
7
8
9
10
12
14
15
16
17
18
20
22
24
25
26
27
28
29
30
31
32
33
34
35
36
37
38
39
40
41
44
45
46
47
48
49
50
51
52
53
54
55
56
57
58
59
61
62
64
65
66
67
69
70
71
72
73
74
76
77
78
79
80
82
83
84
85
86
87
88
89
90
91
92
93
94
96
97
98
99
101
102
103
105
108
110
111
112
113
114
117
118
119
120
122
123
125
127
130
133
134
135
138
139
140
141
142
143
145
146
148
149
150
151
152
154
155
157
159
161
163
165
167
171
175
176
178
181
182
184
187
189
190
191
192
194
195
198
199
200
201
202
203
205
206
208
209
210
211
212
213
214
216
219
222
223
224
225
227
230
231
232
233
235
239
241
242
243
244
246
249
250
251
252
253
254
256
260
262
263
264
265
266
267
268
269
271
272
274
275
277
279
280
281
282
283
284
285
291
292
293
294
296
297
298
299
300
301
303
306
307
308
309
310
311
313
316
317
318
319
320
321
322
324
325
328
329
330
331
332
334
335
338
339
340
341
342
343
344
346
349
350
351
352
353
354
355
356
357
358
359
360
361
363
364
366
367
368
369
370
371
372
373
374
376
377
379
380
381
382
383
385
386
388
390
391
392
394
395
396
400
401
402
404
406
407
408
409
410
412
413
414
419
422
423
424
425
426
427
428
429
430
431
433
435
436
439
442
443
444
445
447
449
450
452
455
457
459
461
462
463
464
465
467
468
469
471
472
473
475
476
477
479
480
481
483
484
486
489
490
491
492
494
495
496
497
498
499
500
501
502
503
504
505
506
507
508
512
515
516
517
518
519
520
521
522
523
524
527
528
529
530
531
532
533
534
535
536
539
540
541
542
543
544
545
546
548
549
550