1
3
5
6
7
8
9
10
12
14
15
16
17
18
20
22
24
25
26
27
28
29
30
31
32
33
36
37
38
39
40
41
43
44
45
47
49
50
51
53
54
55
57
58
61
62
64
65
66
67
68
70
71
75
76
77
78
79
80
81
82
83
84
85
86
87
88
89
91
96
97
98
99
100
101
102
103
105
106
107
108
111
112
115
116
117
118
119
120
122
123
124
125
127
129
132
133
134
135
136
137
139
140
141
142
144
146
149
150
151
152
153
154
155
156
157
158
159
160
162
163
164
165
166
168
169
170
172
177
178
179
180
181
182
183
184
185
186
187
188
189
190
191
192
193
194
195
196
197
199
200
201
202
203
205
206
207
208
209
214
215
216
217
218
219
220
221
222
223
224
225
226
227
228
230
231
232
233
238
239
240
241
242
243
244
245
246
247
248
249
250
251
252
253
254
255
256
257
258
259
260
261
263
264
265
266
267
271
272
273
274
275
276
277
278
279
280
281
282
283