1
3
5
6
7
8
9
10
12
14
15
16
17
18
20
22
24
25
27
29
31
33
34
35
36
38
40
41
43
45
47
48
49
51
52
54
56
57
59
60
62
64
66
67
68
69
71
73
74
75
76
78
79
80
81
82
83
84
85
86
87
88
90
91
92
93
94
96
97
98
99
100
101
102
103
105
106
108
109
112
113
114
115
116
117
118
119
120
122
123
125
126
127
128
129
130
133
134
135
136
137
138
140
142
144
145
146
147
148
149
152
154
158
159
160
161
162
163
165
167
169
171
173
174
178
180
183
184
185
186
187
188
189
190
191
192
193
194
195
197
198
199
201
202
203
205
207
208
209
210
212
214
215
216
219
220
221
222
223
224
225
227
229
230
231
232
233
234
236
238
239
240
244
245
246
250
251
252
253
254
256
259
261
262
263
264
265
267
268
269
270
271
272
273
274
275
276
277
278
279
280
281
282
283
284
285
286
287
288
290
292
293
294
295
297
299
301
302
303
304
305
306
307
308
310
312
313
314
316
317
318
319
321
322
323
324
325
326
327
328
329
330
332
334
335
336
337
338
339
340
341
342
343
344
345
346
347
348
349
353
354
357
360
361
362
363
364
365
366
367
368
369
372
373
374
375
377
378
379
380
381
382
383
385
386
387
388
389
391
393
395
396
400
401
402
403
405
408
409
410
411
412
413
415
416
417
418
419
421
422
423
428
429
430
431
432
433
434
435
436
437
438
439
440
441
442
443
444
445
446
448
449
450
452
454
455
456
458
459
460
461
463
465
466
467
468
470
472
475
476
477
478
479
481
482
483
484
485
487
488
489
490
491
493
494
495
496
497
499
500
501
503
505
506
508
509
510
512
514
516
518
519
520
521
522
523
524
526
528
530
532
533
534
535
538
542
543
544
545
546
547
548
549
550
551
552
553
554
555
556
557
558
559
560
561
562
564
566
568
569
570
571
572
573
574
575
576
577
579
581
582
583
584
586
587
588
590
592
593
594
595
596
598
599
600
602
604
605
606
607
608
610
611
612
613
614
616
617
619
621
622
623
624
626
627
628
629
630
633
636
637
638
639
640
641
642
643
644
645
646
647
648
649
650
651
652
653
654
655
656
658
659
661
663
664
665
666
667
668
669
670
671
673
674
675
676
678
679
680
681
683
684
685
686
688
689
690
691
693
694
695
696
698
699
700
701
702
705
706
709
710
711
712
716
717
718
719
720
721
722
723
724
725
726
727
728
729
730
731
732
733
734
735
737
738
739
740
743
744
745
746
747
748
749
750
751
752
753
754
755
756
757
758
759
760
761
762
763
764
765
766
767
768
769
770
772
775
776
777
778
779
780
781
782
783
784
786
787
790
791
792
793
794
795
797
800
801
803
806
807
808
809
810
811
812
813
814
815
816
817
818
819
821
823
824
826
829
830
831
833
836
837
838
841
842
843
844
845
846
847
848
850
851
852
854
856
857
859
861
862
863
864
865
866
867
868
869
871
874
877
878
879
881
883
885
886
887
889
890
891
892
894
895
896
899
900
902
904
906
907
909
910
911
913
914
915
916
917
918
920
922
923
924
925
926
928
930
931
933
934
935
936
937
938
939
940
942
943
944
945
946
947
948
952
954
955
956
957
958
959
961
963
964
966
967
968
969
971
972
973
974
975
980
981
982
983
984
985
986
987
988
989
991
993
995
998
1000
1003
1006
1007
1008
1009
1010
1011
1012
1013
1014
1016
1019
1020
1021
1022
1023
1025
1028
1029
1030
1031
1032
1034
1036
1037
1038
1040