1
3
5
6
7
8
9
10
12
14
15
16
17
18
20
22
24
25
26
27
28
30
31
32
33
34
35
36
37
38
39
41
42
43
44
45
46
48
50
51
52
53
54
55
56
57
58
59
60
61
62
64
65
66
67
68
69
70
71
72
73
74
75
76
78
81
83
85
86
89
92
93
94
95
96
97
98
99
100
101
102
103
105
106
109
110
112
115
117
118
119
120
121
122
123
124
125
126
127
128
130
131
132
135
136
138
141
143
144
145
146
147
148
149
150
151
152
154
157
159
160
161
162
163
164
165
166
167
168
170
171
174
176
177
178
179
180
181
182
183
184
185
187
190
193
194
195
196
197
198
199
200
201
202
203
204
206
207
210
211
213
216
219
220
221
222
223
224
225
226
227
228
229
230
231
232
233
234
236
237
238
239
240
243
244
246
249
250
251
252
253
256
257
258
260
261
263
264
265
266
267
269
270
271
272
273
274
275
276
277
278
279
280
282
283
284
285
286
287
290
291
292
293
294
295
296
297
298
299
300
301
302
303
304
305
306
307
308
309
310
311
313
314
315
316
317
318
319
320
323
324
325
326
327
328
329
330
331
332
334
335
336
337
341
343
344
345
346
347
348
350
352
353
354
355
356
357
358
359
360
361
362
363
364
365
368
369
370
371
372
373
374
375
376
377
378
379
380
381
382
383
384
386
387
388
389
390
391
392
393
396
397
398
399
400
401
402
403
404
405
407
408
409
410
411
412
413
414
418
419
420
421
422
423
424
426
427
430
431
432
433
435
436
437
438
439
440
442
443
444
446
447
453
455
456
458
459
460
461
462
464
465
467
469
470
471
472
473
474
475
479
482
483
484
485
486
487
488
489
490
491
492
493
494
495
496
497
498
499
500
501
502
503
504
505
506
507
508
509
510
511
512
513
514
515
516
517
518
519
520
521
522
523
524
525
526
527
528
530
531
532
533
534
535
536
537
539
540
542
543
545
546
547
548
549
551
552
553
554
555
557
558
559
561
562
563
564
566
568
569
570
571
574
575
576
578
579
581
582
583
584
585
586
587
588
589
590
591
592
594
595
596
598
599
600
601
602
604
606
607
609
610
611
612
613
614
615
616
617
618
619
620
621
622
623
625
626
628
630
631
632
633
635
637
639
640
641
642
643
645
646
651
652
653
654
655
656
657
658
659
660
661
662
663
664
665
666
667
668
669
670
672
673
675
676
677
678
679
680
681
682
683
685
686
688
689
691
695
697
698
700
701
703
704
706
708
710
711
712
713
714
716
718
720
721
725
726
728
729
730
731
732
733
734
735
736
737
738
739
740
741
742
744
745
746
747
748
749
750
754
757
758
759
760
761
762
763
764
765
766
767
769
770
772
774
776
779
781
784
785
787
788
790
793
796
797
798
799
801
804
805
806
807
809
812
813
814
815
816
817
819
822
823
824
825
826
827
828
829
830
831
832
833
834
835
836
837
838
840
842
845
846
849
850
851
852
853
854
855
857
860
861
862
863
864
865
866
867
868
870
873
874
875
876
877
878
879
881
884
885
886
887
888
889
890
891
893
896
897
899
902
903
904
905
906
907
908
909
910
912
915
916
917
918
919
920
921
922
923
925
928
929
931
934
935
936
937
938
939
940
941
942
944
945
947
950
951
952
953
954
955
956
957
959
962
963
964
965
966
967
968
970
973
974
975
976
977
978
979
980
982
983
985
988
989
990
991
992
994
997
998
999
1000
1001
1002
1003
1004
1005
1006
1007
1008
1010
1011
1013
1014
1015
1016
1017
1018
1019
1020
1021
1023
1024
1025
1027
1028
1029
1030
1031
1032
1034
1035
1036
1037
1038
1040
1041
1042
1043
1044
1045
1046
1047
1048
1049
1050
1051
1054
1055
1056
1058
1059
1060
1061
1062
1063
1065
1066
1067
1068
1069
1070
1071
1072
1074
1075
1076
1077
1078
1079
1080
1081
1083
1084
1085
1086
1087
1088
1089
1090
1092
1093
1094
1095
1096
1097
1098
1099
1100
1102
1103
1105
1106
1107
1111
1114
1115
1116
1117
1118
1119
1120
1121
1122
1123
1124
1125
1126
1127
1128
1129
1130
1131
1132
1133
1134
1135
1136
1137
1138
1139
1140
1141
1142
1143
1144
1145
1146
1147
1148
1149
1150
1151
1152
1153
1156
1157
1158
1159
1160
1161
1162
1163
1164
1165
1166
1167
1168
1169
1171
1174
1175
1176
1177
1178
1180
1183
1184
1185
1186
1187
1189
1190
1191
1193
1194
1196
1197
1199
1200
1201
1202
1203
1205
1206
1207
1208
1210
1211
1212
1213
1214
1215
1217
1218
1220
1221
1223
1224
1226
1227
1229
1230
1232
1233
1235
1236
1237
1239
1240
1241
1242
1244
1245
1246
1247
1249
1250
1254
1255
1256
1257
1258
1259
1260
1261
1262
1263
1265
1267
1268
1269
1271
1272
1273
1274
1276
1277
1279
1282
1283
1285
1286
1288
1289
1292
1293
1294
1295
1296
1297
1298
1302
1306
1307
1309
1310
1312
1315
1316
1317
1318
1320
1321
1323
1326
1327
1328
1329
1331
1332
1334
1337
1338
1339
1341
1344
1346
1347
1348
1349
1350
1351
1352
1353
1354
1355
1356
1357
1358
1359
1360
1364
1365
1366
1367
1368
1369
1370
1371
1372
1373
1374
1375
1376
1377
1378
1379
1380
1381
1383
1384
1385
1386
1387
1388
1389
1393
1394
1395
1396
1397
1398
1399
1400
1401
1402
1403
1404
1405
1406
1407
1408
1409
1410
1411
1412
1413
1417
1418
1419
1420
1421
1422
1423
1424
1425
1426
1429
1430
1431
1432
1433
1434
1435
1436
1437
1438
1441
1442
1443
1444
1445
1446
1447
1448
1449
1450
1451
1452
1455
1457
1460
1462
1463
1464
1465
1466
1467
1468
1469
1470
1471
1473
1474
1475
1476
1477
1478
1479
1482
1483
1484
1485
1486
1487
1488
1489
1490
1492
1493
1496
1497
1498
1499
1500
1501
1503
1504
1505
1506
1507
1508
1509
1510
1511
1512
1513
1514
1515
1516
1517
1518
1519
1520
1521
1522
1523
1524
1525
1526
1527
1528
1530
1532
1533
1534
1535
1536
1537
1538
1539
1540
1542
1545
1546
1547
1548
1549
1550
1552
1553
1555
1556
1557
1558
1559
1561
1563
1564
1565
1568