1
3
5
6
7
8
9
10
12
14
15
16
17
18
20
22
24
26
27
28
29
30
31
32
33
34
35
36
37
38
39
40
41
42
44
45
47
48
49
50
51
52
54
55
56
57
58
59
61
63
64
65
68
69
70
73
74
76
77
78
79
80
82
84
85
86
87
88
91
92
93
96
97
98
99
100
101
102
103
105
106
107
108
109
110
113
114
115
117
118
119
120
121
123
126
127
128
129
131
132
133
134
135
136
137
138
139
140
141
142
143
144
145
146
147
148
149
151
152
154
156
158
160
164
165
166
167
168
169
170
173
175
176
177
178
179
180
181
185
186
187
190
191
194
195
196
197
201
202
205
207
209
210
211
212
213
214
215
216
217
219
220
221
222
227
228
229
230
231
232
233
235
236
238
242
243
244
246
247
248
249
252
254
255
257
258
259
261
262
264
265
267
268
270
274
276
278
279
280
282
284
286
288
291
293
297
298
299
300
301
303
305
307
309
310
311
312
314
315
317
319
321
324
325
329
330
331
332
333
334
335
336
337
338
339
340
341
342
343
344
345
346
347
348
349
350
351
352
353
354
355
356
357
358
359
360
361
362
365
367
369
370
372
373
374
376
377
379
380
382
383
385
390
392
394
395
397
398
399
401
402
404
405
407
408
410
413
416
418
419
420
423
424
425
426
427
428
429
430
431
432
434
436
438
441
443
447
449
450
451
452
453
455
458
460
462
466
467
468
469
470
471
472
473
474
475
476
477
478
479
480
481
482
483
485
486
487
489
491
492
495
497
498
499
500
501
502
503
504
508
510
513
515
516
517
519
521
522
523
527
529
530
532
535
536
537
538
539
540
541
542
543
544
545
546
547
548
549
550
551
552
553
555
556
557
558
560
561
564
565
568
569
572
574
576
578
580
584
586
588
590
592
596
597
598
600
602
604
606
607
608
611
614
616