1
3
5
6
7
8
9
10
12
14
15
16
17
18
20
22
24
25
26
28
29
31
33
34
35
36
38
39
40
42
44
45
46
47
48
50
51
52
53
54
56
58
59
60
61
62
63
64
65
67
68
69
70
71
72
73
74
75
76
77
78
80
81
82
83
84
85
87
88
89
91
93
94
96
97
101
102
103
106
107
108
109
110
111
112
113
114
115
116
117
118
120
121
122
123
124
125
126
128
129
130
131
132
133
134
136
138
140
141
146
147
148
149
150
151
152
153
154
155
156
157
158
160
161
162
163
164
165
168
169
170
171
172
173
174
175
176
178
179
180
181
183
186
187
188
189
190
191
193
195
197
198
200
201
202
203
204
206
208
212
214
215
216
217
220
222
223
224
225
226
227
228
229
231
233
234
235
236
237
239
241
242
243
244
246
247
248
250
252
253
255
256
257
258
260
261
263
264
266
267
268
270
272
273
276
277
278
279
280
282
284
286
287
288
290
293
294
296
297
299
301
302
304
306
307
309
310
313
314
316
317
318
319
321
322
323
324
325
326
327
328
329
330
331
332
333
334
336
337
338
339
340
341
342
343
344
347
348
349
351
352
353
354
355
356
357
358
359
360
361
362
363
364
365
366
367
368
371
373
374
376
377
378
379
382
383
385
386
388
391
392
393
395
396
398
399
401
402
403
404
406
407
408
410
411
412
413
416
418
419
420
421
422
423
424
425
426
427
428
429
430
431
432
433
434
435
436
437
438
439
440
441
442
443
445
446
447
448
452
453
454
455
456
457
458
459
460
462
463
466
467
468
469
470
471
473
475
476
478
480
481
483
485
487
488
490
491
494
495
496
497
499
500
502
504
505
507
508
511
514
516
517
518
519
520
522
523
525
526
528
529
530
534
535
536
537
538
539
540
541
542
543
544