1
3
5
6
7
8
9
10
12
14
15
16
17
18
20
22
24
26
28
29
30
31
32
33
34
35
36
37
39
41
42
43
45
46
48
49
51
52
54
55
56
57
58
59
60
61
62
63
64
65
66
67
68
69
70
72
75
76
77
78
79
81
82
83
84
85
86
87
89
90
91
92
94
95
96
97
98
99
100
101
102
103
104
105
106
107
109
111
112
113
114
116
117
118
119
120
121
123
125
127
129
131
132
134
136
137
138
140
141
143
144
145
146
147
148
149
151
152
153
154
155
156
157
159
160
161
163
164
165
167
168
169
170
171
172
173
174
175
176
177
178
179
180
181
182
183
185
186
187
188
189
190
191
192
193
194
195
196
198
199
203
205
207
209
211
212
214
215
216
217
219
220
222
223
225
226
227
229
230
231
232
233
234
235
236
237
238
239
240
242
243
245
246
247
248
249
250
251
252
254
255
258
259
260
261
262
264
265
268
269
270
271
272
273
274
275
276
277
279
280
281
282
283
284
286
287
288
289
290
291
292
293
294
295
296
297
298
299
300
301
302
303
304
305
306
307
308
310
311
312
313
314
315
316
317
318
319
320
321
322
323
324
325
326
328
330
331
332
333
335
336
341
343
344
347
348
349
350
351
352
353
354
355
356
359
361
364
365
366
367
368
369
370
372
373
375
377
380
381
384
385
386
387
388
390
391
392
393
394
395
396
397
398
399
401
402
403
404
405
406
408
410
414
415
416
418
419
420
421
422
423
424
425
426
427
428
429
430
431
432
433
434
435
436
437
438
439
440
441
442
443
444
445
446
447
448
449
450
451
452
453
454
455
457
458
459
460
461
462
463
464
465
466
468
469
470
471
472
473
474
475
476
477
478
479
480
481
482
484
485
489
490
491
492
493
494
495
498
499
500
501
502
503
504
505
506
508
509
510
511
512
513
514
515
516
517
518
519
520
521
522
523
524
525
526
527
529
530
531
534
535
536
537
538
539
540
541
542
543
545
546
548
549
550
551
552
553
556
558
560
561
562
563
564
566
570
571
572
573
574
575
576
577
578
581
583
584
585
586
587
588
589
590
593
594
595
596
597
599
601
603
604
605
606
607
608
609
610
611
612
614
616
617
618
619
620
621
622
623
624
625
626
627
628
629
630
631
632
633
634
635
636
637
638
639
640
641
642
643
644
645
646
647
648
649
650
651
652
653
654
655
656
657
658
659
660
661
662
663
664
665
666
667
668
669
670
671
672
673
674
676
677
678
679
681
682
683
684
686
687
688
689
692
693
694
695
696
697
698
700
701
702
703
704
705
706
707
708
709
710
711
713
714
718
719
721
722
723
724
725
726
727
728
729
730
731
732
733
734
737
739
740
742
744
745
747
748
749
750
751
753
754
758
759
760
761
763
764
765
767
769
772
773
774
775
777
779
782
784
788
790
796
797
798
799
800
802
803
804
805
806
807
808
809
810
811
813
814
815
816
817
818
819
820
821
822
823
824
826
827
829
831
832
833
834
835
836
837
838
841
842
843
844
845
846
847
848
849
850
851
852
854
856
858
859
860
861
862
863
866
867
868
869
870
871
873
875
877
879
883
884
885
886
888
889
890
891
892
893
894
895
896
897
899
901
902
904
905
906
907
908
909
910
911
912
913
915
916
917
918
919
920
921
922
924
926
927
928
929
930
931
932
933
934
937
938
939
940
942
943
944
945
946
947
948
949
950
952
953
954
955
956
957
958
962
963
964
965
966
967
968
969
970
971
973
974
975
976
977
978
979
980
981
982
983
984
985
986
987
988
989
990
991
992
993
994
995
996
997
998
999
1000
1001
1003
1004
1007
1008
1010
1011
1012
1013
1014
1016
1017
1019
1021
1024
1027
1029
1032
1035
1037
1039
1040
1041
1042
1043
1044
1046
1047
1048
1049
1051
1052
1054
1056
1058
1059
1060
1062
1063
1064
1065
1067
1068
1069
1070
1071
1075
1077
1078
1079
1081
1085
1086
1087
1088
1090
1091
1093
1094
1095
1096
1098
1099
1100
1102
1103
1104
1105
1106
1107
1110
1112
1113
1115
1118
1119
1120
1121
1123
1125
1126
1128
1130
1131
1133
1134
1136
1138
1139
1140
1141
1142
1143
1144
1145
1146
1147
1148
1150
1151
1152
1155
1156
1157
1161
1162
1163
1164
1165
1167
1168
1169
1170
1171
1173
1176
1178
1181
1182
1184
1186
1187
1188
1190
1193
1194
1197
1198
1200
1202
1203
1204
1205
1206
1207
1208
1209
1211
1212
1213
1216
1217
1218
1219
1220
1221
1222
1223
1224
1225
1226
1228
1230
1231
1235
1236
1237
1238
1239
1240
1241
1242
1243
1244
1245
1247
1248
1249
1250
1251
1253
1254
1255
1256
1257
1258
1259
1261
1262
1263
1264
1265
1266
1267
1268
1270
1272
1273
1275
1278
1279
1280
1281
1283
1284
1285
1286
1287
1288
1290
1292
1296
1297
1298
1299
1300
1302
1303
1304
1305
1306
1307
1308
1309
1310
1311
1312
1313
1314
1315
1316
1317
1318
1319
1320
1321
1322
1323
1324
1326
1327
1328
1329
1330
1331
1332
1333
1334
1335
1336
1337
1338
1339
1340
1341
1342
1343
1344
1345
1346
1347
1348
1349
1350
1351
1352
1353
1354
1355
1356
1357
1358
1359
1360
1361
1362
1364
1366
1367
1370
1371
1372
1373
1374
1375
1376
1377
1378
1379
1380
1381
1382
1383
1384
1385
1386
1387
1388
1390
1391
1393
1394
1395
1398
1399
1400
1401
1402
1403
1405
1406
1408
1414
1415
1416
1417
1418
1419
1420
1422
1423
1424
1425
1427
1429
1430
1431
1432
1434
1435
1436
1437
1438
1439
1440
1442
1443
1444
1445
1446
1447
1448
1449
1450
1452
1454
1455
1457
1458
1459
1460
1461
1462
1466
1467
1468
1469
1470
1471
1473
1474
1475
1476
1477
1478
1479
1480
1482
1483
1484
1485
1486
1487
1488
1489
1490
1491
1493
1494
1496
1497
1499
1500
1501
1502
1503
1506
1508
1509
1511
1515
1516
1518
1520
1523
1524
1526
1528
1529
1531
1533
1534
1535
1536
1537
1538
1539
1540
1541
1542
1543
1544
1545
1546
1547
1548
1549
1550
1552
1554
1555
1556
1557
1558
1560
1561
1562
1563
1564
1566
1567
1568
1569
1570
1571
1573
1575
1576
1577
1578
1582
1583
1584
1585
1586
1588
1589
1590
1591
1595
1597
1598
1599
1600
1603
1605
1606
1610
1611
1612
1613
1614
1615
1616
1617
1618
1619
1620
1621
1622
1623
1624
1625
1626
1627
1628
1629
1630
1631
1632
1633
1634
1636
1638
1639
1640
1641
1643
1644
1646
1647
1649
1650
1651
1652
1653
1654
1655
1657
1658
1659
1663
1664
1665
1666
1667
1668
1669
1671
1672
1674
1676
1679
1680
1682
1683
1690
1693
1694
1695
1696
1697
1698
1699
1700
1701
1702
1703
1705
1707
1709
1710
1711
1714
1715
1717
1718
1719
1720
1721
1722
1723
1724
1726
1727
1728
1729
1730
1731
1732
1733
1734
1736
1738
1740
1741
1744
1745
1747
1748
1749
1750
1753
1755
1757
1759
1763
1764
1765
1766
1767
1768
1770
1771
1772
1773
1774
1775
1777
1779
1781
1782
1783
1784
1785
1786
1787
1788
1789
1790
1791
1794
1795
1796
1797
1798
1799
1800
1802
1806
1808
1809
1810
1811
1813
1816
1817
1818
1819
1820
1823
1824
1825
1826
1827
1828
1829
1830
1831
1832
1833
1835
1836
1837
1838
1840
1843
1844
1845
1846
1847
1848
1849
1850
1851
1853
1855
1856
1857
1858
1859
1861
1863
1864
1865
1866
1867
1871
1872
1873
1874
1875
1876
1877
1878
1879
1880
1881
1882
1883
1884
1885
1886
1887
1888
1889
1890
1891
1892
1893
1894
1895
1896
1897
1898
1899
1901
1902
1903
1904
1905
1908
1909
1910
1911
1912
1913
1914
1915
1916
1918
1919
1920
1921
1922
1923
1925
1926
1927
1928
1929
1930
1931
1932
1934
1935
1936
1937
1938
1939
1942
1943
1944
1946
1948
1951
1954
1955
1956
1957
1958
1960
1961
1962
1963
1964
1966
1967
1968
1970
1972
1973
1976
1977
1978
1979
1980
1981
1982
1985
1986
1987
1988
1989
1992
1994
1996
1998
1999
2000
2001
2002
2006
2007
2008
2009
2010
2011
2013
2014
2015
2016
2017
2020
2022
2023
2024
2025
2026
2027
2029
2031
2034
2037
2038
2039
2040
2041
2042
2043
2044
2045
2046
2047
2048
2050
2051
2052
2053
2055
2056
2057
2058
2059
2060
2061
2062
2064
2065
2066
2067
2068
2069
2070
2071
2072
2073
2074
2076
2078
2080
2083
2084
2085
2087
2088
2089
2091
2092
2093
2095
2096
2097
2098
2099
2100
2101
2102
2104
2105
2108
2109
2110
2111
2112
2114
2115
2116
2117
2118
2119
2120
2121
2123
2124
2125
2126
2127
2128
2129
2131
2132
2134
2135
2136
2137
2139
2140
2141
2142
2144
2145
2146
2147
2148
2149
2150
2151
2153
2154
2155
2156
2158
2159
2160
2161
2168
2169
2170
2171
2172
2173
2174
2175
2176
2177
2178
2179
2181
2182
2183
2184
2186
2189
2190
2191
2192
2193
2194
2195
2196
2198
2199
2200
2201
2202
2203
2204
2206
2207
2208
2209
2210
2212
2214
2216
2219
2220
2221
2222
2223
2224
2225
2226
2227
2228
2229
2231
2232
2233
2235
2236
2239
2240
2241
2242
2243
2245
2246
2247
2248
2249
2250
2251
2252
2254
2255
2256
2257
2258
2259
2260
2262
2263
2265
2266
2267
2268
2270
2271
2272
2274
2275
2276
2277
2284
2285
2286
2288
2290
2293
2294
2295
2296
2297
2298
2300
2302
2305
2307
2309
2312
2315
2316
2318
2319
2321
2322
2324
2326
2327
2329
2330
2331
2332
2333
2335
2336
2337
2341
2342
2344
2347
2348
2350
2353
2354
2355
2356
2357
2358
2359
2360
2361
2363
2364
2365
2367
2368
2369
2370
2371
2372
2374
2375
2377
2378
2379
2380
2383
2386
2387
2389
2390
2391
2392
2395
2396
2398
2401
2402
2403
2404
2406
2409
2410
2411
2412
2413
2414
2416
2419
2420
2425
2428
2429
2430
2431
2433
2434
2435
2439
2442
2443
2445
2446
2447
2448
2450
2451
2452
2454
2457
2459
2460
2461
2462
2463
2467
2469
2472
2475
2477
2478
2479
2480
2482
2484
2486
2490
2491
2492
2493
2494
2495
2496
2497
2498
2499
2501
2502
2503
2504
2505
2506
2507
2509
2512
2513
2515
2518
2519
2520
2522
2525
2526
2527
2531
2532
2534
2535
2536
2537
2538
2539
2540
2541
2542
2543
2544
2545
2546
2547
2548
2549
2550
2552
2553
2554
2555
2557
2558
2560
2562
2563
2564
2567
2569
2570
2571
2572
2573
2574
2576
2577
2578
2579
2581
2582
2583
2585
2587
2589
2590
2592
2593
2594
2595
2597
2598
2600
2601
2602
2603
2609
2610
2611
2612
2614
2615
2619
2620
2621
2622
2623
2624
2625
2626
2627
2628
2629
2630
2631
2632
2633
2634
2635
2636
2637
2639
2640
2641
2643
2644
2645
2646
2648
2649
2650
2651
2652
2653
2654
2655
2656
2657
2658
2661
2662
2663
2665
2666
2668
2669
2670
2671
2672
2673
2677