1
3
5
6
7
8
9
10
12
14
15
16
17
18
20
22
24
26
27
28
30
31
32
33
34
35
36
38
40
41
42
43
45
46
49
50
52
55
56
58
61
63
64
66
67
68
69
72
73
74
75
77
78
80
82
83
86
88
89
91
92
94
95
98
100
101
103
104
106
107
110
112
113
116
117
118
120
121
122
123
125
126
127
130
131
132
133
134
135
137
140
141
142
143
145
148
149
150
151
153
156
157
158
159
161
164
165
166
167
168
169
170
172
174
175
178
180
181
183
186
187
188
189
190
191
194
195
197
200
201
202
203
204
206
207
209
210
213
214
216
217
219
220
221
222
223
225
226
227
228
230
231
232
233
235
236
237
238
239
242
244
245
246