1
3
5
6
7
8
9
10
12
14
15
16
17
18
20
22
24
25
27
29
30
31
33
35
36
37
39
40
42
43
44
46
47
48
50
51
52
53
54
55
56
58
60
61
62
63
64
66
67
68
69
70
72
73
75
77
79
80
81
82
83
85
86
87
88
89
90
91
93
94
97
98
99
100
102
103
105
106
107
108
109
110
111
112
114
118
119
120
122
125
126
127
128
130
131
133
136
137
138
139
140
141
142
145
147
148
150
152
154
156
158
160
161
165
166
169
171
173
174
176
178
180
184
185
187
190
191
192
193
194
195
196
197
198
200
202
203
204
205
206
207
209
210
212
213
215
216
218
219
221
222
224
225
227
228
230
231
233
234
236
237
239
240
242
243
245
246
248
249
251
252
253
254
256
257
259
260
262
263
265
266
268
269
271
272
274
275
277
278
280
281
282
283
284
285
286
288
289
290
291
292
293
295
296
298
299
301
302
304
305
307
308
310
311
313
314
316
317
319
320
321
322
324
325
327
328
329
330
331
333
334
336
337
339
340
342
343
345
346
347
348
349
350
351
352
354
355
357
358
360
361
363
364
366
367
369
370
372
373
375
376
378
379
381
382
384
385
387
388
390
391
393
394
396
397
399
400
401
402
403
404
406
407
409
410
412
413
415
416
418
419
421
422
424
425
427
428
430
431
433
434
435
436
437
438
439
440
442
443
445
446
448
449
451
452
454
455
457
458
460
461
463
464
466
467
469
470
472
473
475
476
478
479
481
482
483
484
485
486
488
489
491
492
494
495
497
498
500
501
503
504
506
507
509
510
512
513
515
516
518
519
521
522
524
525
527
528
530
531
533
534
536
537
539
540
542
543
545
546
548
549
551
552
554
555
557
558
560
561
563
564
565
566
567
569
570
572
573
575
576
578
579
581
582
583
585
586
587
589
590
591
592
594
595
597
598
600
601
603
604
609
610
611
612
613
614
615
616
617
618
619
620
621
622
623
624
625
626
627
628
629
630
631
632
633
634
635
637
638
639
640
642
644
646
647
648
649
650
651
652
653
654
656
657
659
660
661
664
665
666
667
668
669
670
671
672
675
676
677
678
679
680
681
682
683
684
685
686
687
688
689
690
691
692
693
694
695
698
699
700
701
702
703
704
705
706
707
708
709
710
712
714
716
717
718
719
720
721
723
725
726
728
729
730
731
732
733
734
737