1
3
5
6
7
8
9
10
12
14
15
16
17
18
20
22
25
26
28
29
30
31
32
33
34
35
37
38
40
41
42
43
44
45
46
47
48
49
50
51
52
53
54
56
57
58
59
60
61
62
63
64
65
66
67
68
69
70
71
72
73
75
77
78
79
80
81
82
83
84
85
86
87
88
89
90
91
93
94
95
97
98
99
100
102
103
104
105
107
109
110
111
112
113
114
115
116
117
118
119
120
121
122
124
126
127
130
132
133
134
135
136
138
139
141
142
144
146
148
150
152
153
154
155
157
159
162
163
166
167
168
171
172
174
175
177
178
179
180
181
184
185
186
188
189
191
192
193
194
196
197
198
199
202
203
205
207
210
211
212
213
214
215
216
217
218
219
220
221
222
223
224
225
227
228
229
230
231
232
234
235
236
238
239
240
242
246
247
248
250
253
254
255
257
258
260
261
263
266
267
270
272
274
276
278
280
282
283
284
285
286
287
288
289
290
292
294
296
297
298
300
302
303
307
308
310
312
314
316
318
321
322
323
324
325
326
328
329
332
333
334
335
336
337
338
339
341
343
345
346
347
348
349
350
352
354
355
359
360
361
362
365
366
367
368
369
370
372
376
377
378
380
381
382
383
384
385
387
388
390
391
393
395
396
397
398
400
401
402
404
406
407
409
410
414
416
418
419
420
421
422
424
425
427
428
429
430
431
432
433
435
437
438
439
440
441
443
444
445
446
448
449
451
455
456
458
460
462
464
465
466
469
470
471
472
473
474
476
478
480
482
483
485
489
491
495
497
499
500
504
505
506
507
509
511
512
514
515
516
517
519
521
522
523
526
527
530
531
533
534
535
537
539
540
543
544
545
548
549
550
552
553
554
555
556
557
559
560
564
565
566
567
568
569
570
571
572
573
575
576
577
579
580
583
584
585
586
587
588
589
590
591
592
593
596
599
600
602
607
610
612
613
614
615
616
617
619
620
621
622
626
628
629
630
631
633
636
638
641
642
644
645
647
649
650
651
652
655
656
657
658
660
662
663
665
666
667
668
670
671
672
673
674
676
678
679
680
681
683
684
685
686
688
689
690
691
692
693
701
702
703
704
705
706
707
709
713
714
716
717
720
722
723
724
727
729
730
731
735
736
737
739
740
742
744
745
748
750
751
754
757
758
759
760
761
762
763
764
765
766
767
769
771
772
773
777
778
779
780
781
783
785
787
788
790
792
794
796
797
800
801
803
804
806
807
808
811
812
814
815
816
817
818
820
822
823
824
825
826
829
832
833
834
835
837
838
839
841
843
844
846
847
849
850
851
852
853
855
857
858
859
860
861
863
865
866
867
871
874
877
879
880
883
885
887
888
891
893
894
896
900
903
904
905
906
907
908
909
910
911
913
915
917
918
919
920
922
926
927
929
930
931
932
933
934
935
936
937
940
942
944
945
946
947
948
950
952
953
954
955
956
959
960
962
963
964
966
967
968
969
970
971
972
975
977
979
981
983
984
986
987
989
990
993
995
996
1000
1001
1003
1005
1006
1007
1008
1009
1010
1011
1012
1014
1015
1018
1020
1021
1022
1024
1025
1027
1030
1031
1033
1034
1035
1036
1037
1038
1039
1040
1041
1042
1044
1045
1046
1047
1048
1049
1051
1052
1054
1056
1058
1060
1061
1064
1065
1066
1067
1069
1070
1073
1074
1076
1077
1079
1080
1081
1082
1083
1085
1086
1088
1089
1091
1092
1093
1095
1097
1098
1102
1103
1105
1106
1108
1110
1111
1112
1114
1115
1116
1117
1118
1120
1122
1124
1125
1126
1130
1131
1132
1133
1134
1135
1136
1138
1140
1142
1143
1144
1148
1152
1154
1155
1162
1163
1164
1165
1166
1167
1168
1169
1170
1171
1172
1173
1174
1175
1176
1177
1178
1179
1180
1181
1182
1183
1184
1185
1186
1187
1188
1189
1190
1191
1192
1193
1194
1195
1196
1197
1198
1199
1201
1202
1205
1207
1208
1211
1212
1213
1214
1215
1218
1220
1221
1222
1223
1224
1229
1230
1232
1233
1234
1236
1239
1240
1241
1242
1243
1244
1245
1247
1248
1250
1251
1252
1254
1256
1258
1259
1260
1263
1264
1267
1268
1269
1270
1271
1273
1275
1276
1277
1279
1280
1281
1283
1284
1285
1287
1288
1290
1291
1292
1294
1297
1300
1302
1305
1307
1310
1311
1312
1314
1315
1316
1317
1318
1319
1322
1324
1326
1327
1329
1330
1332
1334
1336
1338
1339
1341
1343
1347
1350
1352
1355
1357
1360
1363
1365
1366
1369
1371
1373
1375
1376
1380
1382
1384
1385
1386
1389
1391
1393
1395
1396
1400
1401
1403
1404
1405
1406
1408
1411
1412
1413
1414
1416
1417
1418
1419
1421
1425
1427
1431
1433
1436
1437
1438
1439
1440
1442
1445
1446
1447
1448
1449
1450
1451
1452
1453
1454
1455
1456
1457
1459
1460
1461
1462
1465
1466
1467
1468
1469
1470
1471
1474
1475
1476
1477
1478
1479
1480
1481
1483
1486
1487
1488
1489
1490
1491
1492
1494
1495
1496
1499
1500
1501
1502
1503
1504
1506
1507
1508
1511
1513
1514
1516
1518
1520
1521
1525
1527
1529
1530
1532
1534
1536
1541
1542
1543
1544
1545
1546
1547
1548
1549
1550
1551
1552
1553
1554
1555
1556
1557
1558
1559
1560
1561
1562
1563
1564
1565
1566
1567
1568
1569
1570
1571
1572
1573
1574
1575
1576
1578
1581
1582
1583
1584
1586
1587
1589
1590
1591
1593
1595
1597
1598
1601
1603
1608
1609
1610
1611
1612
1614
1616
1617
1619
1620
1621
1622
1624
1625
1630
1631
1632
1633
1635
1636
1638
1640
1642
1646
1647
1648
1649
1650
1651
1652
1653
1654
1655
1656
1657
1658
1659
1661
1663
1664
1665
1666
1670
1671
1672
1673
1674
1675
1676
1677
1678
1679
1680
1681
1682
1683
1686
1688
1690
1691
1693
1694
1697
1698
1699
1700
1701
1702
1703
1705
1706
1708
1709
1710
1712
1714
1715
1716
1719
1721
1735
1736
1737
1738
1739
1740
1741
1742
1743
1744
1745
1746
1747
1748
1749
1750
1752
1753
1755
1757
1759
1760
1764
1765
1766
1767
1770
1772
1773
1776
1777
1778
1779
1783
1784
1785
1786
1787
1789
1791
1792
1793
1795
1797
1801
1802
1804
1805
1807
1808
1809
1810
1812
1813
1814
1815
1816
1818
1819
1820
1821
1822
1823
1825
1826
1827
1829
1830
1831
1832
1833
1834
1835
1836
1838
1839
1841
1842
1843
1845
1846
1849
1851
1852
1853
1854
1856
1858
1860
1862
1864
1866
1867
1868
1872
1873
1874
1877
1878
1880
1881
1883
1885
1887
1888
1889
1891
1893
1894
1895
1896
1897
1898
1899
1901
1903
1905
1906
1907
1910
1911
1913
1914
1916
1917
1918
1922
1923
1924
1925
1926
1927
1929
1930
1932
1933
1934
1935
1936
1938
1939
1942
1944
1945
1946
1948
1949
1951
1952
1953
1955
1958
1960
1961
1962
1964
1965
1966
1967
1969
1970
1971
1972
1974
1975
1976
1977
1979
1980
1981
1984
1986
1989
1990
1991
1993
1994
1995
1997
1999
2000
2001
2002
2007
2008
2009
2011
2012
2013
2014
2015
2016
2018
2019
2021
2022
2024
2026
2028
2030
2032
2035
2037
2040
2042
2043
2044
2045
2048
2051
2052
2053
2057
2059
2061
2062
2064
2066
2067
2069
2071
2073
2074
2076
2078
2083
2085
2086
2088
2090
2091
2093
2096
2097
2098
2099
2101
2102
2104
2106
2108
2111
2114
2116
2119
2121
2124
2125
2126
2127
2128
2129
2130
2131
2133
2134
2135
2136
2139
2140
2141
2142
2143
2144
2145
2147
2148
2153
2155
2156
2157
2161
2162
2163
2164
2165
2166
2167
2168
2170
2171
2172
2173
2174
2175
2177
2178
2182
2183
2184
2185
2186
2188
2191
2193
2196
2197
2198
2199
2200
2201
2202
2203
2204
2205
2206
2207
2208
2209
2210
2212
2215
2216
2219
2220
2222
2225
2226
2227
2228
2230
2231
2232
2233
2235
2236
2237
2239
2241
2243
2245
2247
2250
2251
2252
2253
2257
2258
2260
2261
2262
2265
2266
2268
2269
2271
2273
2274
2276
2278
2279
2281
2283
2285
2288
2292
2294
2296
2298
2299
2302
2303
2304
2306
2307
2309
2311
2313
2315
2317
2318
2319
2320
2321
2323
2327
2329
2330
2331
2332
2333
2334
2337
2338
2339
2344
2346
2348
2349
2353
2355
2357
2358
2360
2362
2364
2366
2370
2371
2375
2377
2379
2380
2383
2384
2389
2390
2391
2392
2393
2396
2397
2398
2399
2400
2401
2402
2404
2406
2407
2408
2409
2410
2411
2412
2413
2415
2416
2417
2418
2419
2420
2422
2424
2425
2426
2427
2430
2432
2433
2434
2435
2436
2437
2438
2439
2440
2442
2443
2444
2445
2446
2447
2448
2449
2450
2451
2452
2453
2454
2455
2456
2457
2458
2460
2461
2462
2465
2467
2468
2472
2473
2474
2475
2476
2477
2478
2480
2481
2482
2484
2489
2490
2491
2492
2493
2494
2495
2496
2497
2498
2499
2500
2501
2502
2503
2504
2505
2506
2508
2509
2511
2512
2513
2514
2515
2516
2517
2518
2520
2521
2523
2524
2526
2527
2528
2530
2531
2536
2538
2539
2540
2543
2546
2547
2550
2552
2553
2554
2555
2556
2558
2560
2562
2564
2566
2567
2568
2573
2575
2576
2577
2579
2580
2581
2583
2585
2586
2588
2589
2591
2592
2593
2594
2600
2601
2603
2604
2606
2607
2608
2609
2611
2612
2613
2614
2617
2618
2619
2621
2622
2623
2624
2626
2627
2628
2629
2631
2633
2634
2635
2640
2642
2643
2644
2645
2647
2648
2651
2652
2653
2654
2656
2659
2660
2662
2664
2665
2666
2667
2669
2670
2672
2673
2674
2675
2676
2678
2679
2681
2682
2683
2684
2686
2687
2688
2690
2692
2693
2694
2696
2697
2699
2701
2702
2704
2705
2706
2708
2710
2711
2713
2715
2716
2718
2719
2720
2722
2723
2724
2726
2728
2730
2731
2732
2733
2735
2737
2745
2746
2748
2750
2751
2753
2755
2756
2758
2759
2761
2763
2764
2765
2766
2768
2769
2771
2773
2774
2775
2779
2780
2782
2784
2785
2786
2787
2789
2791
2792
2793
2794
2796
2798
2799
2801
2802
2804
2806
2808
2809
2810
2811
2813
2814
2819
2822
2823
2824
2826
2827
2828
2830
2831
2832
2833
2835
2836
2838
2839
2841
2842
2845
2846