1
3
5
6
7
8
9
10
12
14
15
16
17
18
20
22
24
25
26
27
28
30
32
34
35
36
38
40
42
43
44
45
47
49
50
51
53
54
56
57
58
59
62
63
64
65
67
68
70
71
72
75
76
77
78
79
80
81
82
83
84
85
86
87
88
89
90
91
92
93
94
95
97
98
100
101
104
105
106
107
108
109
110
112
113
114
117
119
120
121
122
123
125
126
127
130
131
133
134
136
139
141
145
146
147
148
149
150
151
152
153
155
156
159
160
161
162
163
164
165
166
167
168
169
170
171
172
173
174
175
176
177
178
179
180
181
182
183
184
185
186
188
189
190
192
193
194
195
197
198
199
200
202
203
204
205
207
208
209
211
214
216
220
221
223
224
225
226
227
228
229
230
231
232
233
234
236
240
241
242
243
244
246
247
248
250
251
252
254
257
259
263
264
266
268
269
270
271
272
273
274
275
276
277
278
282
283
284
285
286
288
289
290
292
293
294
296
297
298
299
301
302
303
305
308
310
314
315
317
318
319
320
321
325
326
327
328
329
331
332
333
335
336
337
339
340
341
342
344
345
346
348
351
353
357
358
360
361
362
363
364
365
366
367
368
369
370
371
372
373
374
376
377
378
379
381
382
386
389
390
391
392
393
395
396
397
399
400
401
403
406
408
412
413
414
415
416
418
419
420
422
423
424
426
429
431
435
436
438
439
440
441
443
444
445
448
449
450
451
452
454
455
456
459
460
461
462
465
467
468
469
471
472
473
474
476
477
480
481
482
483
484
485
486
488
489
490
491
492
494
495
496
497
498
499
500
501
502
503
504
507
508
509
510
511
513
516
517
518
519
520
521
522
523
525
526
527
528
531
532
533
534
535
536
537
540
541
543
545
547
548
552
553
554
555
556
558
559
560
562
563
564
565
567
568
570
571
572
573
574
575
576
577
578
579
580
581
582
583
584
585
586
587
591
593
597
599
600
601
602
603
604
605
606
607
608
609
611
612
614
615
616
617
618
619
620
622
623
624
625
626
627
629
630
631
632
633
636
637
641
642
643
644
645
646
647
648
649
650
651
652
653
654
655
656
657
658
659
660
661
662
663
664
665
666
668
670
671
672
673
674
675
676
677
678
679
680
681
682
683
684
685
686
689
690
692
694
696
697
702
704
705
706
709
710
713
714
717
718
719
720
722
723
724
726
728
731
732
733
734
735
739
742
743
744
745
746
747
748
749
750
751
752
756
757
758
759
760
761
763