1
3
5
6
7
8
9
10
12
14
15
16
17
18
20
22
24
25
27
28
29
30
32
33
34
35
36
38
40
41
42
43
46
47
48
49
50
51
53
54
55
56
58
59
60
61
62
64
66
67
69
70
71
72
74
78
79
81
84
85
87
90
91
93
97
98
100
103
105
108
110
113
115
119
120
121
122
123
124
125
126
127
128
129
130
132
135
136
138
141
142
144
147
148
150
153
154
156
159
160
162
165
166
168
171
172
173
174
175
176
177
178
179
180
181
183
186
187
188
189
190
191
192
193
194
196
199
200
201
202
203
204
205
206
208
209
212
213
214
215
216
217
218
219
220
221
222
223
224
225
226
227
228
230
233
234
235
236
237
238
240
243
244
245
246
247
248
249
250
251
252
253
254
255
256
257
258
260
261
265
266
267
268
269
270
271
272
273
274
276
279
280
281
282
283
284
285
286
287
288
289
290
291
292
293
295
298
299
300
301
302
303
304
305
306
307
308
309
310
311
313
316
317
318
319
320
321
322
323
324
326
329
330
331
332
333
334
335
336
337
338
339
340
341
342
344
347
348
349
350
351
352
353
354
355
356
357
358
359
360
362
365
366
368
371
372
374
378
379
380
381
382
383
386
390
391
392
394
397
398
399
401
404
405
406
408
409
412
413
414
416
419
420
421
424
429
430
431
432
433
434
435
436
437
438
439
440
441
442
443
444
446
449
450
451
452
453
454
455
456
457
458
459
460
461
463
466
467
468
469
470
471
472
473
474
476
477
479
480
483
484
485
487
489
491
492
493
494
495
497
499
502
503
504
505
506
508
509
510
511
512
515
516
519
520
521
522
523
524
525
526
527
528
529
532
533
534
535
536
537
539
540
541
544
545
546
547
548
549
550
551
552
553
554
555
556
557
560
561
562
563
564
565
566
567
568
569
570
571
572
573
574
575
578
579
580
581
582
583
584
585
586
588
589