1
3
5
6
7
8
9
10
12
14
15
16
17
18
20
22
24
26
27
28
29
30
31
32
33
34
35
36
37
38
39
40
41
42
43
44
45
46
47
48
49
50
51
52
53
54
55
56
57
58
60
61
62
63
64
65
67
69
70
71
72
73
74
76
77
78
80
81
82
83
85
86
87
88
89
90
91
92
93
94
95
96
97
98
99
100
101
102
103
104
105
106
107
109
110
111
112
113
114
116
118
120
125
126
127
128
129
130
132
133
134
136
139
140
141
142
143
144
145
147
148
152
153
154
155
156
157
159
161
162
165
168
170
172
175
176
177
178
179
180
183
184
185
186
187
188
189
191
193
194
196
199
200
201
202
203
204
205
206
208
209
210
211
212
213
214
215
217
220
221
222
223
224
225
226
227
229
230
231
232
233
234
235
236
238
242
243
244
245
246
247
248
250
252
254
255
257
259
263
264
265
266
267
268
269
270
271
272
273
275
277
279
280
281
282
284
285
286
287
289
290
293
294
296
297
298
299
300
302
303
305
306
310
312
314
318
319
320
321
322
324
326
328
329
330
331
335
336
337
338
339
340
341
342
344
346
348
349
350
354
355
356
357
358
360
362
363
367
368
369
370
372
373
377
378
379
380
381
382
383
384
385
386
387
388
389
390
391
392
393
394
395
396
397
398
399
400
402
406
407
408
409
410
411
412
413
414
415
416
417
418
419
420
421
422
424
426
429
430
431
432
433
434
435
437
439
441
445
446
447
448
449
450
451
452
453
455
458
459
460
461
462
463
464
465
467
470
471
472
473
474
475
476
477
479
482
483
484
485
486
487
488
489
490
491
492
494
497
498
499
500
501
502
503
504
505
506
507
508
509
510
512
515
516
517
518
519
520
521
522
523
524
525
527
529
532
533
534
535
536
537
538
539
540
542
543
544
545
547
548
551
552
553
554
555
556
557
558
559
560
561
563
566
567
568
569
570
571
572
573
574
576
579
580
581
582
583
584
586
589
591
594
595
596
597
598
599
600
601
602
603
605
608
609
610
611
612
613
614
616
619
621
624
625
626
627
628
629
631
632
635
636
637
638
639
640
641
642
643
645
646
649
650
651
652
653
654
655
656
657
658
660
663
664
665
666
667
668
669
670
671
672
673
674
676
677
679
681
683
684
686
689
690
691
692
693
694
696
697
698
699
700
701
702
703
705
707
708
711
713
717
718
719
720
721
722
723
725
728
730
732
735
737
739
742
745
746
747
748
749
750
751
752
753
754
755
756
757
758
759
760
762
763
765
767
768
769
770
771
772
774
775
776
777
778
779
781
782
783
784
785
786
788
789
790
791
792
793
795
796
797
798
799
800
802
803
804
805
806
807
809
810
811
812
813
814
816
817
818
819
820
821
823
824
825
826
827
828
829
831
832
833
834
835
836
837
838
840
841
842
843
844
845
847
848
849
850
851
852
854
855
856
857
858
859
861
862
863
864
865
866
868
869
870
871
872
873
875
876
877
878
879
880
882
883
884
885
886
887
889
890
892
893
894
895
897
899
900
901
902
904
906
907
908
909
913
914
915
916
919
920
921
922
923
924
925
926
927
929
930
931
932
933
936
938
939
940
941
942
943
945
947
952
953
954
955
956
957
958
960
962
966
967
968
969
970
971
972
973
975
977
981
982
983
984
985
986
987
988
989
991
993
997
998
999
1000
1001
1002
1003
1004
1005
1006
1008
1010
1014
1015
1016
1017
1018
1019
1020
1021
1022
1023
1024
1026
1028
1032
1033
1034
1035
1036
1037
1038
1039
1040
1041
1042
1043
1045
1047
1051
1052
1053
1054
1055
1056
1057
1058
1059
1060
1061
1062
1063
1065
1067
1071
1072
1073
1074
1075
1076
1077
1078
1079
1080
1081
1082
1083
1084
1086
1088
1092
1093
1094
1095
1096
1097
1098
1099
1100
1101
1102
1103
1104
1105
1106
1108
1110
1114
1115
1116
1117
1118
1119
1120
1121
1122
1123
1124
1125
1126
1127
1128
1129
1131
1133
1137
1138
1139
1140
1141
1142
1143
1144
1145
1146
1147
1148
1149
1150
1151
1152
1153
1155
1157
1161
1162
1163
1164
1165
1166
1167
1168
1169
1170
1171
1172
1173
1174
1175
1176
1177
1178
1180
1182
1186
1187
1188
1189
1190
1191
1192
1193
1194
1195
1196
1197
1198
1199
1200
1201
1202
1203
1204
1206
1208
1212
1214
1215
1217
1219
1221
1222
1223
1224
1228
1230
1232
1235
1238
1240
1243
1244
1245
1246
1247
1248
1249
1250
1251
1252
1253
1254
1255
1256
1257
1258
1259
1260
1261
1262
1263
1264
1265
1266
1267
1269
1271
1272
1274
1275
1276
1277
1280
1281
1282
1283
1284
1286
1287
1288
1289
1290
1293
1294
1295
1296
1297
1298
1299
1300
1301
1302
1303
1304
1305
1306
1307
1308
1309
1310
1311
1312
1313
1314
1315
1316
1317
1319
1320
1323
1324
1325
1326
1327
1328
1329
1330
1331
1332
1333
1334
1335
1336
1337
1338
1339
1340
1341
1342
1344
1345
1346
1347
1348
1349
1350
1351
1352
1353
1354
1355
1356
1357
1358
1359
1362
1363
1364
1365
1367
1368
1370
1371
1372
1373
1375
1377
1379
1381
1383
1386
1387
1388
1390
1391
1392
1393
1394
1395
1396
1398
1399
1400
1402
1403
1404
1407
1409
1410
1411
1414
1417
1418
1419
1420
1421
1422
1423
1424
1425
1426
1428
1429
1430
1431
1432
1434
1435
1436
1438
1439
1440
1442
1443
1444
1445
1447
1448
1450
1451
1452
1453
1456
1457
1459
1460
1461
1464
1465
1466
1467
1468
1469
1470
1471
1472
1473
1475
1477
1478
1479
1481
1483
1485
1488
1489
1491
1492
1495
1496
1497
1498
1499
1500
1501
1502
1504
1506
1508
1512
1513
1514
1515
1516
1517
1518
1519
1520
1521
1522
1523
1525
1526
1527
1528