1
3
5
6
7
8
9
10
12
14
15
16
17
18
20
22
24
25
26
27
28
29
30
31
33
35
36
39
40
43
44
47
48
49
52
53
56
57
60
61
62
65
66
67
70
71
72
75
76
77
80
81
84
85
86
87
88
89
90
91
92
95
96
97
98
99
100
101
102
103
104
105
106
107
108
109
110
111
112
116
117
118
119
120
121
122
123
126
127
128
129
130
131
132
135
136
137
138
139
140
141
142
143
144
145
148
149
150
151
152
153
154
155
156
157
159
160
161
165
166
167
168
169
170
171
172
173
174
176
177
178
181
182
183
184
185
186
187
188
189
190
191
192
193
194
198
199
200
201
202
203
204
205
206
207
209
210
211
214
215
216
217
218
219
220
221
222
223
224
225
226
227
228