1
3
5
6
7
8
9
10
12
14
15
16
17
18
20
22
24
26
28
29
31
32
34
36
38
39
40
41
43
45
46
47
48
49
50
51
53
54
55
57
59
60
61
63
64
66
68
70
71
73
75
77
79
80
82
83
84
85
86
87
88
89
90
91
92
93
94
95
96
97
98
99
100
101
102
103
104
106
107
108
109
110
111
112
114
115
116
117
118
119
120
121
122
123
124
125
126
127
129
130
131
132
133
135
136
137
138
139
140
141
142
144
145
146
148
149
152
153
154
155
156
157
159
161
163
164
165
166
167
168
169
170
173
175
179
181
184
185
186
187
188
189
191
193
195
197
199
200
203
205
206
209
213
214
215
216
217
218
219
220
221
222
223
224
225
227
229
230
232
233
234
235
237
238
239
240
241
242
244
245
246
247
249
250
252
255
256
257
258
259
261
262
263
264
266
267
268
269
271
274
275
276
278
279
281
283
284
286
289
290
292
294
298
299
301
302
303
304
305
306
307
309
310
311
312
313
314
315
316
317
318
319
320
321
323
324
325
326
328
330
331
332
333
336
337
339
340
341
343
344
346
348
349
350
353
354
355
356
357
358
359
360
362
363
364
365
366
368
369
371
374
375
377
378
379
380
381
382
383
384
386
387
388
390
392
395
396
399
401
402
403
404
405
406
407
408
410
414
415
416
418
419
420
421
422
423
425
426
429
431
432
433
434
435
436
437
438
439
440
441
442
443
445
446
447
448
449
450
451
452
453
454
456
458
459
460
461
462
463
465
466
470
471
472
473
475
476
478
480
481
482
486
488
489
490
491
494
497
498
499
500
501
502
503
504
505
506
507
508
509
510
511
512
513
514
515
516
517
518
519
520
521
522
523
524
525
526
527
528
529
530
531
532
533
534
535
536
538
539
540
541
542
543
544
545
546
547
548
549
550
551
552
553
554
555
556
557
559
561
562
563
564
565
566
567
568
570
572
573
574
575
576
577
578
579
580
581
582
583
585
587
588
589
590
591
595
597
600
601
602
603
604
605
606
607
608
610
612
613
614
616
617
619
622
623
624
625
626
627
628
629
630
631
632
633
635
636
637
639
640
641
643
644
645
647
649
650
652
654
656
657
659
661
664
665
666
668
670
671
673
674
682
683
684
685
686
687
688
689
690
691
692
693
694
695
696
697
698
700
703
704
705
706
707
708
711
712
714
716
717
718
719
720
721
722
724
726
729
730
731
732
733
734
735
736
737
739
742
743
744
745
746
747
748
749
750
751
752
753
754
755
756
757
758
759
760
761
762
763
764
767
769
770
771
772
773
774
775
779
780
781
782
783
784
785
786
788
789
790
792
794
796
800
803
804
805
806
807
808
809
810
811
812
813
814
815
817
818
819
820
821
823
824
825
826
828
829
830
831
832
834
836
837
839
840
842
844
846
847
848
849
850
851
852
854
855
856
857
858
860
861
863
864
866
870
871
872
873
874
875
876
878
881
882
883
884
885
886
887
888
890
892
893
894
896
897
899
902
905
906
907
908
909
910
911
912
913
914
915
917
919
921
923
924
925
927
928
929
931
933
937