1
3
5
6
7
8
9
10
12
14
15
16
17
18
20
22
24
26
27
28
30
32
34
35
37
38
39
40
41
42
44
46
47
50
51
52
53
54
55
56
58
61
62
63
64
65
66
67
68
69
70
71
72
73
75
76
77
78
80
81
82
85
86
87
88
89
90
91
92
93
94
95
96
97
98
99
100
101
102
103
104
106
107
108
110
111
112
113
114
115
116
117
118
119
120
122
123
124
125
127
129
130
132
133
135
136
137
138
139
141
143
144
145
146
147
148
149
150
151
152
154
155
157
164
165
166
169
171
172
175
177
179
180
182
183
185
186
188
189
192
194
195
197
198
200
201
203
204
207
209
210
214
215
217
218
219
220
221
223
224
225
226
228
229
230
231
232
233
234
235
236
237
238
239
241
243
245
247
251
252
253
254
255
256
258
259
261
262
263
264
265
266
267
271
274
275
276
277
278
279
280
281
282
283
284
285
286
287
288
289
290
291
293
294
295
297
300
301
303
304
305
306
307
308
309
312
313
314
315
316
317
318
319
320
321
322
323
324
325
326
327
328
329
330
331
332
333
334
335
336
337
338
339
340
341
343
345
346
347
348
350
352
353
354
355
356
357
358
359
360
361
364
365
366
367
369
372
373
375
377
378
379
380
381
382
383
384
385
386
387
390
391
392
393
394
395
396
397
398
399
400
401
402
403
404
405
406
407
408
410
412
413
414
415
417
418
419
420
421
423
424
425
426
427
430
431
432
434
437
438
439
440
441
442
443
444
445
446
448
450
452
453
454
456
458
460
462
464
468
471
472
473
474
475
476
477
478
480
481
482