1
3
5
6
7
8
9
10
12
14
15
16
17
18
20
22
24
25
26
27
28
29
30
31
32
33
34
35
36
37
38
39
40
41
42
43
44
45
46
47
48
49
51
52
53
55
58
59
60
62
63
64
65
66
67
68
69
70
72
73
74
75
76
77
78
79
80
81
82
84
87
89
90
91
92
93
94
95
96
98
100
102
104
105
106
108
109
110
111
113
115
117
118
119
120
122
124
125
126
128
130
131
135
136
139
142
144
146
148
150
152
156
158
160
163
165
168
170
173
174
175
176
177
179
181
182
183
185
187
190
192
193
194
195
196
198
200
202
204
205
207
208
209
210
213
215
217
219
220
222
226
228
232
234
235
236
238
239
240
242
246
247
249
250
252
253
255
256
258
259
261
262
264
265
267
268
270
271
273
274
276
277
280
284
285
286
288
289
290
292
294
295
297
299
300
302
304
307
311
312
313
315
316
318
320
322
324
326
327
328
329
330
331
333
335
341
342
343
345
346
348
349
351
353
355
356
358
359
360
362
364
366
367
369
370
372
373
375
376
377
378
379
380
381
386
387
389
391
392
393
394
395
397
398
399
400
403
404
405
406
408
409
412
413
414
415
417
420
424
426
427
428
429
431
436
437
438
444
446
448
449
451
452
454
455
456
458
460
462
463
465
466
468
470
474
475
477
478
482
486
487
488
491
502
503
504
505
506
507
508
509
510
511
512
513
514
516
518
520
523
525
526
527
529
532
533
536
537
538
541
542
543
546
547
548
551
552
553
558
559
560
561
564
567
568
569
571
573
576
578
580
584
585
587
588
589
591
592
594
595
597
598
599
602
603
606
608
609
610
611
614
616
623
625
626
627
628
629
632
633
639
640
641
642
643
644
645
646
648
650
651
652
653
654
655
656
659
660
663
665
666
667
669
670
672
674
675
676
677
681
682
683
685
688
689
690
691
693
697
698
699
700
701
702
707
710
711
712
714
717
722
726
730
734
735
736
737
738
739
740
741
742
743
744
745
746
748
750
751
752
753
755
756
757
758
761
763
764
765
766
768
769
770
772
774
775
776
778
780
783
785
786
787
790
793
795
796
797
798
799
803
804
805
806
807
808
809
810
811
812
814
816
818
820
821
822
823
824
825
830
831
833
835
836
837
838
839
840
844
846
849
851
854
856
858
861
862
863
864
865
866
867
869
870
871
873
876
877
879
881
884
885
886
887
888
889
890
891
892
894
895
897
900
902
903
906
908
909
911
914
915
916
917
918
919
920
921
923
924
925
927
928
929
931
932
936
938
941
943
945
946
947
949
951
956
957
958
959
960
961
962
963
964
965
966
968
970
971
973
974
975
976
977
978
979
981
983
984
985
986
987
988
989
990
991
993
994
995
996
998
1002
1003
1004
1005
1006
1007
1009
1011
1012
1013
1014
1015
1016
1017
1018
1019
1020
1021
1022
1023
1026
1028
1029
1031
1033
1035
1036
1038
1042
1044
1047
1048
1050
1053
1054
1055
1058
1060
1061
1066
1067
1068
1069
1070
1071
1072
1074
1077
1078
1080
1082
1084
1085
1087
1088
1090
1091
1094
1095
1096
1098
1099
1102
1103
1104
1105
1106
1107
1108
1109
1111
1113
1115
1116
1117
1119
1120
1123
1124
1126
1128
1133
1134
1135
1136
1137
1138
1139
1140
1141
1142
1143
1144
1145
1146
1147
1148
1149
1150
1151
1152
1154
1155
1157
1158
1160
1162
1164
1165
1168
1169
1172
1173
1174
1176
1178
1180
1181
1182
1184
1186
1188
1192
1193
1194
1197
1198
1199
1200
1201
1202
1204
1206
1207
1208
1209
1210
1212
1213
1214
1215
1217
1218
1219
1220
1221
1223
1226