1
3
5
6
7
8
9
10
12
14
15
16
17
18
20
22
24
26
28
29
31
32
34
35
36
38
39
40
42
44
46
48
51
52
53
54
55
56
57
59
60
61
63
64
65
66
67
68
69
70
71
72
73
75
77
79
80
81
82
83
84
85
86
87
88
89
90
91
92
93
95
96
97
98
99
101
104
105
106
107
108
109
111
112
114
117
118
119
122
123
124
126
127
128
129
130
131
132
133
135
137
139
140
141
143
147
148
149
150
151
153
155
156
157
159
160
161
162
163
166
168
170
172
174
176
178
181
182
183
184
185
186
187
188
190
192
194
195
197
199
200
201
203
204
205
206
207
210
212
214
216
218
220
222
225
226
227
228
229
230
231
232
233
234
235
236
237
238
240
241
242
243
244
246
247
249
252
253
255
256
258
259
260
262
264
266
267
268
269
271
272
273
274
275
277
281
282
284
285
287
289
291
293
295
296
298
302
304
306
308
309
310
311
313
315
318
319
320
321
322
323
324
325
326
328
330
332
334
336
340
342
343
344
345
346
347
348
350
351
353
354
355
356
359
360
362
363
364
365
366
368
370
372
373
374
376
379
381
382
385
386
387
389
390
391
392
393
394
395
396
397
398
399
400
401
402
405
406
407
408
409
410
411
412
413
414
415
416
417
418
419
420
422
423
425
426
428
431
432
433
434
435
436
437
438
439
440
442
443
444
445
446
449
451
454
455
456
457
460
463
464
465
466
467
468
469
470
471
472
473
474
475
477
478
480
483
485
486
488
490
492
495
496
498
500
504
505
507
508
510
512
515
516
517
518
519
520
521
522
523
524
525
526
527
529
530
531
532
533
534
535
537
540
541
542
543
544
545
546
548
549
550
551
552
553
554
555
558
559
561
564
565
566
567
568
569
571
574
575
576
577
578
581
582
583
584
585