1
3
5
6
7
8
9
10
12
14
15
16
17
18
20
22
24
25
27
29
30
32
33
35
36
38
39
40
41
42
44
45
46
47
48
49
50
51
52
53
54
55
56
57
59
61
62
63
64
65
66
67
68
70
71
72
73
74
76
77
78
80
81
82
83
85
86
87
88
90
92
93
95
96
97
101
102
103
104
106
107
108
109
110
111
113
114
115
116
118
119
120
121
122
123
124
126
127
128
130
131
132
133
136
137
139
140
143
144
145
146
147
148
149
150
152
153
154
155
156
157
160
161
162
163
164
166
167
168
169
172
173
175
176
177
179
180
181
182
184
187
188
189
190
191
192
194
195
196
198
199
201
202
204
205
208
209
210
211
213
216
217
218
219
220
221
222
223
224
225
226
227
228
229
230
234
235
236
237
239
240
242
243
245
246
247
249
250
252
254
256
257
258
260
261
262
263
267
269
270
271
274
276
278
279
280
282
283
284
289
290
291
292
293
294
297
299
300
301
302
303
304
308
311
312
313
314
315
316
318
319
321
324
325
327
329
331
333
334
335
336
337
338
339
340
342
346
347
348
349
352
353
354
355
357
358
361
362
363
364
365
366
367
368
369
370
371
373
377
378
379
380
383
384
385
387
390
391
392
393
394
398
399
400
403
404
406
412
414
416
417
419
422
423
424
425
426
427
428
429
430
431
435
436
437
438
439
442
444
445
448
450
451
452
453
454
455
459
462
463
464
465
466
468
469
470
473
474
475
477
479
481
483
484
485
486
487
489
490
492
493
494
498
502
503
504
505
506
507
508
510
511
513
514
517
519
521
522
524
525
527
528
529
530
531
532
533
534
535
536
537
538
539
540
542
543
544
545
546
548
549
550
551
552
553
554
555
556
557
558