1
3
5
6
7
8
9
10
12
14
15
16
17
18
20
22
24
25
26
27
28
29
30
31
32
33
34
36
37
38
39
40
43
44
46
47
48
49
50
51
52
53
54
55
56
57
58
60
61
62
65
66
67
68
70
71
72
73
74
75
76
77
79
81
82
83
84
85
86
87
88
89
90
91
92
93
94
95
96
99
100
101
102
103
104
105
106
107
108
109
111
112
113
115
116
117
118
120
121
122
123
124
125
126
127
128
129
130
131
133
134
135
136
138
139
140
141
144
145
146
147
148
149
150
151
152
153
154
155
156
158
159
160
161
162
163
165
166
167
168
169
170
174
175
177
178
179
180
181
182
183
184
186
187
188
189
190
191
192
193
194
195
196
197
198
199
200
201
202
203
204
205
206
207
208
209
210
211
212
213
214
215
217
218
219
220
221
222
223
224
225
226
228
229
230
231
232
233
234
236
237
238
239
240
242
244
245
246
248
249
250
251
252
253
255
256
257
259
260
261
262
263
264
265
266
267
268
269
271
272
273
275
276
277
279
280
281
282
284
285
286
287
288
289
290
291
294
295
296
297
298
300
301
302
303
304
305
307
309
310
311
312
313
314
315
317
319
320
321
322
323
324
325
326
328
329
330
331
332
333
335
336
337
338
339
341
342
343
346
347
348
349
350
351
352
355
356
357
358
359
361
362
363
364
366
367
368
369
370
371
372
373
374
375
376
378
379
380
381
382
383
385
386
387
388
389
390
391
392
394
395
396
397
398
399
400
401
402
403
404
405
406
407
408
409
410
412
413
414
415
416
418
419
422
423
424
425
426
427
428
430
431
432
433
434
435
436
437
438
439
440
441
442
444
445
446
447
448
449
451
452
453
454
455
456
457
459
460
462
463
464
465
466
467
469
470
471
472
473
474
475
476
477
478
479
480
481
482
483
484
485
486
487
489
490
492
493
494
495
496
497
498
499
500
501
502
504
505
506
507
508
509
510
512
513
514
515
516
517
518
519
520
521
522
523
524
525
527
528
529
530
532
533
534
535
539
540
541
542
543
544
545
546
547
548
549
550
552
553
554
555
557
558
559
560
561
562
563
564
565
566
567
568
570
571
572
573
574
576
577
578
579
580
582
583
584
585
586
588
590
591
592
593
594
596
597
598
599
600
602
603
604
605
606
608
609
610
611