1
3
5
6
7
8
9
10
12
14
15
16
17
18
20
22
24
25
26
27
28
29
30
32
34
35
37
38
39
40
42
43
44
45
46
47
48
49
50
51
52
53
54
56
57
58
59
61
62
63
64
65
66
68
69
70
71
72
73
75
76
78
80
82
84
85
86
88
89
90
91
92
93
95
96
97
98
99
101
102
103
105
106
108
109
110
111
113
114
115
116
118
119
120
121
122
124
125
126
127
129
130
132
133
134
136
139
141
143
145
147
149
150
154
156
157
158
159
162
165
166
167
168
169
170
171
172
173
174
176
177
179
180
183
185
186
188
189
190
192
193
196
198
200
202
203
204
208
210
211
212
213
215
217
219
220
225
226
228
229
231
234
235
236
237
239
240
243
244
245
247
249
250
252
254
255
256
259
261
263
264
267
269
271
272
273
275
278
281
282
284
286
288
290
291
292
296
299
301
303
304
308
311
313
315
317
318
319
321
323
325
326
329
331
333
334
336
338
339
340
342
344
346
347
353
355
357
358
359
363
364
365
366
368
370
372
374
375
377
380
381
383
384
386
387
388
390
391
393
394
397
399
400
402
403
406
407
408
410
411
412
413
415
417
418
421
423
424
426
428
429
433
435
437
439
444
446
447
452
454
456
459
461
462
467
468
469
471
472
473
475
476
478
480
481
484
488
489
490
491
492
493
495
496
498
499
501
502
504
505
509
510
511
513
514
515
516
517
518
520
527
529
532
534
537
538
539
540
542
543
545
546
551
552
553
554
556
558
559
563
564
565
567
569
570
571
572
575
577
580
582
583
585
586
587
588
591
594
596
597
598
603
605
606
608
609
611
613
614
620
623
625
627
628
632
635
636
637
639
640
641
643
646
647
648
650
652
653
654
658
660
661
662
665
666
668
669
671
673
674
676
677
678
679
683
685
686
687
690
691
692
693
696
698
701
703
704
711
712
714
715
717
719
721
723
724
725
726
727
728