1
3
5
6
7
8
9
10
12
14
15
16
17
18
20
22
24
25
27
28
30
31
32
33
34
36
37
38
39
40
41
42
43
44
45
46
48
49
50
51
52
53
54
56
57
58
59
60
61
62
63
64
65
66
67
68
69
70
71
72
73
74
75
76
77
78
79
80
81
82
83
84
85
86
87
88
89
90
91
92
93
94
95
96
97
98
99
100
101
102
103
104
105
106
107
108
109
110
111
112
113
114
115
116
117
118
119
122
124
126
128
130
131
133
134
135
136
137
139
142
144
145
148
149
150
153
155
157
158
160
162
163
165
169
170
171
172
173
176
177
178
180
181
182
183
184
185
186
192
194
195
196
197
198
199
201
202
203
205
207
208
209
210
212
213
214
216
219
220
221
222
223
224
225
226
227
228
230
231
232
233
234
235
237
240
242
245