1
3
5
6
7
8
9
10
12
14
15
16
17
18
20
22
24
25
26
28
29
31
32
33
34
35
36
38
39
41
42
43
44
48
50
52
53
56
57
58
60
61
62
65
66
67
68
69
70
71
72
73
75
77
78
79
80
81
82
83
84
85
86
88
89
90
91
93
97
100
101
102
103
105
106
108
111
112
113
114
116
117
119
121
122
123
124
126
127
129
132
134
136
137
138
139
141
142
143
144
145
146
147
150
153
155
158
159
160
161
162
163
165
166
167
168
169
170
171
173
174
175
176
177
178
179
182
183
184
186
187
189
190
192
194
196
197
198
199
201
202
203
205
207
208
210