1
3
5
6
7
8
9
10
12
14
15
16
17
18
20
22
25
26
27
29
30
32
33
34
35
36
37
39
40
41
42
43
44
45
46
47
48
49
50
51
52
53
54
55
56
57
58
59
60
61
62
63
64
65
66
67
68
70
71
72
73
74
75
77
78
79
80
81
83
84
87
88
89
90
91
92
94
95
100
101
102
103
104
105
106
107
108
109
110
112
115
116
118
119
123
125
126
127
128
133
134
135
136
137
138
139
140
144
145
146
147
148
149
150
153
156
157
158
160
161
162
163
164
165
166
167
168
170
171
172
173
174
175
176
177
178
179
186
188
190
192
193
194
195
196
197
201
203
204
205
206
212
213
215
218
219
220
225
226
227
228
229
230
231
232
233
234
236
237
238
239
240
241
242
243
244
245
246
247
252
253
254
255
256
257
258
259
260
262
264
265
266
267
268
271
272
273
274
276
277
281
283
284
285
286
287
291
292
293
294
295
296
297
298
299
300
301
302
303
304
305
306
307
310
311
312
313
314
317
318
319
320
324
327
328
329
330
331
333
334
335
336
337
338
341
342
344
345
346
347
350
352
353
354
358
359
364
365
366
367
368
369
370
371
372
374
375
376
378
385
386
387
388
389
390
391
392
393
394
396
397