1
3
5
6
7
8
9
10
12
14
15
16
17
18
20
22
24
25
27
28
30
32
34
35
37
38
39
41
42
43
45
46
47
48
49
50
51
52
54
55
56
58
59
61
62
64
65
67
69
71
73
74
75
77
78
79
80
81
82
83
84
85
86
87
88
89
90
91
92
93
94
96
97
98
99
100
101
102
103
104
106
107
108
109
110
111
112
113
114
116
117
118
119
120
121
122
124
125
126
127
128
130
131
132
134
135
136
138
140
141
142
143
145
147
148
151
152
153
154
155
156
157
158
159
160
161
163
164
165
167
168
169
170
171
172
174
175
176
178
179
180
181
183
184
185
188
189
190
192
194
197
198
199
200
201
203
206
207
208
209
211
212
216
217
218
219
220
221
222
223
225
226
227
229
230
231
234
236
238
239
240
241
243
246
247
248
249
251
252
253
256
257
258
259
260
261
262
263
264
265
266
267
269
270
271
272
273
275
277
279
282
283
284
285
286
287
288
289
290
292
293
294
295
296
297
299
301
303
304
305
306
307
309
310
312
313
315
316
318
319
321
322
324
326
329
331
332
333
334
335
336
337
338
339
340
341
342
343
344
345
348
349
351
353
354
355
356
357
360
362
365
366
368
370
371
372
373
374
375
376
377
382
384
385
388
390
392
393
394
395
396
397
400
405
406
409
410
413
414
415
416
418
421
423
426
427
430
431
435
436
437
438
439
440
441
443
446
447
448
449
450
451
453
456
457
458
459
460
461
463
466
467
468
469
470
471
473
476
477
478
479
480
481
483
486
487
488
489
490
491
493
496
497
498
499
500
501
503
506
507
510
511
514
515
516
517
518
519
520
521
522
523
524
526
527
528
529
530
531
532
536
537
538
539
541
542
544
545
547
548
549
550
551
552
556
557
558
559
561
562
563
564
566
568
570
575
576
577
578
579
580
581
583
587
588
589
590
591
592
594
597
598
599
600
601
602
604
607
608
609
610
611
612
613
615
616
617
618
619
621
624
625
626
627
628
629
631
634
635
636
637
638
640
641
642
643
646
647
648
649
650
652
655
656
657
658
659
661
664
665
666
668
669
671
672
673
674
675
677
678
679
681
682
683
684
685
686
687
688
691
692
693
694
698
699
700
702
704
705
706
707
710
712
714
715
717
719
720
722
723
726
728
730
731
732
733
735
736
737
738
739
740
741
742
744
745
746
747
748
750
751
752
753
757
758
759
760
765
766
767
768
769
770
771
773
774
777
778
779
781
782
784
785
786
788
791
792
793
794
795
796
798
801
802
803
804
805
806
808
811
812
813
814
815
816
818
821
822
823
824
825
826
827
828
829
830
831
832
833
834
836
839
840
841
842
843
844
845
846
847
848
849
850
851
852
853
854
855
856
857
858
859
860
863
864
865
867
868
869
870
872
874
875
876
877
878
879
881
883
884
885
886
887
888
891
892
893
894
896
897
898
900
902
903
904
905
906
908
909
910
911
914
916
919
920
922
925
927
930
931
932
934
935
936
937
938
939
940
943
944
945
946
947
948
950
952
954
957
958
959
960
961
962
963
966
967
968
969
970
971
973
976
977
978
979
980
982
983
984
985
986
989
991
993
994
995
996
1001
1002
1003
1005
1006
1007
1008
1009
1010
1011
1012
1014
1017
1018
1019
1020
1021
1022
1024
1027
1028
1029
1030
1031
1032
1033
1034
1036
1039
1040
1041
1042
1043
1044
1045
1047
1050
1051
1052
1053
1054
1055
1056
1057
1058
1060
1063
1064
1065
1066
1067
1068
1070
1071
1074
1075
1076
1077
1078
1079
1080
1081
1082
1085
1087
1088
1089
1090
1091
1092
1093
1094
1095
1096
1097
1098
1099
1100
1101
1102
1104
1107
1108
1110
1112
1114
1115
1116
1118
1119
1120
1121
1123
1124
1125
1126
1128
1129
1130
1131
1133
1135
1137
1143
1144
1147
1148
1151
1153
1156
1158