1
3
5
6
7
8
9
10
12
14
15
16
17
18
20
22
24
25
26
27
28
29
30
31
32
33
34
35
36
37
38
39
40
41
42
43
44
45
46
47
48
49
51
52
53
55
57
58
59
62
66
67
68
71
72
73
74
75
76
77
78
79
80
81
82
83
84
85
86
87
89
90
93
94
95
96
97
98
99
100
101
102
103
104
105
106
107
108
109
110
111
112
113
117
118
119
120
121
122
123
124
125
126
127
128
130
132
135
136
137
140
141
142
143
145
146
147
148
151
152
153
156
157
158
159
160
161
162
163
164
165
168
169
170
171
172
173
174
176
177
180
181
182
183
184
185
186
187
189
190