1
3
5
6
7
8
9
10
12
14
15
16
17
18
20
22
24
26
28
29
30
32
33
34
36
38
40
41
43
44
45
47
48
50
51
53
55
57
58
60
61
63
64
65
66
67
68
69
70
71
72
74
75
76
78
79
80
81
84
85
87
88
89
91
92
93
95
96
98
99
100
102
103
105
106
107
109
110
112
113
114
117
119
120
121
122
124
125
126
127
129
131
134
136
137
138
141
142
143
144
145
146
147
149
150
151
152
153
156
157
158
160
161
162
163
164
165
166
167
168
169
170
171
172
173
174
176
178
181
183
185
186
188
190
192
194
195
197
199
200
203
204
205
207
208
210
211
214
215
217
219
220
223
225
227
230
231
232
233
234
235
236
237
238
239
240
241
242
243
244
245
246
247
248
249
250
251
252
255
257
260
262
264
266
268
269
272
273
274
275
277
278
279
282
283
284
286
288
290
291
292
293
294
295
296
297
298
299
300
301
302
303
304
305
306
308
310
312
313
314
317
318
319
323
326
327
328
329
330
331
332
333
334
335
336
337
338
339
340
341
342
343
344
346
347
349
350
353
355
357
359
361
362
366
368
369
370
371
373
374
377
378
380
381
383
384
385
386
387
389
392
393
394
395
396
397
398
399
400
401
402
403
404
405
406
407
408
409
410
412
414
418
419
420
421
422
423
424
425
426
428
430
434
435
436
437
438
439
441
443
444
448
449
450
451
452
453
454
456
458
459
463
464
465
466
467
468
469
471
472
473
474
475
476
477
478
479
480
481
483
484
485
487
489
490
491
492
494
496
497
499
501
502
503
505
507
508
509
510
513
515
516
518
520
521
526
530
531
532
533
534
535
536
537
538
539
540
541
542
543
544
545
546
549
550
552
553
555
556
558
560
562
564
568
570
571
573
575
576
577
578
579
581
583
585
587
588
592
593
594
595
597
598
599
600
601
602
606
608
610
612
613
614
615
616
617
618
619
620
622
624
625
626
628
630
631
636
638
639
642
643
644
645
646
647
648
649
650
651
652
653
654
655
656
657
659
661
662
663
665
667
669
670
672
674
676
677
678
679
680
681
682
683
684
685
686
687
688
689
691
693
694
695
696
699
701
702
703
704
705
706
707
709
711
713
714
715
717
719
720
721
722
723
732
733
734
735
736
737
738
739
740
741
742
743
744
747
748
750
751
752
754
755
756
757
758
759
761
763
767
768
769
771
773
775
776
778
779
780
781
783
786
787
788
789
791
792
793
794
795
796
797
798
799
801
803
804
806
807
809
814
816
817
818
819
821
823
824
827
829
830
831
832
833
834
835
836
839
841
842
843
847
849
852
853
854
855
856
858
860
861
862
863
864
866
871
872
873
874
875
876
877
878
879
880
881
882
883
884
886
887
889
890
891
893
896
898
899
900
901
904
905
906
909
910
911
913
914
916
917
918