1
3
5
6
7
8
9
10
12
14
15
16
17
18
20
22
24
26
27
28
30
31
33
35
37
38
40
42
43
45
46
47
48
49
50
52
53
54
55
56
59
60
61
62
63
64
65
66
67
68
69
70
71
73
74
75
76
78
79
80
81
83
85
86
87
88
89
90
92
93
96
97
98
99
100
102
104
107
108
109
110
111
112
113
114
116
119
120
121
122
123
124
125
126
127
129
132
133
134
135
136
137
138
139
140
141
142
143
144
145
146
147
149
151
153
154
155
156
157
158
160
161
162
163
164
165
166
167
168
170
171
172
175
178
179
181
184
185
186
187
188
190
192
193
196
197
198
199
201
203
205
207
211
212
213
214
216
219
220
221
222
223
225
229
230
231
232
233
234
236
239
240
241
242
243
244
245
246
247
248
250
253
254
255
256
257
258
259
260
261
263
266
268
270
271
272
273
274
276
277
278
279
280
282
283
284
285
286
288
289
290
291
292
294
295
296
297
298
300
301
302
303
304
306
307
308
309
310
312
313
314
315
316
318
319
320
321
322
324
325
326
327
328
330
331
332
333
334
336
337
338
339
340
342
343
344
345
346
348
349
350
351
352
354
355
356
357
358
360
361
362
363
364
366
367
368
369
370
372
373
374
375
376
378
379
380
381
382
384
385
386
387
388
390
391
392
393
394
396
397
398
399
400
402
403
404
405
406
408
409
410
411
412
414
415
416
417
418
419
420
421
422
424
425
427
429