1
3
5
6
7
8
9
10
12
14
15
16
17
18
20
22
24
26
28
29
31
32
34
35
36
37
39
40
41
43
45
46
47
48
50
51
53
55
56
58
59
60
61
62
64
66
67
69
70
71
72
73
75
77
78
79
81
85
86
87
88
89
90
92
94
96
98
100
103
105
107
111
112
113
114
115
116
117
118
119
121
123
125
126
127
128
134
135
136
137
138
139
140
141
142
143
144
145
146
147
149
150
152
153
154
155
156
158
159
161
162
163
164
165
167
169
171
172
173
174
175
180
181
182
184
186
188
190
191
192
193
195
197
198
199
201
203
205
206
207
208
209
211
213
214
216
217
218
219
221
224
225
227
230
232
234
235
236
238
239
240
241
243
244
245
247
250
251
253
254
255
257
259
260
261
262
264
265
266
267
269
272
273
274
276
277
279
280
281
282
284
286
288
290
291
293
294
295
296
297
299
300
301
303
304
308
310
311
313
315
316
318
320
321
324
326
327
328
330
332
333
337
338
339
343
344
345
346
347
348
349
350
352
353
355
357
358
360
362
365
367
369
373
376
377
378
379
380
381
383
386
387
388
389
390
391
392
393
395
396
398
400
402
403
404
405
406
409
411
413
418
419
420
423
425
426
427
428
429
430
431
432
433
434
435
436
437
438
440
441
443
447
449
450
451
452
453
454
455
456
457
458
460
461
462
464
466
468
469
470
472
473
474
475
476
477
478
480
481
482
483
484
485
486
491
492
493
494
495
496
497
498
499
500
502
503
504
506
508
510
512
513
514
516
518
521
523
525
528
530
531
532
533
535
536
537
538
539
540
541
542
543
545
546
548
549
550
551
553
554
556
559
560
562
563
565
568
569
571
573
576
577
578
579
580
581
583
584
586
587
588
589
590
591
592
593
594
596
597
598
599
601
602
603
604
607
609
610
611
612
616
617
618
619
620
621
622
623
624
625
626
627
628
629
630
631
633
634
635
637
638
639
641
643
646
648
651
653
655
656
659
660
662
663
664
665
666
667
669
670
671
672
673
675
676
677
678
681
683
684
685
686
687
688
689
690
691
692
693
695
697
698
699
701
703
706
707
709
710
711
712
713
715
717
718
721
722
723
724
725
726
727
728
729
730
731
732
733
734
739
740
742
743
745
746
748
749
751
753
754
755
756
757
760
761
764
767
768
769
770
771
772
773
774
775
776
777
779
781
783
784
785
786
787
788
789
791
793
794
795
796
797
798
799
800
801
802
803
804
805
806
807
811
812
813
814
815
816
817
818
819
820
821
822
823
824
825
826
827
829
830
832
833
835
840
841
842
843
844
845
846
847
848
849
850
851
852
853
854
856
857
859
860
862
863
865
866
867
872
873
874
875
876
877
878
879
880
881
882
883
885
887
888
890
891
893
894
895
898
900
903
904
905
907
911
912
913
914
915
916
918
919
920
922
923
924
929
931
932
933
935
936
937
939
941
943
945
946
948
953
955
957
959
961
963
964
966
970
973
975
976
977
979
981
982
985
986
987
988
989
990
991
992
994
995
997
999
1001
1003
1008