1
3
5
6
7
8
9
10
12
14
15
16
17
18
20
22
24
26
27
28
29
30
31
32
34
36
38
40
41
43
44
45
47
48
49
50
51
53
55
56
57
58
59
61
62
63
64
66
67
68
69
70
71
72
73
74
76
78
80
81
84
85
86
87
88
89
90
92
94
97
98
99
101
102
103
104
106
109
110
111
112
114
117
118
119
120
121
123
124
126
131
132
133
134
135
136
137
139
141
142
143
144
145
146
147
148
149
150
151
152
154
155
156
158
160
161
164
165
167
169
174
177
178
179
180
181
182
183
184
185
186
187
188
190
191
193
194
195
197
199
201
202
206
209
210
211
212
213
214
215
216
217
219
220
222
223
224
225
226
227
228
230
231
232
234
236
238
239
243
246
247
248
249
250
251
252
253
254
255
256
257
258
259
260
262
263
264
266
267
269
271
273
275
278
281
282
283
284
285
286
287
288
289
290
292
293
294
296
298
299
300
301
302
303
304
305
306
307
309
310
311
312
313
314
315
316
317
319
321
322
323
324
325
329
330
331
332
333
334
335
337
338
340
342
343
345
347
348
349
350
351
355
356
357
358
359
360
361
362
363
364
366
367
369
371
372
373
375
376
377
379
382
383
384
387
388
389
390
391
392
393
395
397
398
400
401
402
405
408
409
410
411
412
413
414
415
416
417
418
419
420
421
422
423
424
425
426
427
428
429
430
431
432
433
434
435
436
437
438
439
440
441
442
443
445
446
447
448
450
451
452
453
454
455
456
457
459
460
461
462
463
465
466
468
469
473
477
479
480
482
483
484
485
486
487
490
491
492
493
494
495
497
499
502
503
504
505
507
509
511
514
515
516
517
519
523
524
525
526
528
531
534
535
536
537
538
539
540
541
542
543
544
545
546
547
548
549
550
551
552
553
554
555
556
557
558
559
561
562
564
565
566
567
568
569
570
571
573
574
575
576
577
578
579
581
583
584
585
586
587
589
591
594
596
599
600
602
604
606
608
609
610
611
612
613
614
615
616
617
618
619
620
621
622
624
625
627
629
630
634
635
636
637
638
639
642
645
646
647
648
649
650
651
653
655
657
658
660
661
665
666
667
668
670
672
674
676
678
681
682
683
684
685
686
687
688
689
690
691
692
693
694
695
696
697
698
699
700
701
703
705
706
708
710
711
712
713
717
718
719
720
721
722
723
724
725
726
727
728
729
730
731
732
733
735
736
738
740
742
744
748
749
750
751
752
753
755
757
759
761
762
763
765
766
768
769
770
771
772
773
774
775
776
778
779
783
785
787
788
790
793
795
796
797
798
799
801
806
807
808
809
811
813
814
816
817
819
826
827
828
829
830
831
832
833
834
836
838
842
843
844
845
846
847
849
850
852
853
857
858
859
860
861
862
864
866
868
870
872
873
875
876
881
882
883
884
885
886
887
889
890
892
893
897
898
899
900
901
902
903
904
905
907
909
910
912
914
916
920
922
925
928
929
930
931
932
933
935
937
938
939
940
941
942
943
945
946
948
950
952
954
956
958
960
963
965
967
969
971
973
975
978
980
985
986
988
990
992
994
997
998
999
1000
1001
1002
1003
1004
1006
1008
1009
1011
1015
1018
1019
1020
1021
1023
1024
1025
1026
1030
1031
1032
1034
1035
1036
1037
1038
1041
1042
1044
1048
1049
1051
1054
1055
1057
1060
1061
1063
1065
1066
1068
1069
1070
1072
1075
1078
1079
1081
1082
1084
1085
1089
1090
1091
1092
1093
1094
1095
1096
1097
1099
1100
1102
1103
1107
1108
1109
1110
1111
1112
1113
1114
1116
1117
1119
1120
1122
1123
1124
1125
1126
1127
1128
1130
1136
1137
1138
1139
1140
1141
1142
1143
1144
1145
1146
1147
1148
1149
1150
1151
1152
1153
1154
1155
1156
1157
1158
1159
1160
1161
1162
1163
1164
1165
1166
1167
1168
1169
1170
1171
1172
1173
1174
1175
1176
1177
1178
1179
1180
1181
1182
1183
1184
1185
1186
1187
1188
1189
1190
1191
1192
1193
1194
1195
1196
1197
1198
1199
1200
1201
1202
1203
1204
1205
1206
1207
1208
1209
1210
1211
1212
1213
1214
1215
1216
1217
1218
1219
1220
1222
1223
1224
1226
1227
1228
1229
1230
1231
1233
1234
1235
1236
1237
1238
1239
1241
1242
1244
1248
1249
1250
1251
1252
1254
1255
1257
1260
1262
1264
1266
1267
1268
1269
1270
1271
1272
1273
1274
1275
1276
1277
1278
1279
1280
1281
1282
1283
1284
1285
1286
1287
1288
1289
1290
1291
1292
1293
1294
1295
1296
1297
1298
1299
1300
1301
1302
1303
1305
1306
1307
1308
1310
1311
1313
1314
1316
1317
1319
1320
1321
1322
1323
1325
1328
1329
1331
1332
1339
1340
1341
1342
1343
1344
1345
1346
1347
1349
1350
1352
1353
1355
1356
1358
1359
1362
1363
1364
1365
1366
1367
1369
1370
1372
1373
1376
1377
1378
1379
1381
1382
1383
1386
1387
1388
1389
1390
1391
1393
1394
1395
1396
1397
1399
1400
1401
1404
1405
1406
1407
1409
1412
1413
1414
1415
1416
1418
1419
1423
1424
1426
1427
1428
1429
1430
1432
1433
1435
1437
1439
1440
1441
1442
1444
1445
1451
1452
1454
1456
1457
1461
1464
1466
1467
1468
1470
1471
1473
1475
1476
1479
1482
1483
1484
1485
1486
1487
1488
1489
1490
1491
1492
1493
1494
1495
1497
1499
1500
1502
1504
1505
1509
1510
1511
1513
1514
1516
1520
1521
1522
1523
1524
1525
1526
1527
1528
1529
1531
1532
1533
1536
1537
1539
1540
1542
1543
1545
1546
1552
1553
1554
1555
1556
1557
1558
1559
1561
1563
1565
1569
1572
1573
1574
1575
1576
1577
1578
1579
1581
1582
1584
1585
1587
1589
1593
1596
1597
1598
1599
1600
1601
1602
1604
1607
1608
1609
1610
1611
1612
1613
1614
1615
1616
1618
1619
1621
1622
1625