1
3
5
6
7
8
9
10
12
14
15
16
17
18
20
23
25
26
27
28
29
30
31
32
33
34
35
36
38
39
40
41
42
44
45
46
47
48
49
50
51
52
54
55
56
57
58
59
60
61
63
64
65
66
67
68
69
71
73
75
76
77
79
80
81
82
83
85
86
87
88
90
91
92
93
95
96
97
99
101
102
103
104
105
106
107
108
109
110
112
113
114
115
116
117
118
119
121
122
124
125
129
130
131
132
133
135
136
137
138
139
141
142
144
145
146
147
149
150
151
152
153
155
156
158
159
160
163
165
167
168
169
170
171
172
173
174
175
176
177
178
179
180
181
182
183
184
187
188
189
190
192
193
194
195
199
200
201
203
204
205
206
207
208
210
211
212
213
214
215
216
217
218
219
220
221
223
224
225
226
227
233
234
235
236
237
238
240
241
242
243
244
246
247
250
251
252
253
256
257
258
259
260
261
262
263
264
265
267
268
269
270
271
272
274
275
277
278
280
281
283
284
286
287
288
290
291
292
293
294
295
298
299
301
302
303
304
306
307
308
309
312
314
316
318
319
324
325
326
327
328
329
330
331
332
333
334
335
336
337
338
339
340
341
342
343
344
345
346
347
348
350
351
352
354
355
357
358
359
360
361
362
364
365
366
367
368
369
370
371
372
373
374
377
379
381
382
383
385
386
387
388
389
390
391
392
393
394
395
396
397
398
400
401
402
406
408
409
410
411
412
413
415
417
419
421
422
428
429
430
431
432
433
434
435
436
438
439
440
442
443
445
446
448
450
452
454
456
457
458
460
461
462
466
468
470
472
473
478
479
480
481
482
483
484
485
486
487
488
489
490
491
492
494
495
496
498
499
501
502
503
504
505
506
507
509
511
512
513
515
516
517
518
519
520
522
523
524
525
527
528
529
530
531
536
537
538
539
540
541
543
545
547
549
550
556
557
558
559
560
561
562
563
564
565
566
567
569
570
571
573
576
577
578
579
580
581
582
583
584
585
586
587
588
589
590
592
593
594
596
597
599
600
601
602
603
604
606
607
608
610
611
612
613
614
615
617
619
621
622
623
624
625
626
628
629
630
631
633
634
635
636
637
642
643
644
645
646
647
649
651
653
655
656
662
663
664
665
666
667
668
669
670
672
673
674
675
677
679
681
683
684
685
686
687
688
689
690
692
693
694
695
696
697
701
702
703
704
705
706
708
710
711
713
716
720
721
722
723
725
726
729
730
731
732
733
734
735
737
738
739
740
741
743
744
745
746
747
748
749
750
751
752
753
754
755
756
759
760
761
762
763
764
765
766
767
768
769
770
771
772
773
774
775
776
777
778
779
780
781
782
783
784
785
786
787
788
789
790
792
793
794
795
796
797
799
801
802
804
805
809
810
811
812
813
814
815
816
817
818
819
820
821
822
823
824
825
826
827
828
829
830
832
833
834
835
836
837
838
842
843
845
846
850
851
852
853
854
855
856
857
858
859
860
861
863
864
865
866
867
868
870
871
872
873
874
877
878
880
881
885
886
887
888
889
890
891
892
893
894
895
896
897
898
899
900
901
902
904
905
906
908
909
911
912
913
914
915
916
917
918
919
921
922
927
928
929
930
931
932
933
934
935
936
937
938
939
940
941
942
943
944
945
947
948
949
950
952
953
954
955
957
958
959
960
963
964
965
966
967
968
969
973
974
975
976
977
978
979
980
981
982
983
984
985
988
989
990
991
992
993