1
3
5
6
7
8
9
10
12
14
15
16
17
18
20
22
24
25
27
28
30
31
32
33
34
35
37
38
39
41
43
44
45
46
47
48
49
50
51
52
53
54
56
57
58
59
60
61
62
63
64
66
67
69
71
72
73
74
76
78
79
81
82
83
84
85
87
88
89
90
91
92
93
94
95
96
97
98
99
100
101
102
103
104
105
106
107
108
109
110
111
112
113
115
117
119
120
122
123
125
127
128
129
130
131
132
133
134
135
136
137
138
140
141
142
143
144
146
147
148
149
151
153
154
156
157
158
159
161
162
163
165
166
168
169
170
171
172
173
174
176
177
178
179
180
181
182
183
184
186
187
189
190
191
192
194
196
197
198
199
200
201
202
203
204
205
206
207
208
209
210
211
212
213
214
215
216
217
218
219
220
221
223
225
226
227
228
230
232
233
234
237
238
241
242
243
244
245
247
250
251
253
254
255
258
259
260
262
263
264
265
266
267
268
269
270
272
273
274
275
277
278
279
281
282
283
284
285
287
288
290
292
293
294
295
296
297
298
300
301
302
304
307
309
310
312
314
315
316
317
320
322
323
325
327
328
329
330
332
333
335
340
341
343
345
347
352
353
354
356
358
363
365
367
368
369
370
371
372
373
375
376
377
378
379
381
382
383
384
385
387
388
389
391
393
398
400
401
403
404
405
407
409
415
417
419
421
422
423
426
427
428
429
431
433
434
435
436
437
438
439
441
442
443
445
447
449
450
453
455
456
458
459
461
463
464
465
466
467
468
469
470
471
472
473
474
475
476
477
478
479
480
482
483
484
486
487
488
489
490
496
498
501
502
504
507
508
509
510
511
512
513
514
515
516
517
519
520
521
522
523
524
526
527
528
529
532
533
535
539
540
541
542
543
544
546
547
551
552
553
554
555
557
558
560
562
566
567
569
572
573
574
575
576
577
578
579
581
582
583
584
588
589
590
591
592
594
595
596
597
599
600
601
603
604
606
607
608
610
612
613
615
618
619
620
621
622
624
627
629
631
632
634
636
637
641
642
644
647
650
651
652
653
654
656
658
660
661
662
663
664
665
666
667
668
669
670
671
672
673
675
677
679
680
682
684
685
687
688
690
692
693
695
696
698
700
701
702
704
706
709
710
713
714
716
717
719
720
723
725
726
728
729
731
733
735
736
737
738
740
741
742
743
745
746
749
750
753
755
757
759
761
762
764
765
768
770
772
774
776
777
780
781
783
784
787
789
791
792
794
795
798
800
802
803
805
806
809
810
812
815
817
818
823
824
825
826
827
828
829
830
831
832
833
835
836
837
838
840
841
845
846
848
851
852
854
855
856
858
859
860
861
862
863
864
865
866
868
869
870
871
872
873
874
876
877
878
879
880
881
883
886
887
889
892
893
894
895
896
897
898
899
900
901
902
904
905
906
907
908
909
910
912
914
915
916
917
918
919
920
924
925
926
928
929
931
932
933
935
937
938
940
941
942
944
945
947
949
951
952
954
955
956
957
958
959
961
963
964
965
966
967
968
970
971
973
975
976
977
978
979
980
981
983
985
988
989
990
991
993
994
995
996
997
998
999
1000
1001
1003
1005
1006
1007
1008
1009
1011
1014
1015
1017
1018
1022
1024
1025
1027
1028
1030
1032
1035
1036
1038
1039
1041
1042
1043
1044
1045
1047
1048
1050
1051
1054
1056
1058
1059
1060
1061
1062
1063
1064
1065
1066
1067
1068
1069
1070
1071
1072
1073
1074
1075
1076
1077
1078
1079
1080
1081
1082
1083
1084
1085
1086
1087
1088
1089
1090
1091
1092
1093
1094
1095
1096
1097
1098
1099
1100
1102
1103
1104
1105
1107
1108
1109
1110
1111
1112
1113
1114
1115
1116
1117
1118
1119
1120
1122
1123
1124
1125
1126
1127
1128
1129
1130
1131
1133
1134
1135
1136
1137
1139
1140
1141
1142
1144
1145
1146
1148
1149
1150
1151
1153
1155
1157
1160
1161
1162
1164
1166
1167
1168
1170
1172
1176
1178
1180
1181
1182
1184
1186
1190
1191
1192
1193
1194
1196
1197
1198
1200
1201
1203
1205
1206
1207
1209
1210
1211
1212
1215
1217
1218
1222
1224
1225
1227
1230
1231
1232
1233
1234
1236
1237
1239
1240
1242
1243
1245
1246
1247
1248
1254
1256
1257
1259
1261
1262
1265
1266
1267
1268
1269
1270
1271
1275
1277
1278
1279
1282
1283
1285
1286
1289
1290
1291
1292
1293
1294
1295
1297
1298
1299
1301
1302
1303
1304
1306
1307
1308
1309
1311
1312
1313
1314
1316
1317
1318
1319
1320
1321
1323
1324
1325
1327
1329
1330
1331
1332
1333
1334
1335
1336
1337
1338
1340
1341
1343
1345
1350
1351
1352
1353
1354
1355
1357
1359
1361
1362
1364
1366
1370
1372
1374
1375
1377
1379
1383
1385
1386
1390
1391
1393
1395
1396
1398
1400
1401
1402
1403
1404
1405
1408
1409
1410
1411
1412
1413
1415
1416
1417
1418
1419
1420
1421
1422
1423
1425
1426
1427
1428
1429
1430
1431
1432
1433
1434
1435
1436
1437
1438
1440
1441
1442
1443
1444
1445
1446
1447
1448
1450
1451
1452
1453
1454
1455
1456
1457
1458
1460
1461
1462
1466
1467
1468
1469
1470
1471
1472
1473
1474
1475
1476
1477
1478
1479
1480
1481
1482
1483
1484
1486
1487
1488
1489
1490
1492
1494
1495
1496
1497
1498
1499
1500
1501
1502
1503
1504
1505
1506
1507
1508
1509
1510
1511
1514
1516
1517
1518
1519
1520
1521
1522
1524
1525
1526
1527
1528
1529
1530
1532
1533
1536
1537
1538
1539
1540
1542
1543
1544
1545
1547
1548
1552
1553
1554
1555
1556
1557
1558
1559
1560
1561
1562
1563
1564
1565
1566
1567
1568
1570
1571
1572
1574
1575
1576
1577
1578
1579
1580
1583
1584
1585
1586
1587
1588
1589
1591
1592
1594
1595
1597
1599
1600
1601
1602
1603
1604
1605
1606
1607
1608
1610
1611
1613
1614
1615
1616
1617
1618
1619
1620
1621
1622
1623
1624
1625
1626
1627
1628
1629
1630
1631
1632
1633
1634
1635
1636
1637
1638
1640
1641
1642
1643
1644
1645
1646
1647
1648
1650
1652
1654
1655
1659
1662
1663
1664
1665
1666
1667
1668
1669
1670
1671
1673
1674
1675
1676
1678
1680
1681
1683
1684
1687
1688
1689
1690
1691
1693
1694
1695
1696
1698
1699
1702
1704
1705
1706
1707
1708
1709
1710
1711
1712
1713
1714
1715
1717
1718
1719
1720
1721
1722
1723
1724
1725
1726
1727
1728
1729
1730
1731
1732
1734
1737
1738
1741
1742
1743
1744
1745
1746
1747
1748
1750
1752
1756
1757
1758
1759
1760
1761
1762
1763
1764
1766
1767
1768
1769
1770
1771
1772
1773
1774
1775
1777
1778
1779
1780
1781
1782
1783
1784
1785
1787
1788
1789
1790
1791
1792
1797
1798
1800
1801
1802
1803
1804
1805
1806
1807
1808
1810
1811
1812
1813
1814
1818
1819
1820
1821
1824
1825
1827
1828
1829
1830
1831
1832
1833
1834
1835
1836
1837
1839
1840
1841
1843
1845
1846
1847
1850
1851
1852
1854
1855
1856
1857
1858
1860
1861
1862
1865
1867
1868
1869
1870
1871
1872
1873
1877
1881
1882
1883
1884
1885
1886
1887
1888
1889
1890
1891
1893
1894
1898
1899
1900
1901
1904
1905
1906
1907
1908
1910
1911
1912
1913
1914
1915
1916
1918
1919
1921
1922
1923
1927
1928
1929
1930
1931
1932
1933
1934
1935
1936
1937
1938
1941
1942
1944
1945
1946
1947
1948
1949
1950
1951
1954
1955
1957
1960
1961
1963
1964
1965
1966
1967
1968
1971
1972
1974
1977
1978
1980
1983
1984
1985
1986
1987
1989
1992
1993
1994
1995
1997
2000
2001
2002
2003
2004
2006
2007
2008
2009
2011
2012
2013
2014
2015
2016
2017
2018
2020
2021
2022
2023
2024
2026
2028
2029
2032
2035
2036
2037
2038
2039
2040
2041
2043
2044
2045
2046
2048
2052
2055
2056
2057
2058
2060
2061
2063
2064
2066
2069
2070
2071
2072
2073
2074
2076
2078
2080
2081
2082
2083
2084
2085
2086
2088
2089
2091
2093
2095
2099
2100
2101
2102
2103
2104
2105
2107
2110
2111
2112
2113
2114
2115
2116
2117
2118
2120
2121
2123
2124
2126
2128
2130
2134
2135
2136
2137
2138
2139
2141
2143
2144
2148
2149
2150
2151
2152
2153
2155
2158
2159
2160
2161
2162
2163
2164
2165
2166
2167
2168
2170
2171
2172
2174
2176
2177
2178
2179
2180
2181
2182
2183
2186
2188
2189
2190
2191
2192
2193
2194
2197
2199
2200
2201
2203
2204
2206
2207
2208
2209
2210
2211
2213
2214
2215
2216
2218
2219
2220
2221
2222
2223
2224
2226
2228
2231
2232
2234
2236
2237
2240
2241
2243
2245
2246
2247
2248
2249
2250
2251
2253
2255
2256
2257
2258
2259
2260
2261
2262
2263
2264
2265
2266
2267
2268
2271
2272
2273
2274
2275
2276
2277
2278
2279
2280
2281
2282
2283
2284
2285
2286
2287
2288
2289
2291
2293
2296
2298
2299
2301
2302
2303
2304
2307
2308
2310
2311
2312
2313
2315
2316
2319
2320
2321
2324
2327
2328
2329
2330
2331
2332
2333
2334
2335
2336
2337
2338
2339
2340
2341
2343
2344
2345
2347
2348
2349
2350
2351
2352
2355
2356
2358
2361
2363
2366
2369
2370
2371
2372
2373
2374
2375
2376
2377
2378
2379
2380
2382
2384
2385
2387
2390
2391
2392
2394
2395
2396
2397
2398
2400
2403
2404
2406
2409
2410
2412
2415
2418
2419
2420
2421
2423
2426
2430
2431
2432
2433
2434
2435
2436
2437
2438
2439
2441
2442
2444
2445
2447
2448
2449
2450
2452
2453
2455
2456
2457
2460
2464
2465
2466
2467
2468
2469
2470
2471
2472
2473
2474
2476
2477
2478
2479
2482
2483
2484
2485
2486
2487
2488
2489
2490
2491
2493
2494
2496
2499
2500
2501
2502
2503
2504
2505
2506
2507
2508
2509
2510
2511
2513
2515
2516
2517
2519
2521
2522
2523
2525
2526
2527
2528
2529
2531
2532
2533
2534
2535
2536
2537
2538
2540
2541
2542
2544
2545
2547
2548
2549
2550
2551
2552
2557
2560
2561
2562
2563
2564
2565
2566
2567
2568
2569
2570
2571
2572
2573
2574
2575
2576
2577
2579
2580
2581
2582
2584
2585
2586
2588
2591
2592
2593
2594
2595
2596
2597
2598
2599
2600
2601
2602
2603
2604
2605
2606
2607
2608
2609
2610
2611
2612
2614
2615
2617
2618
2619
2620
2621
2623
2624
2625
2626
2627
2628
2629
2631
2632
2633
2634
2636
2637
2638
2639
2640
2641
2642
2643
2644
2645
2646
2649
2650
2651
2652
2653
2654
2656
2657
2658
2659
2660
2661
2663
2664
2666
2668
2669
2673
2674
2675
2676
2677
2679
2681
2682
2684
2685
2687
2689
2690
2692
2696
2697
2699
2702
2703
2704
2705
2706
2708
2709
2710
2711
2712
2713
2714
2715
2716
2717
2718
2719
2720
2721
2722
2723
2724
2725
2726
2727
2728
2730
2731
2732
2733
2734
2735
2736
2737
2738
2739
2740
2742
2743
2745
2746
2747
2751
2752
2753
2754
2755
2756
2757
2758
2759
2760
2761
2762
2763
2764
2765
2766
2767
2768
2769
2770
2771
2772
2774
2777
2778
2779
2781
2782
2784
2785
2786
2787
2788
2789
2790
2791
2792
2793
2794
2795
2796
2797
2798
2799
2800
2803
2804
2805
2807
2808
2809
2810
2811
2813
2814
2815
2816
2817
2818
2819
2820
2821
2823
2824
2826
2829
2830
2831
2832
2833
2834
2835
2837
2838
2839
2841
2844
2845
2846
2847
2849
2850
2851
2852
2853
2855
2856
2859
2860
2861
2862
2863
2864
2865
2866
2867
2868
2869
2870
2871
2874
2875
2876
2877
2878
2879
2880
2881
2882
2883
2884
2885
2886
2887
2889
2890
2891
2892
2893
2894
2896
2899
2901
2902
2904
2905
2906
2907
2908
2909
2910
2911
2912
2913
2914
2915
2916
2918
2919
2920
2921
2922
2924
2925
2926
2927
2928
2929
2930
2931
2932
2933
2934
2935
2936
2937
2939
2940
2941
2943
2946
2947
2949
2950
2951
2952
2953
2954
2956
2957
2958
2959
2960
2962
2965
2966
2967
2968
2969
2970
2971
2972
2973
2974
2975
2976
2977
2978
2979
2980
2981
2982
2983
2984
2985
2986
2987
2988
2990
2991
2992
2993
2994
2995
2997
2999
3000
3001
3003
3005
3006
3007
3010
3011
3012
3013
3014
3015
3016
3018
3019
3020
3021
3022
3023
3024
3025
3027
3029
3032
3035
3036
3037
3038
3039
3040
3041
3042
3044
3047
3048
3049
3050
3051
3052
3053
3054
3055
3056
3057
3058
3060
3062
3063
3064
3065
3066
3068
3072
3073
3074
3075
3076
3077
3078
3079
3080
3081
3082
3083
3085
3086
3087
3088
3090
3091
3092
3093
3095
3096
3097
3098
3099
3101
3102
3105
3106
3107
3108
3109
3111
3112
3115
3116
3117
3118
3120
3122
3123
3127
3128
3130
3131
3133
3135
3136
3137
3138
3140
3141
3142
3143
3144
3145
3146
3147
3148
3149
3150
3151
3152
3154
3155
3156
3160
3161
3162
3163
3164
3165
3167
3170
3171
3172
3173
3174
3175
3176
3177
3178
3180
3181
3182
3183
3184
3185
3186
3187
3188
3189
3190
3191
3195
3197
3198
3199
3201
3202
3203
3204
3205
3206
3208
3209
3210
3211
3212
3213
3214
3215
3216
3217
3218
3219
3220
3221
3222
3223
3224
3225
3227
3229
3230
3231
3232
3233
3234
3235
3236
3237
3238
3239
3240
3241
3242
3243
3244
3245
3246
3247
3249
3250
3255
3257
3258
3259
3261
3262
3263
3264
3265
3266
3268
3269
3270
3271
3272
3273
3274
3275
3276
3277
3278
3279
3280
3281
3282
3283
3284
3285
3286
3288
3289
3291
3292
3294
3296
3299
3301
3302
3303
3304
3306
3310
3311
3312
3313
3314
3315
3316
3317
3319
3321
3322
3323
3324
3325
3326
3327
3328
3329
3330
3331
3332
3333
3334
3335
3336
3337
3338
3339
3340
3341
3342
3344
3345
3349
3350
3351
3352
3353
3354
3355
3356
3358
3360
3361
3362
3365
3367
3368
3370
3371
3372
3373
3374
3375
3377
3378
3379
3381
3383
3384
3385
3392
3393
3394
3396
3397
3398
3399
3400
3402
3403
3404
3405
3407
3410
3411
3412
3414
3415
3417
3418
3419
3420
3421
3422
3426
3427
3429
3430
3431
3432
3434
3435
3437
3439
3443
3444
3445
3446
3447
3448
3449
3450
3451
3452
3453
3454
3455
3456
3457
3458
3459
3462
3465
3466
3467
3468
3469
3470
3471
3472
3474
3476
3479
3480
3481
3482
3483
3484
3485
3486
3487
3488
3490
3492
3495
3498
3499
3500
3501
3502
3503
3504
3505
3507
3508
3509
3510
3513
3514
3515
3516
3517
3518
3519
3520
3521
3523
3524
3525
3526
3529
3530
3531
3532
3533
3535
3537
3540
3541
3542
3543
3544
3545
3546
3547
3548
3549
3550
3551
3552
3553
3555
3556
3559
3560
3561
3562
3563
3564
3565
3566
3567
3568
3569
3571
3572
3573
3574
3575
3577
3578
3579
3580
3581
3583
3584
3585
3586
3587
3588
3590
3592
3593
3594
3595
3596
3597
3598
3599
3601
3602
3603
3604
3605
3606
3607
3608
3609
3610
3611
3613
3614
3617
3620
3621
3622
3623
3624
3625
3626
3627
3628
3629
3630
3631
3632
3633
3635
3636
3638
3640
3641
3642
3643
3644
3646
3647
3648
3649
3650
3652
3653
3654
3655
3656
3657
3659
3661
3662
3663
3665
3667
3670
3672
3673
3674
3675
3676
3677
3678
3679
3680
3681
3682
3685
3686
3689
3692
3693
3694
3695
3696
3697
3698
3700
3702
3704
3705
3706
3707
3710
3713
3714
3715
3716
3717
3719
3720
3723
3724
3725
3726
3727
3728
3729
3731
3734
3735
3736
3737
3738
3739
3740
3741
3743
3746
3747
3748
3749
3750
3751
3752
3753
3754
3755
3756
3757
3759
3762
3763
3764
3765
3766
3767
3768
3769
3770
3772
3773
3777
3778
3779
3780
3781
3782
3783
3784
3785
3786
3787
3789
3790
3792
3795
3796
3797
3798
3799
3800
3802
3803
3804
3805
3807
3809
3810
3811
3812
3814
3816
3818
3820
3822
3824
3825
3826
3830
3831
3832
3833
3835
3838
3840
3842
3844
3846
3850
3853
3854
3855
3856
3857
3858
3859
3860
3861
3862
3863
3864
3865
3867
3869
3870
3872
3874
3876
3878
3880
3882
3885
3887
3888
3890
3892
3896
3897
3899
3903
3906
3907
3908
3909
3910
3911
3912
3913
3914
3915
3916
3917
3918
3919
3921
3923
3924
3926
3928
3930
3932
3934
3936
3939
3940
3941
3942
3944
3945
3947
3949
3950
3952
3953
3954
3956
3957
3963
3966
3967
3968
3969
3970
3971
3972
3973
3974
3975
3976
3977
3978
3979
3980
3981
3982
3983
3984
3985
3986
3987
3988
3990
3991
3992
3993
3994
3995
3996
3997
3999
4000
4001
4002
4003
4004
4005
4006
4007
4008
4009
4010
4011
4012
4013
4016
4017
4018
4020
4021
4022
4023
4024
4025
4027
4030
4031
4032
4035
4036
4037
4038
4039
4040
4041
4042
4043
4044
4045
4046
4047
4048
4049
4050
4051
4052
4053
4055
4056
4057
4058
4059
4060
4061
4063
4065
4068
4069
4070
4072
4075
4076
4077
4079
4081
4083
4086
4088
4091
4094
4095
4096
4097
4099
4100
4103
4104
4105
4106
4108
4110
4111
4112
4114
4117
4120
4121
4122
4123
4124
4125
4126
4127
4129
4130
4133
4134
4135
4136
4139
4142
4143
4144
4145
4147
4151
4152
4153
4154
4156
4157
4158
4159
4160
4161
4164
4165
4166
4167
4168
4169
4170
4171
4172
4173
4174
4175
4177
4178
4179
4180
4181
4182
4183
4184
4185
4186
4187
4188
4189
4191
4192
4194
4195
4197
4198
4199
4201
4203
4204
4205
4209
4210
4212
4215
4216
4218
4222
4223
4224
4226
4228
4232
4234
4237
4238
4239
4240
4241
4243
4245
4247
4249
4252
4254
4258
4259
4260
4261
4262
4263
4264
4265
4266
4267
4268
4269
4271
4272
4273
4274
4275
4276
4277
4278
4279
4280
4281
4282
4284
4285
4287
4288
4289
4290
4291
4293
4295
4297
4299
4302
4304
4305
4307
4309
4311
4312
4314
4317
4318
4320
4321
4322
4323
4325
4327
4329
4331
4337
4340
4341
4342
4343
4344
4345
4347
4349
4352
4354
4356
4358
4363
4365
4367
4370
4371
4373
4374
4376
4379
4381
4383
4384
4386
4387
4389
4390
4391
4392
4394
4399
4402
4403
4405
4406
4407
4408
4409
4411
4413
4414
4416
4417
4420
4421
4422
4423
4424
4425
4426
4427
4430
4432
4434
4436
4439
4442
4443
4444
4445
4446
4447
4448
4450
4453
4454
4456
4459
4460
4461
4463
4465
4466
4467
4470
4473
4474
4475
4476
4478
4479
4480
4481
4482
4483
4485
4486
4487
4488
4489
4490
4492
4495
4496
4498
4499
4502
4503
4505
4507
4509
4511
4515
4517
4519
4521
4525
4526
4528
4530
4535
4536
4537
4538
4539
4540
4541
4542
4546
4547
4548
4549
4552
4553
4554
4555
4556
4557
4558
4559
4560
4562
4565
4567
4569
4574
4575
4578
4579
4582
4583
4586
4587
4590