1
3
5
6
7
8
9
10
12
14
15
16
17
18
20
22
23
24
26
27
28
29
30
31
32
33
35
37
38
39
40
41
42
45
47
48
49
50
55
56
57
58
59
62
64
65
67
68
69
70
71
72
74
75
77
79
80
81
82
83
84
85
86
87
88
89
90
91
92
93
96
101
102
103
106
108
109
111
112
113
114
115
118
120
121
122
123
124
125
126
127
128
129
130
131
132
133
134
135
136
137
138
139
140
141
142
143
144
145
146
147
148
149
150
151
152
153
154
155
156
157
158
159
160
161
166
167
168
169
170
171
172
173
174
175
176
177
178
179
180
181
182
183
185
190
191
192
193
195
196
197
198
200
201
203
204
206
210
211
212
213
214
215
216
218
221
222
223
224
225
226
227
229
232
233
234
235
236
237
238
240
244
245
246
247
248
249
250
251
252
253
254
256
257
259
260
261
262
263
264
265
266
267
268
269
270
271
272
273
274
275
276
277
278
279
280
281
282
284
285
287
289
291
293
294
299
300
301
302
303
304
305
306
308
309
310
311
312
315
316
317
318
319
320
322
323
324
326
328
329
331
335
336
341
342
343
344
345
346
347
348
350
351
352
353
354
355
356
357
359
361
363
364
368
369
370
371
372
373
374
375
377
378
379
380
381
384
385
386
387
388
389
390
391
393
394
395
397
399
400
402
406
407
408
412
413
414
415
416
417
418
419
420
422
423
425
426
427
429
431
433
435
436
437
441
442
443
444
445
446
447
448
450
451
453
454
455
456
458
459
460
462
464
466
467
471
472
473
474
475
476
477
479
480
482
483
484
486
487
489
491
493
494
497
498
499
500
501
502
503
505
506
508
509
510
512
514
516
518
519
522
523
524
526
529
530
531
532
533
534
536
537
538
539
540
541
543
545
546
549
550
551
552
553
554
555
556
558
559
560
561
562
563
564
565
568
569
570
571
572
573
575
576
577
578
579
580
583
584
585
586
587
589
591
592
593
594
596
597
598
599
600
601
605
606
607
608
609
611
615
616
617
618
619
621
623
624
626
627
629
630
632
633
635
636
638
639
641
642
644
645
647
648
650
651
653
654
656
657
661
662
663
664
665
666
668
670
671
673
674
676
677
679
680
682
683
685
686
688
689
691
692
694
695
697
698
703
704
705
706
707
708
710
711
713
715
718
719
720
721
722
723
725
726
727
728
729
730
731
732
733
734
735
736
738
739
740
741
742
743
746
747
748
749
750
751
753