1
3
5
6
7
8
9
10
12
14
15
16
17
18
20
22
24
25
27
28
29
30
31
32
33
34
35
36
37
38
40
41
43
44
45
46
47
48
50
51
52
54
55
56
57
58
59
60
61
62
63
64
67
68
70
71
72
73
74
75
76
77
78
79
80
81
82
83
84
85
86
87
88
89
90
91
92
93
94
95
96
99
100
101
102
103
104
105
106
107
108
109
111
112
113
114
115
116
117
118
121
123
124
127
129
132
133
135
137
138
140
141
142
143
145
146
148
149
150
151
152
153
154
155
159
160
162
163
164
165
166
167
169
170
171
175
176
177
178
180
183
184
185
186
187
189
191
193
194
195
196
197
199
200
201
202
203
204
205
206
208
210
215
216
217
218
220
221
222
225
226
227
228
230
231
232
233
236
237
238
239
241
242
243
245
246
247
248
249
250
251
252
253
254
255
256
257
258
259
260
261
263
264
265
266
267
268
271
272
273
274
276
277
278
282
283
284
285
287
291
292
293
294
296
300
302
303
304
305
307
310
311
312
313
315
318
319
320
321
322
324
327
328
329
330
332
333
334
335
336
337
338
341
345
347
348
349
351
353
354
355
358
360
363
365
368
370