1
3
5
6
7
8
9
10
12
14
15
16
17
18
20
22
25
26
27
29
31
34
35
36
37
38
39
40
41
42
43
44
46
48
49
50
51
52
53
54
55
56
57
58
59
60
62
63
64
67
68
69
70
71
72
74
76
78
80
82
86
87
88
89
90
91
93
95
96
98
100
101
106
107
108
109
110
111
113
116
117
118
119
120
121
122
123
124
125
126
127
128
129
130
132
135
136
137
138
139
140
141
142
143
144
146
147
148
150
151
152
154
156
159
160
161
162
163
164
165
166
167
169
170
172
174
177
178
179
180
181
182
183
184
186
188
191
192
193
194
195
196
197
199
200
202
203
204
205
206
207
208
209
211
212
213
215
216
217
219
220
221
222
223
224
225
226
227
228
229
230
231
232
233
235
236
237
239
243
244
245
247
248
250
254
255
256
257
258
259
260
261
262
263
264
265
266
268
270
271
273
274
275
276
277
279
281
282
283
285
287
289
293
295
298
301
302
303
304
305
306
307
308
309
310
311
312
313
314
315
316
317
318
320
321
322
323
325
326
327
328
329
330
331
332
333
334
335
336
337
338
339
340
341
342
343
344
346
348
349
350
351
352
353
354
355
356
357
358
359
360
361
362
364
365
366
369
372
373
374
375
376
377
378
379
380
381
383
384
386
387
389
390
391
392
393
394
395
396
397
398
400
401
402
403
404
406
409
410
411
412
413
414
415
416
417
418
419
420
421
422
423
424
425
426
427
428
429
430
431
432
433
434
435
436
437
438
440
442
443
445
447
449
450
451
452
454
455
457
459
461
464
466
469
471
473
477
478
479
480
481
482
483
485
488
491
492
493
494
495
496
498
500
503
504
505
506
507
508
509
511
512
513
516
517
518
519
521
522
524
527
528
529
530
531
533
534
535
537
538
539
540
541
542
544
545
546
548
550
553
554
555
557
558
559
560
562
564
565
566
567
568
569
570
571
572
573
575
576
577
579
582
583
584
585
587
588
591
592
593
594
595
596
597
598
599
600
601
602
604
607
608
609
610
611
612
613
614
615
617
620
621
622
623
624
625
626
627
628
630
633
634
635
636
637
638
639
641
642