1
3
5
6
7
8
9
10
12
14
15
16
17
18
20
22
24
25
26
27
28
29
30
31
33
34
35
36
39
40
41
42
43
44
45
47
48
49
50
51
53
55
62
68
84
85
86
87
89
95
101
113
114
115
116
117
119
120
121
123
124
125
126
127
129
130
131
132
133
134
136
137
139
140
141
143
144
145
146
147
148
149
150
152
155
156
157
158
159
160
161
163
164
165
166
169
171
173
174
177
179
181
182
185
186
187
188
189
190
191
193
195
198
199
200
201
202
203
204
206
208
209
210
211
212
215
216
217
218
219
220
221
223
225
228
229
230
231
232
233
234
236
238
239
240
241
242
244
247
248
249
250
251
252
253
255
257
259
261
264
265
266
267
268
269
270
272
274
277
278
279
280
281
282
283
285
287
288
289
290
291
292
293
296
297
298
299
300
301
302
304
306
308
311
312
313
314
315
316
317
319
321
326
327
328
329
330
332
333
334
335
336
337
340
341
342
343
344
347
348
350
351
353
354
356
357
358
359
360
361
362
363
364
365
367
368
369
370
371
372
374
375
376
377
379
381
383
385
387
388
390
392
393
396
398
404
405
406
407
408
410
411
412
413
414
415
416
417
419
420
421
422
423
425
426
428
430
431
433
435
437
441
444
446
448
450
453
455
458
459
460
461
462
463
464
466
468
470
472
476
477
478
479
480
481
482
484
485
486
488
489
490
491
492
494
496
498
502
503
504
505
506
507
508
510
511
512
514
516
518
520
521
523
525
527
528
530
532
534
536
538
540
543
545
547
550
551
552
553
554
555
556
558
559
560
561
562
563
565
567
570
571
573
574
577
579
582
584
585
587
589
592
593
594
595
596
597
598
600
601
604
605
606
607
608
609
610
612
613
614
616
618
620
623
626
627
628
629
630
631
632
634
635
637
639
641
643
644
646
649
652
653
654
655
656
657
658
660
661
663
664
666
669
672
673
674
675
676
678
679
680
681
682
683
685
688
689
690
691
692
693
694
696
698
699
701
702
705
706
707
708
709
711
712
714
717
718
719
720
721
722
723
725
726
728
731
732
733
734
735
736
737
738
739
740
741
742
743
744
745
746
747
749
753
754
755
756
757
758
759
761
763
765
768
769
770
771
772
773
774
776
778