1
3
5
6
7
8
9
10
12
14
15
16
17
18
20
22
24
25
26
27
29
30
31
32
33
34
35
36
37
38
39
40
41
42
43
44
45
46
47
48
49
50
51
52
53
54
55
56
57
58
59
60
61
62
63
64
65
66
67
68
69
70
71
72
73
74
75
76
77
78
79
80
81
83
84
85
86
87
89
90
93
94
95
96
97
98
99
100
101
102
103
104
105
109
110
111
112
113
114
115
116
117
118
119
120
121
122
123
124
125
126
127
128
129
130
131
132
134
138
139
140
141
142
143
145
146
147
148
149
150
151
152
153
154
155
156
157
158
159
160
161
162
163
164
165
166
167
168
169
170
171
172
173
174
176
177
178
179
180
181
182
183
184
185
186
187
189
191
195
197
199
200
202
203
204
205
206
207
210
212
213
214
215
216
217
218
219
220
221
223
224
225
226
227
229
230
232
233
234
235
236
237
238
239
240
241
243
245
246
247
248
250
251
253
254
256
257
259
262
264
265
267
268
271
272
273
274
276
277
279
280
281
282
283
284
286
289
290
291
292
293
294
295
296
297
299
300
302
304
305
306
307
308
309
310
311
314
315
316
317
318
319
320
321
322
323
326
330
331
333
334
335
337
338
339
341
344
345
347
349
351
353
355
357
358
359
360
361
362
364
366
367
369
371
372
374
375
377
378
380
382
383
386
387
388
389
391
392
393
394
395
396
398
399
400
401
402
403
406
408
410
412
418
419
421
422
423
425
427
429
431
432
433
434
435
437
439
440
441
442
444
446
447
448
451
453
454
457
459
461
463
464
466
468
469
470
471
472
473
474
475
476
477
478
480
483
485
487
489
490
493
498
502
503
505
507
508
510
512
516
517
518
519
522
523
525
528
529
531
535
536
537
538
539
540
541
542
543
544
545
546
547
548
550
551
552
553
554
556
557
558
559
560
562
563
564
565
566
567
568
571
572
573
574
576
577
578
579
580
581
583
585
586
587
588
589
591
594
595
596
597
598
599
600
601
602
603
604
605
606
609
610
612
613
615
617
618
619
622
623
625
626
627
628
631
632
633
634
635
636
637
638
639
642
643
644
645
646
647
648
649
650
651
652
653
654
655
656
657
658
659
660
661
662
663
664
665
666
667
668
669
670
671
672
673
674
675
676
677
678
679
680
681
682
683
684
685
686
687
688
689
690
691
692
693
694
695
696
697
698
699
700
701
703
704
705
706
709
710
712
713
715
716
717
718
719
722
723
724
726
727
729
730
731
732
734
737
738
740
741
742
744
745
746
747
749
750
752
753
756
757
758
759
761
762
763
764
765
766
767
769
771
773
775
777
778
779
780
781
783
784
785
786
787
788
789
790
792
796
797
799
800
802
803
805
806
807
811
812
814
815
816
817
818
819
821
822
824
825
826
827
828
830
831
832
833
835
837
839
840
842
843
845
846
848
851
853
854
855
856
857
858
859
860
863
865
866
867
870
871
872
873
875
876
877
880
882
883
885
886
887
889
891
892
894
895
897
898
899
901
903
904
905
906
907
911
912
915
916
917
918
919
920
921
922
923
924
925
927
929
930
931
932
934
936
937
938
939
941
942
944
945
946
948
949
951
952
954
955
956
957
958
959
960
961
962
964
965
966
967
969
970
971
972
973
974
975
978
979
980
983
984
985
987
988
989
991
992
993
995
996
997
998
999
1000
1001
1002
1003
1004
1009
1010
1011
1012
1015
1016
1017
1018
1019
1020
1021
1022
1023
1025
1026
1027
1029
1030
1031
1033
1034
1035
1038
1039
1040
1041
1042
1043
1044
1045
1046
1047
1051
1052
1053
1054
1057
1058
1059
1060
1061
1062
1063
1064
1065
1066
1067
1069
1070
1071
1072
1074
1075
1076
1077
1079
1080
1082
1083
1084
1087
1089
1090
1093
1095
1096
1097
1098
1099
1101
1104
1105
1106
1107
1108
1109
1110
1111
1112
1113
1114
1115
1118
1119
1120
1121
1123
1125
1126
1127
1128
1129
1130
1131
1132
1134
1135
1137
1140
1141
1142
1143
1144
1145
1146
1147
1148
1149
1150
1151
1152
1154
1155
1156
1158
1159
1160
1161
1162
1164
1166
1168
1170
1172
1174
1178
1179
1181
1182
1183
1184
1185
1186
1187
1189
1190
1191
1192
1193
1194
1195
1197
1199
1200
1201
1202
1204
1205
1206
1207
1209
1210
1212
1213
1214
1215
1217
1218
1219
1220
1221
1223
1225
1227
1228
1229
1230
1231
1233
1234
1235
1238
1239
1241
1243
1244
1246
1247
1249
1250
1252
1253
1254
1255
1259
1260
1262
1263
1264
1265
1266
1267
1268
1270
1272
1273
1274
1275
1276
1277
1278
1279
1280
1281
1282
1283
1284
1286
1288
1289
1291
1292
1293
1294
1295
1296
1297
1298
1299
1300
1302
1303
1305
1308
1309
1310
1311
1312
1313
1314
1315
1317
1318
1320
1321
1322
1325
1326
1327
1328
1329
1330
1331
1332
1333
1334
1335
1336
1337
1338
1339
1340
1341
1342
1343
1345
1346
1347
1348
1349
1350
1351
1352
1353
1355
1357
1359
1360
1362
1364
1369
1370
1371
1372
1374
1375
1377
1378
1380
1385
1386
1387
1388
1390
1391
1392
1394
1395
1396
1400
1401
1402
1403
1404
1405
1406
1407
1409
1410
1411
1412
1413
1414
1415
1416
1418
1419
1420
1421
1422
1424
1425
1426
1428
1429
1430
1431
1432
1434
1435
1436
1438
1439
1441
1443
1444
1445
1446
1447
1448
1449
1450
1451
1452
1453
1454
1455
1457
1459
1460
1461
1462
1464
1466
1467
1469
1470
1474
1475
1476
1477
1478
1479
1480
1481
1482
1483
1485
1486
1488
1489
1491
1495
1496
1497
1498
1500
1501
1502
1503
1504
1508
1509
1510
1511
1512
1513
1514
1515
1516
1518
1520
1521
1523
1524
1526
1528
1530
1531
1532
1534
1535
1537
1538
1541
1543
1545
1550
1551
1552
1553
1554
1555
1557
1559
1560
1561
1563
1564
1565
1566
1567
1568
1569
1570
1572
1573
1575
1576
1577
1578
1579
1580
1582
1583
1585
1587
1588
1590
1591
1592
1593
1595
1597
1598
1600
1601
1603
1605
1606
1608
1610
1611
1612
1614
1616
1618
1619
1620
1623
1624
1626
1627
1628
1629
1630
1631
1632
1634
1635
1636
1637
1638
1639
1640
1641
1642
1643
1645
1646
1648
1649
1651
1652
1653
1654
1655
1656
1658
1659
1661
1662
1663
1664
1665
1666
1670
1672
1673
1675
1676
1677
1678
1679
1682
1683
1684
1685
1688
1689
1690
1691
1692
1693
1694
1695
1696
1697
1699
1700
1704
1705
1706
1707
1708
1709
1710
1712
1714
1715
1716
1717
1718
1719
1720
1721
1723
1725
1727
1728
1729
1730
1731
1732
1734
1735
1737
1738
1739
1740
1741
1742
1743
1745
1746
1748
1749
1750
1751
1753
1754
1755
1756
1757
1758
1761
1762
1764
1766
1767
1769
1770
1771
1773
1774
1775
1776
1778
1779
1780
1782
1783
1786
1788
1789
1790
1791
1793
1794
1795
1796
1798
1799
1800
1801
1804
1805
1808
1809
1810
1811
1812
1813
1814
1816
1818
1819
1820
1823
1824
1825
1827
1829
1831
1836
1837
1838
1839
1840
1841
1842
1843
1844
1846
1847
1848
1849
1851
1853
1854
1856
1857
1860
1861
1862
1863
1864
1866
1867
1868
1869
1871
1872
1873
1874
1875
1876
1877
1878
1879
1880
1881
1883
1884
1885
1886
1887
1888
1890
1891
1892
1894
1895
1897
1899
1900
1902
1903
1904
1905
1906
1907
1908
1909
1910
1911
1915
1917
1918
1920
1921
1925
1927
1928
1929
1930
1932
1933
1936
1937
1938
1939
1940
1941
1943
1944
1945
1946
1948
1950
1952
1953
1954
1955
1957
1959
1961
1965
1967
1969
1971
1973
1975
1976
1977
1980
1982
1983
1984
1985
1986
1989
1992
1994
1995
1996
1997
1998
1999
2001
2002
2005
2008
2011
2012
2013
2014
2016
2019
2020
2021
2022
2024
2028
2030
2031
2032
2033
2035
2036
2039
2040
2041
2042
2043
2044
2046
2047
2049
2051
2052
2053
2054
2055
2056
2058
2060
2062
2067
2068
2070
2071
2073
2074
2075
2076
2078
2081
2083
2088
2089
2091
2092
2093
2094
2095
2096
2097
2099
2100
2103
2104
2105
2106
2107
2109
2111
2112
2115
2117
2120
2121
2123
2125
2127
2129
2133
2135
2137
2139
2140
2146
2148
2149
2150
2151
2152
2153
2154
2155
2156
2157
2158
2160
2162
2163
2164
2165
2166
2167
2168
2169
2170
2171
2172
2174
2176
2178
2179
2181
2184
2186
2189
2190
2191
2192
2193
2194
2195
2196
2197
2198
2199
2200
2201
2203
2204
2205
2206
2208
2210
2211
2212
2213
2214
2215
2218
2221
2223
2225
2226
2227
2228
2229
2230
2233
2234
2235
2236
2237
2238
2240
2241
2245
2246
2248
2249
2250
2251
2252
2253
2255
2258
2259
2261
2262
2264
2266
2268
2269
2270
2272
2273
2278
2279
2281
2282
2283
2284
2285
2286
2287
2288
2289
2290
2291
2292
2293
2296
2297
2299
2300
2303
2304
2305
2306
2307
2308
2309
2310
2311
2312
2313
2314
2315
2316
2317
2318
2319
2321
2323
2324
2325
2327
2328
2329
2330
2331
2332
2333
2334
2335
2336
2337
2340
2341
2342
2346
2348
2350
2352
2354
2355
2356
2357
2358
2360
2362
2364
2365
2366
2370
2371
2372
2373
2374
2375
2376
2377
2378
2379
2380
2381
2382
2383
2384
2386
2387
2388
2389
2390
2392
2394
2395
2397
2398
2399
2400
2401
2402
2404
2406
2408
2409
2410
2413
2415
2417
2418
2419
2420
2422
2423
2427
2428
2429
2430
2432
2433
2434
2435
2436
2437
2439
2440
2441
2442
2443
2445
2446
2447
2448
2449
2453
2456
2457
2458
2459
2460
2461
2462
2463
2464
2465
2466
2467
2468
2469
2470
2471
2473
2474
2475
2476
2477
2478
2479
2480
2481
2483
2484
2486
2488
2489
2492
2493
2495
2497
2498
2499
2500
2501
2502
2504
2505
2506
2507
2508
2510
2511
2512
2513
2515
2516
2520
2521
2522
2523
2524
2525
2527
2528