1
3
5
6
7
8
9
10
12
14
15
16
17
18
20
22
24
25
26
27
28
29
30
31
32
33
34
35
36
37
39
40
42
43
44
45
46
47
48
49
50
51
52
53
54
56
57
58
59
60
61
62
63
64
65
66
67
68
70
71
72
73
75
76
77
78
79
80
81
82
83
85
86
88
89
92
93
94
95
96
97
99
100
101
102
104
106
107
108
109
110
112
113
114
115
116
117
118
119
120
121
122
123
125
127
128
130
131
132
133
134
135
136
137
138
139
140
141
142
143
144
145
146
147
148
149
150
151
152
153
154
155
156
158
161
162
163
165
166
167
168
169
172
173
175
176
177
178
179
180
181
183
184
185
186
188
190
192
193
194
195
196
197
198
202
203
204
207
208
209
210
212
213
215
217
218
221
222
224
225
227
230
231
232
233
235
236
237
238
240
241
242
243
246
247
248
249
250
251
252
253
255
256
258
259
260
265
266
267
269
273
274
275
276
277
278
279
280
281
284
285
287
288
289
290
291
293
296
299
300
301
302
303
306
307
308
309
311
312
313
314
315
319
321
323
324
325
326
329
330
332
333
335
337
339
340
343
344
345
349
350
351
353
354
355
356
357
358
361
362
366
367
368
369
370
373
374
375
376
377
378
379
380
382
386
387
388
389
390
391
393
394
397
398
400
403
404
405
406
407
409
410
411
414
415
416
417
419
420
421
424
425
426
427
429
433
435
438
440
443
445
446
447
450
452
453
456
457
458
459
460
461
462
463
464
465
466
467
469
471
472
475
476
477
478
479
480
482
483
486
487
488
489
490
491
493
495
496
497
498
500
502
503
507
508
509
511
512
515
516
517
518
519
520
525
526
527
528
529
530
531
532
533
534
535
536
537
538
540
542
544
546
547
548
551
553
555
557
558
559
562
563
564
565
566
568
569
571
572
573
577
578
579
580
581
582
583
584
585
587
589
590
591
592
593
594
595
597
598
599
600
602
604
605
606
607
608
609
612
613
615
616
617
619
620
621
622
625
627
628
629
630
632
634
635
636
637
638
639
640
644
645
647
648
649
652
653
655
656
657
658
659
662
663
664
665
667
669
670
671
672
673
674
675
677
678
679
680
681
683
684
685
688
690
691
692
693
695
696
698
699
700
706
707
708
710
712
714
715
716
717
718
719
721
722
723
725
727
728
730
731
735
736
737
740
741
744
746
747
748
749
751
754
755
756
757
758
759
760
761
763
764
765
767
768
769
770
773
774
776
777
779
782
783
785
786
787
790
791
793
794
796
798
799
801
802
803
806
807
809
810
811
812
815
816
817
818
820
821
822
823
824
826
828
830
831
833
836
838
841
842
844
845
846
847
848
849
851
852
853
855
856
857
860
862
863
865
866
867
868
869
870
872
873
874
875
877
878
879
880
881
882
885
887
889
891
893
894
895
901
902
903
904
905
906
907
908
909
910
911
912
913
914
915
916
917
918
919
920
921
922
923
924
926
927
928
929
930
931
934
936
937
938
939
941
943
944
945
946
947
948
953
954
955
956
957
958
959
960
961
962
963
964
966
967
969
974
975
976
977
978
979
980
981
984
985
986
988
989
991
992
994
996
997
998
999
1003
1004
1005
1006
1008
1009
1010
1011
1012
1013
1014
1015
1019
1020
1024
1026
1030
1031
1033
1036
1038
1041
1043
1044
1047
1048
1049
1050
1051
1052
1054
1058
1059
1060
1061
1062
1063
1064
1065
1067
1068
1069
1073
1074
1075
1076
1077
1079
1083
1084
1085
1088
1089
1090
1091
1092
1095
1096
1098
1099
1100
1102
1104
1105
1106
1107
1108
1109
1110
1111
1112
1113
1115
1116
1117
1118
1119
1120
1121
1123
1124
1125
1126
1127
1128
1129
1130
1131
1132
1133
1134
1135
1136
1138
1139
1140
1142
1148
1149
1150
1153
1154
1156
1158
1159
1160
1161
1162
1163
1168
1169
1171
1172
1173
1174
1175
1176
1177
1179
1180
1181
1183
1184
1186
1187
1188
1189
1190
1192
1193
1194
1195
1196
1197
1199
1200
1201
1204
1206
1207
1208
1210
1211
1212
1213
1214
1215
1216
1217
1218
1219
1221
1223
1224
1225
1226
1227
1228
1229
1231
1233
1234
1235
1236
1237
1240
1241
1243
1245
1247
1248
1249
1250
1251
1252
1253
1254
1255
1256
1257
1258
1259
1260
1261
1262
1263
1264
1265
1270
1271
1272
1273
1278
1279
1281
1283
1284
1285
1286
1287
1288
1290
1291
1293
1294
1297
1299
1300
1301
1302
1303
1304
1308
1309
1311
1313
1314
1315
1316
1317
1319
1321
1322
1325
1326
1327
1330
1331
1332
1333
1334
1336
1339
1341
1342
1345
1346
1348
1349
1351
1352
1354
1355
1357
1358
1360
1361
1362
1364
1369
1370
1371
1372
1373
1374
1376
1377
1378
1379
1380
1381
1382
1383
1384
1385
1386
1387
1388
1389
1390
1391
1392
1393
1394
1395
1399
1400
1401
1402
1403
1404
1405
1407
1409
1410
1411
1413
1414
1415
1416
1417
1418
1423
1424
1425
1426
1427
1428
1429
1430
1431
1432
1433
1434
1435
1436
1437
1438
1439
1440
1441
1442
1443
1444
1445
1446
1447
1448
1449
1450
1451
1452
1453
1454
1455
1456
1457
1458
1459
1460
1461
1462
1463
1464
1465
1466
1467
1468
1469
1470
1473
1475
1476
1478
1479
1481
1484
1485
1487
1489
1490
1491
1492
1493
1494
1496
1499
1501
1502
1503
1504
1507
1508
1511
1512
1513
1514
1516
1517
1518
1522
1524
1525
1526
1527
1528
1530
1531
1532
1533
1534
1535
1536
1537
1538
1539
1540
1541
1545
1546
1547
1548
1549
1550
1552
1554
1555
1556
1557
1558
1559
1560
1561
1563
1564
1565
1567
1568
1569
1571
1573
1574
1575
1577
1579
1580
1581
1582
1583
1584
1585
1587
1588
1589
1590
1592
1593
1594
1595
1596
1598
1599
1600
1601
1602
1603
1604
1606
1608
1609
1610
1613
1614
1616
1617
1618
1619
1622
1623
1624
1625
1626
1627
1629
1630
1631
1634
1635
1637
1638
1639
1642
1643
1644
1645
1646
1647
1649
1650
1651
1653
1655
1657
1658
1659
1660
1661
1662
1663
1664
1665
1667
1668
1672
1673
1675
1677
1678
1680
1682
1683
1684
1685
1686
1687
1688
1689
1690
1695
1696
1697
1698
1699
1700
1701
1702
1703
1704
1705
1706
1707
1708
1709
1710
1711
1712
1713
1714
1716
1717
1718
1719
1720
1721
1723
1724
1725
1728
1729
1730
1731
1732
1734
1736
1737
1738
1739
1741
1742
1743
1744
1745
1746
1747
1748
1749
1750
1751
1753
1754
1755
1760
1762
1763
1764
1765
1766
1768
1770
1771
1772
1773
1776
1777
1778
1779
1781
1782
1783
1785
1786
1787
1789
1791
1792
1793
1795
1797
1798
1799
1800
1802
1803
1804
1805
1807
1808
1809
1810
1811
1814
1816
1818
1819
1820
1822
1823
1825
1826
1827
1828
1830
1831
1832
1836
1837
1838
1839
1841
1842
1843
1844
1845
1847
1848
1849
1850
1851
1855
1856
1857
1858
1861
1864
1866
1867
1870
1871
1872
1873
1876
1877
1878
1879
1880
1882
1883
1884
1885
1886
1888
1889
1890
1891
1892
1894
1895
1898
1899
1905
1906
1907
1908
1909
1910
1911
1912
1913
1914
1915
1916
1917
1920
1924
1925
1926
1927
1928
1929
1930
1932
1933
1934
1935
1936
1937
1938
1939
1940
1941
1942
1943
1944
1948
1949
1950
1951
1952
1953
1954
1956
1958
1959
1960
1961
1962
1963
1969
1970
1971
1973
1975
1976
1977
1979
1982
1983
1984
1986
1987
1989
1992
1994
1997
1999
2003
2005
2006
2007
2010
2011
2012
2013
2014
2015
2016
2017
2018
2019
2020
2021
2022
2023
2024
2025
2026
2027
2031
2032
2033
2034
2035
2036
2037
2038
2039
2040
2041
2042
2043
2044
2045
2046
2047
2048
2049
2053
2055
2056
2059
2061
2064
2065
2066
2067
2068
2069
2070
2071
2072
2073
2074
2075
2076
2077
2078
2080
2083
2084
2085
2086
2087
2088
2089
2090
2091
2092
2093
2094
2095
2096
2097
2098
2099
2100
2101
2102
2103
2104
2106
2107
2108
2112
2113
2114
2116
2118
2119
2120
2121
2122
2123
2125
2127
2129
2133
2135
2136
2138
2140
2141
2143
2144
2146
2150
2152
2153
2155
2157
2158
2160
2161
2163
2168
2170
2171
2173
2175
2176
2178
2179
2181
2185
2187
2188
2190
2192
2193
2195
2196
2198
2204
2206
2207
2209
2211
2212
2214
2215
2217
2222
2224
2225
2227
2229
2230
2232
2233
2235
2239
2241
2242
2244
2246
2247
2249
2250
2252
2256
2258
2259
2260
2262
2264
2265
2267
2268
2270
2271
2275
2276
2277
2278
2279
2281
2282
2283
2284
2285
2286
2288
2290
2291
2293
2294
2296
2297
2298
2299
2304
2306
2307
2308
2309
2310
2312
2314
2315
2317
2318
2320
2321
2322
2323
2328
2330
2331
2332
2334
2336
2337
2339
2340
2342
2343
2347
2349
2350
2351
2353
2355
2356
2358
2359
2361
2362
2368
2370
2371
2372
2374
2376
2377
2379
2380
2382
2383
2388
2390
2391
2393
2395
2397
2398
2400
2404
2406
2407
2409
2411
2413
2414
2416
2421
2423
2424
2426
2428
2430
2431
2432
2433
2434
2435
2436
2438
2440
2445
2447
2448
2450
2452
2454
2455
2456
2457
2458
2459
2460
2462
2464
2469
2470
2472
2474
2475
2476
2478
2479
2481
2482
2484
2485
2487
2488
2490
2491
2492
2494
2495
2496
2498
2499
2500
2502
2503
2504
2506
2507
2508
2509
2510
2511
2512
2513
2515
2516
2517
2518
2519
2520
2521
2523
2524
2525
2526
2527
2529
2530
2531
2533
2534
2535
2537
2538
2539
2540
2541
2542
2545
2546
2547
2548
2549
2550
2552
2553
2554
2556
2557
2558
2560
2561