1
3
5
6
7
8
9
10
12
14
15
16
17
18
20
22
24
25
26
27
29
30
31
32
33
34
35
37
38
39
40
41
43
45
47
49
51
52
54
55
56
57
59
61
63
64
66
68
69
70
71
72
74
75
76
79
81
83
85
86
87
88
89
90
91
92
93
94
96
100
101
103
106
107
108
109
111
113
114
115
116
117
119
120
121
123
125
127
128
129
131
134
135
136
137
138
139
140
141
142
143
144
145
146
147
148
149
150
153
154
156
157
158
160
162
164
165
168
170
172
174
175
176
177
178
179
180
181
182
183
184
185
186
187
188
189
190
191
192
193
195
196
197
198
199
200
201
202
203
204
205
206
207
208
209
210
211
212
214
215
217
218
219
221
223
227
228
229
230
231
233
235
236
238
241
242
243
244
245
249
251
252
255
258
259
260
261
262
264
265
266
268
269
270
271
272
274
277
278
279
280
281
282
283
284
285
286
287
288
289
290
291
292
293
294
295
296
297
299
300
302
304
305
306
307
309
311
313
314
315
316
318
320
321
322
323
324
325
327
330
332
333
334
335
336
339
341
343
346
347
348
355
357
359
361
366
368
370
372
373
379
381
382
385