1
3
5
6
7
8
9
10
12
14
15
16
17
18
20
22
24
25
26
27
29
30
31
32
33
34
36
38
39
40
41
42
44
45
46
47
48
49
51
52
53
54
55
56
57
59
60
61
62
64
67
68
69
70
72
73
74
75
77
78
79
80
81
82
83
84
85
86
87
88
89
90
91
92
93
95
96
99
100
101
103
104
107
108
109
111
112
115
116
117
119
120
121
122
123
125
127
128
130
131
134
137
138
139
140
142
144
145
146
149
153
154
155
157
158
160
161
162
163
166
167
169
170
171
172
174
175
177
179
184
185
186
187
189
190
191
195
198
200
201
202
203
204
206
212
213
214
216
217
219
220
221
222
223
224
226
227
230
232
234
236
239
240
242
246
247
249
251
252
253
254
255
257
260
262
263
265
268
269
270
271
272
273
274
275
277
279
280
281
283
284
285
286
288
291
292
294
296
298
299
300
302
303
304
306
307
309
311
313
316
318
319
320
321
322
323
324
326
327
329
331
332
336
337
338
340
342
344
348
350
351
353
354
356
358
361
363
369
370
371
372
373
374
375
376
377
378
379
380
381
382
384
386
387
388
389
391
393
394
396
398
401
404
406
408
409
410
411
413
415
421
422
423
424
426
427
429
430
431
433
434
436
438
440
441
443
444
445
447
449
451
453
456
459
460
461
462
463
464
465
466
467
468
469
470
471
472
473
474
475
477
479
481
482
483
484
485
488
489
490
491
492
494
495
497
499
501
505
507
508
510
511
516
518
519
521
523
525
526
527
528
529
530
531
532
533
534
535
536
538
540
542
543
544
550
551
552
556
557
558
559
560
563
564
565
566
567
568
569
570
571
572
573
574
575
576
578
580
582
584
585
587
588
590
591
593
595
596
597
598
600
602
603
605
607
608
613
616
617
618
619
620
621
622
623
624
625
626
627
628
629
633
635
636
638
639
641
643
645
646
647
649
651
653
655
656
660
664
665
666
667
668
669
670
671
672
674
675
677
678
680
682
683
686
689
690
692
693
694
695
696
697
698
699
702
704
705
707
708
711
713
717
720
721
723
724
725
727
729
730
734
735
736
738
740
741
742
743
744
745
747
749
750
753
754
755
757
759
760
761
763
766
768
770
772
773
775
777
779
781
783
785
786
787
795
796
799
800
803
804
805
808
809
810
812
814
815
816
818
819
821
822
823
825
827
828
829
831
832
834
836
837
839
840
842
844
847
848
850
851
853
854
855
857
859
860
863
864
866
867
868
869
870
872
873
874
875
876
877
878
879
880
881
882
883
884
885
886
887
888
889
890
891
892
893
894
895
896
897
898
899
900
901
902
903
904
905
906
907
908
909
910
911
912
913
914
915
917
918
919
920
922
924
925
927
928
936
937
938
939
940
941
942
943
944
946
947
948
949
951
953
954
956
957
962
963
964
965
966
967
968
969
970
971
972
973
974
975
976
977
978
979
980
981
982
983
984
985
986
987
988
989
990
991
992
993
994
995
996
997
998
999
1000
1001
1003
1004
1005
1006
1007
1009
1010
1012
1013
1014
1015
1017
1018
1020
1022
1026
1027
1028
1031
1032
1033
1034
1035
1036
1038
1039
1040
1042
1043
1044
1046
1047
1048
1049
1050
1051
1052
1053
1054
1055
1056
1057
1060
1061
1062
1064
1065
1067
1068
1069
1070
1071
1072
1073
1074
1075
1078
1079
1080
1081
1082
1084
1085
1086
1088
1089
1090
1091
1093
1094
1095
1096
1098
1099
1100
1101
1103
1105
1106
1112
1113
1114
1115
1116
1117
1120
1121
1123
1124
1125
1126
1127
1128
1129
1130
1131
1134
1135
1136
1139
1140
1141
1142
1144
1146
1147
1148
1149
1150
1151
1152
1153
1157
1159
1160
1161
1162
1172
1173
1174
1175
1176
1177
1178
1179
1180
1181
1182
1183
1184
1185
1186
1187
1188
1190
1191
1192
1193
1194
1195
1197
1199
1200
1202
1203
1204
1205
1208
1210
1211
1213
1214
1215
1216
1217
1219
1220
1221
1224
1225
1226
1227
1229
1230
1231
1232
1233
1234
1236
1237
1238
1241
1242
1243
1244
1246
1247
1248
1249
1250
1258
1259
1261
1262
1263
1265
1267
1268
1270
1275
1276
1278
1280
1281
1283
1285
1287
1288
1289
1290
1291
1293
1294
1297
1299
1300
1302
1303
1305
1307
1309
1312
1313
1314
1315
1316
1317
1318
1319
1320
1321
1322
1323
1324
1325
1326
1327
1329
1330
1331
1332
1334
1336
1337
1338
1340
1342
1343
1344
1345
1346
1349
1350
1353
1356
1357
1358
1360
1361
1363
1365
1367
1368
1369
1371
1372
1374
1375
1376
1377
1378
1380
1381
1382
1385
1386
1387
1388
1389
1390
1393
1395
1396
1397
1399
1401
1402
1406
1408
1410
1411
1412
1413
1414
1417
1418
1419
1421
1423
1425
1426
1428
1430
1431
1435
1436
1438
1440
1442
1443
1444
1445
1446
1449
1452
1453
1454
1455
1456
1457
1460
1461
1463
1465
1466
1468
1470
1472
1473
1474
1475
1476
1477
1478
1479
1480
1481
1482
1483
1484
1486
1488
1489
1491
1492
1493
1495
1496
1500
1501
1502
1503
1504
1506
1507
1508
1509
1510
1511
1512
1515
1517
1518
1519
1521
1523
1524
1525
1527
1529
1530
1531
1534
1536
1537
1540
1542
1543
1545
1547
1548
1552
1553
1554
1555
1556
1558
1559
1560
1561
1563
1564
1565
1568
1569
1571