2
4
6
7
8
9
10
11
13
15
16
17
18
19
21
23
25
26
27
28
30
32
33
34
35
36
37
38
40
42
43
45
47
48
49
51
52
55
56
57
59
61
62
64
65
66
68
70
73
74
77
78
79
81
83
85
88
91
93
95
98
100
103
104
105
106
107
110
111
112
113
114
115
116
117
118
119
123
124
126
128
129
130
131
132
134
137
138
139
140
141
142
143
145
146
147
148
150
152
154
157
158
159
162
163
164
166
168
169
171
172
173
174
176
178
179
180
181
182
183
184
185
186
187
188
189
190
191
192
193
196
198
199
200
203
204
205
209
211
212
213
214
217
219
221
222
224
225
226
227
231
232
235
236
239
240
243
244
245
247
248
249
250
251
252
253
254
255
256
258
259
260
261
263
264
265
266
269
270
272
274
276
277
278
279
281
282
284
285
289
290
291
292
295
296
297
298
300
303
305
306
310
312
313
314
316
318
319
322
323
324
325
327
328
329
332
333
337
338
339
341
342
343
345
346
347
349
350
351
352
354
356
359
360
361
362
363
364
365
367
368
369
370
371
372
374
375
376
378
379
380
382
385
386
389
390
391
392
393
394
395
396
397
398
403
404
405
407
410
413
414
415
416
417
418
421
423
424
425
426
427
429
431
432
433
434
435
436
437
440
443
444
448
449
450
451
452
455
456
457
458
459
460
461
462
463
465
466
467
468
470
471
472
473
474
475
477
478
480
481
482
483
484
485
486
487
488
489
490
491
492
493
495
496
497
498
499
500
501
502
503
504
506
507
508
509
510
511
512
515
516
517
518
519
520
521
522
523
524
525
526
528
529
530
531
532
533
534
535
536