1
3
5
6
7
8
9
10
12
14
15
16
17
18
20
21
23
24
25
26
28
30
32
33
35
36
38
39
40
42
44
45
47
48
50
51
53
54
56
57
59
60
62
63
65
66
68
69
71
72
74
75
77
78
80
81
83
84
86
87
89
90
92
93
95
96
98
99
101
103
104
105
106
107
108
109
110
111
112
113
114
115
116
117
118
119
120
121
122
123
124
125
127
128
129
130
131
132
133
134
135
137
138
139
140
141
143
144
146
147
149
150
152
153
155
156
158
159
161
162
163
164
166
167
169
170
171
172
173
174
176
177
178
179
180
182
183
185
186
188
189
191
192
194
195
197
198
200
201
203
204
206
207
209
210
212
213
215
216
218
219
221
222
223
225
226
228
229
231
232
234
235
237
238
240
241
243
244
246
247
249
250
252
253
255
256
258
259
261
262
264
265
267
268
270
271
273
274
276
277
279
280
282
283
285
286
288
289
291
292
294
295
297
298
300
301
303
304
306
307
309
310
312
313
315
316
318
319
321
322
324
325
327
328
330
331
333
334
336
337
339
340
342
343
345
346
348
349
351
352
354
355
357
358
360
361
363
364
366
367
369
370
372
373
375
376
378
379
381
382
384
385
386
387
388
390
391
393
394
396
397
399
400
402
403
405
406
408
409
411
412
414
415
417
418
420
421
423
424
426
427
429
430
432
433
435
436
438
439
441
442
444
445
447
448
450
451
453
454
456
457
458
460
461
463
464
466
467
468
469
470
472
473
475
476
478
479
481
482
484
485
487
488
490
491
492
494
495
497
499
500
502
503
505
506
508
509
511
512
514
516
517
519
520
521
522
524
526
528
529
531
532
534
535
537
538
540
541
543
544
546
547
549
550
552
553
555
556
558
559
560
562
563
565
566
568
569
571
572
574
575
577
578
580
581
583
584
586
587
589
590
592
593
594
595
596
597
598
600
602
603
605
606
608
609
611
612
614
615
617
618
622
623
624
626
627
628
630
631
632
634
635
637
638
640
641
642
644
645
646
647
649
650
651
652
654
655
656
657
658
659
660
661
663
665
666
668
669
671
672
674
675
677
678
680
681
683
684
685
686
687
688
689
690
691
692
693
694
695
696
697
698
699
700
702
703
704
705
707
708
709
710
711
712
713
715
716
717
718
719
720
721
722
723
724
726
727
728
729
730
731
732
734
735
736
737
739
740
741
742
743
744
745
746
747
748
750
751
752
753
754
756
757
758
759
761
762
763
764
765
767
768
769
773
776
777
779
780
782
783
785
786
788
789
791
792
794
795
797
798
800
801
803
804
806
807
809
810
812
813
815
816
818
819
822
823
825
826
828
829
831
832
834
835
837
838
840
841
844
845
847
848
851
853
854
855
856
857
858
859
860
861
862
863
864
865
866
868
870
871
873
874
875
876
877
878
880
881
882
883
885
886
887
888
889
890
892
893
894
895