1
3
5
6
7
8
9
10
12
14
15
16
17
18
20
22
24
26
27
28
29
31
32
33
34
35
36
37
38
39
40
41
42
44
46
48
50
52
54
56
57
58
59
60
62
65
66
67
68
69
71
74
75
76
77
78
79
80
81
82
83
84
85
86
87
88
89
90
91
92
94
95
96
97
98
99
101
103
107
109
111
112
113
116
119
120
121
122
123
124
125
126
127
129
130
131
133
134
135
136
138
139
141
142
144
146
149
150
151
152
153
157
158
159
160
161
162
163
164
166
167
168
169
170
171
172
173
174
175
177
178
180
182
185
186
187
189
190
191
192
194
195
198
199
200
202
204
206
207
208
210
211
215
216
218
219
221
222
224
225
226
227
228
230
231
232
234
236
237
238
239
241
243
244
246
247
249
251
252
253
258
259
260
261
262
263
264
265
267
269
270
272
273
275
276
277
278
282
283
285
286
287
288
289
290
291
292
294
296
297
298
299
300
301
302
303
304
305
307
308
310
311
314
315
318
319
320
321
322
323
324
326
327
329
331
332
336
337
338
339
340
341
342
343
344
345
346
348
349
350
351
352
354
355
356
357
359
361
362
363
364
365
367
368
369
370
371
372
373
377
378
379
380
381
382