1
3
5
6
7
8
9
10
12
14
15
16
17
18
20
21
23
24
27
28
29
31
32
33
34
35
36
37
38
39
40
41
42
44
46
47
48
49
50
51
52
53
54
55
56
57
58
59
60
61
64
65
66
67
68
72
75
76
77
79
80
81
82
83
84
87
88
90
91
92
93
94
98
99
100
102
103
104
105
106
108
109
110
111
112
114
115
118
119
120
122
123
124
125
127
128
129
132
133
134
136
137
138
139
141
142
143
146
147
148
149
150
151
152
154
155
156
159
160
161
162
163
164
165
167
168
169
172
173
174
177
178
179
180
181
182
183
184
185
186
187
188
190
193
194
195
196
197
198
199
200
201
202
203
204
205
207
211
212
213
214
215
216
217
218
219
220
221
222
223
224
225
226
227
229
232
233
234
235
236
237
238
239
240
241
242
243
244
245
246
247
248
250
253
254
255
257
258
259
261
262
264
265
266
267
268
269
270
271
273
274
276
277
278
279
280
281
282
283
284
286
287
289
291
293
295
297
299
301
303
304
305
306
307
308
309
310
311
312
313
316
319
322
323
325
326
327
329
330
331
333
336
337
339
341
343
344
345
347
348
349
351
352
353
354
358
360
362
363
365
367
368
370
371
372
373
375
376
383
387
390
391
392
393
394