1
3
5
6
7
8
9
10
12
14
15
16
17
18
20
22
24
25
27
28
29
31
33
35
36
37
40
41
42
45
47
50
51
52
53
54
55
56
57
58
60
61
62
64
66
68
69
70
73
75
76
78
79
80
81
83
87
88
89
92
93
94
95
96
97
98
100
101
103
106
107
108
109
110
111
112
113
114
115
116
118
119
120
123
124
125
127
128
129
132
134
136
138
139
141
142
144
145
146
148
149
150
151
152
154
156
157
158
159
160
161
162
164
165
166
169
170
173
174
176
179
180
181
183
184
186
192
193
194
195
196
197
198
199
200
201
202
204
205
206
207
208
209
210
211
212
213
214
215
216
217
218
219
220
221
222
223
224
225
226
227
228
229
230
231