1
3
5
6
7
8
9
10
12
14
15
16
17
18
20
22
24
26
27
29
30
32
33
34
35
37
38
39
41
43
44
45
46
47
48
49
51
52
53
54
55
56
57
58
59
60
61
62
64
65
67
68
69
70
72
73
74
75
76
77
78
79
80
81
83
84
85
86
87
88
89
90
92
93
94
95
98
99
100
101
102
104
105
106
108
109
110
111
112
114
117
119
120
122
123
124
125
126
128
129
131
133
135
136
138
139
140
142
143
144
146
147
149
153
155
156
157
158
160
162
163
164
166
168
169
170
172
176
177
178
179
181
182
186
187
189
190
193
194
195
197
198
200
202
204
205
207
209
210
212
214
215
216
217
218
219
220
221
222
223
224
226
227
229
230
232
233
234
235
236
237
239
240
241
243
246
248
251
252
253
254
255
256
257
259
260
262
263
264
265
266
268
269
270
272
273
275
277
278
279
282
283
284
285
286
287
288
289
290
292
294
296
297
299
301
303
305
306
307
308
309
310
311
313
314
315
318
319
320
321
322
323
324
325
326
327
328
330
333
334
335
336
337
338
340
343
344
345
346
347
348
349
351
354
355
356
357
358
359
360
362
365
366
367
368
369
370
372
375
376
377
378
379
380
382
385
386
387
388
389
390
392