1
3
5
6
7
8
9
10
12
14
15
16
17
18
20
22
24
26
27
28
29
31
32
34
35
37
38
39
41
42
43
44
45
46
47
48
49
50
51
52
53
54
55
56
57
58
59
60
61
62
63
64
65
66
67
68
69
70
71
72
73
74
76
77
78
79
80
81
82
84
85
86
87
89
90
91
92
93
94
95
96
98
99
101
102
103
105
107
108
109
110
111
112
113
114
115
116
117
118
119
120
121
122
123
124
125
126
127
128
129
130
131
132
133
134
135
136
137
138
139
140
142
144
145
146
147
148
149
150
151
152
153
154
155
156
157
158
159
160
161
163
164
165
166
168
170
171
172
173
174
175
176
177
178
179
180
181
183
185
186
187
188
189
190
191
192
194
196
197
198
199
200
201
202
203
204
205
208
209
210
211
212
213
215
216
219
221
223
224
225
226
227
230
231
232
233
234
235
237
239
240
241
242
244
245
246
247
248
250
251
252
253
254
255
257
258
259
260
261
262
263
265
266
267
268
269
271
272
274
275
276
277
278
279
280
281
282
283
284
285
286
287
288
289
290
291
293
294
295
296
297
299
300
301
302
304
305
307
308
310
311
313
314
315
316
317
318
320
321
322
323
324
325
326
327
328
330
331
332
333
334
335
336
337
338
339
341
342
343
344
345
346
348
349
351
352
354
355
357
358
359
360
361
363
364
365
366
368
369
371
372
375
376
378
379
381
382
383
384
385
386
388
389
391
392
393
395
396
398
399
401
402
403
404
405
406
407
408
411
412
413
414
416
417
418
419
421
422
423
424
426
427
428
429
430
431
432
434
437
438
439
440
441
442
443
444
445
446
447
448
449
450
451
452
453
454
455
456
458
459
460
461
463
464
465
466
467
469
470
471
472
473
474
477
478
479
480
481
484
485
488
489
490
492
493
494
495
497
499
501
503
504
508
509
510
513
514
515
517
519
521
523
525
527
529
533
534
537
538
542
545
547
549
551
552
557
558
559
561
562
563
564
566
567
568
569
572
573
575
576
577
578
579
580
581
582
583
585
586
587
589
590
592
593
594
595
596
597
598
600
602
603
606
608
609
611
612
613
614
615
617
618
619
620
621
623
625
627
628
629
630
631
632
633
634
635
636
637
639
641
642
643
644
645
646
648
649
652
653
654
656
658
660
662
663
664
665
667
669
670
672
674
679
681
683
685
687
688
689
692
693
697
698
700
701
702
703
705
707
711
712
716
717
718
720
721
723
725
726
728
729
731
732
734
735
737
739
741
743
744
748
750
751
752
754
755
759
760
761
762
764
765
768
770
771
773
774
775
777
778
779
781
782
785
786
787
788
789
790
792
793
794
796
797
798
799
800
802
803
804
805
806
807
808
809
810
811
812
813
814
816
817
818
819
821
825
826
827
829
831
832
833
834
835
837
842
843
844
845
846
847
850
851
852
853
855
857
859
861
862
863
865
869
871
873
875
878
880
881
883
885
887
889
891
892
893
894
896
897
898
899
902
904
905
906
909
910
911
912
914
915
916
918
919
920
921
922
923
926
928
929
933
934
935
936
939
941
942
943
944
946
948
950
952
953
954
956
957
958
959
961
963
965
967
968
969
971
975
977
979
980
981
982
983
984
985
986
987
988
989
990
991
992
993
994
995
996
997
998
999
1000
1001
1002
1003
1004
1005
1006
1007
1008
1009
1011
1012
1014
1015
1017
1018
1020
1021
1022
1023
1025
1026
1027
1028
1029
1031
1032
1035
1037
1039
1040
1045
1046
1048
1049
1053
1054
1056
1057
1060
1062
1064
1065
1066
1067
1068
1070
1071
1075
1076
1077
1078
1079
1080
1081
1083
1085
1086
1088
1091
1093
1095
1096
1100
1102
1104
1105
1106
1109
1111
1113
1114
1119
1120
1121
1122
1123
1124
1125
1126
1127
1128
1129
1131
1133
1134
1136
1139
1141
1143
1144
1146
1149
1150
1151
1152
1153
1155
1156
1159
1160
1161
1164
1165
1166
1167
1168
1169
1170
1172
1173
1174
1176
1178
1179
1180
1181
1182
1183
1185
1186
1187
1188
1191
1192
1195
1197
1199
1201
1202
1204
1205
1207
1209
1210
1211
1213
1215
1217
1219
1221
1222
1225
1226
1227
1230
1233
1235
1236
1239
1241
1242
1243
1244
1245
1247
1248
1253
1254
1256
1258
1260
1261
1262
1263
1264
1265
1266
1267
1268
1269
1270
1271
1272
1273
1274
1275
1276
1277
1278
1279
1280
1281
1282
1283
1284
1286
1287
1288
1289
1290
1291
1293
1294
1295
1296
1297
1298
1299
1300
1301
1302
1303
1304
1305
1306
1307
1308
1309
1310
1311
1313
1314
1315
1317
1318
1319
1320
1321
1323
1324
1325
1326
1327
1328
1330
1331
1332
1333
1335
1336
1337
1338
1340
1341
1342
1343
1345
1346
1347
1349
1350
1351
1352
1353
1354
1355
1356
1359
1360
1362
1363
1364
1365
1366
1367
1368
1370
1372
1374
1375
1377
1379
1381
1383
1386
1390
1394
1395
1397
1398
1399
1400
1401
1402
1403
1405
1406
1408
1409
1410
1412
1415
1417
1419
1420
1422
1425
1426
1427
1428
1429
1431
1433
1436
1438
1441
1442
1444
1446
1448
1450
1455
1457
1459
1460
1461
1462
1463
1465
1466
1467
1468
1469
1470
1471
1472
1475
1477
1479
1480
1484
1485
1486
1487
1489
1490
1491
1492
1493
1495
1496
1497
1499
1500
1501
1502
1503
1505
1506
1507
1508
1510
1511
1512
1513
1514
1518
1519
1520
1521
1524
1525
1526
1528
1529
1531
1532
1533
1535
1537
1538
1540
1542
1543
1544
1546
1548
1549
1552
1554
1556
1557
1560
1561
1562
1563
1565
1566
1568
1569
1572
1573
1576
1577
1578
1580
1582
1585
1586
1587
1588
1589
1590
1591
1594
1596
1597
1599
1601
1605
1606
1609
1611
1613
1614
1616
1618
1619
1624
1627
1628
1629
1630
1632
1634
1636
1637
1638
1640
1641
1643
1644
1645
1646
1647
1648
1649
1650
1651
1653
1656
1657
1658
1660
1662
1663
1664
1666
1667
1669
1671
1672
1675
1678
1679
1680
1682
1683
1684
1686
1688
1689
1690
1691
1693
1694
1695
1696
1698
1699
1701
1702
1703
1705
1710
1713
1714
1715
1716
1718
1720
1721
1722
1723
1725
1726
1727
1728
1730
1732
1733
1734
1735
1736
1738
1740
1741
1744
1746
1747
1750
1753
1754
1755
1756
1758
1760
1761
1762
1764
1766
1767
1769
1770
1771
1773
1774
1776
1778
1779
1781
1783
1784
1788
1790
1791
1792
1793
1795
1797
1800
1801
1803
1804
1805
1806
1808
1810
1811
1812
1813
1814
1815
1816
1817
1818
1819
1820
1821
1824
1825
1826
1827
1828
1829
1831
1833
1835
1837
1841
1842
1844
1846
1847
1849
1852
1853
1854
1856
1858
1859
1860
1863
1864
1866
1867
1868
1870
1871
1872
1873
1876
1878
1880
1882
1885
1887
1888
1889
1891
1894
1895
1898
1899
1900
1901
1903
1904
1906
1908
1909
1910
1911
1912
1913
1916
1917
1919
1920
1924
1926
1928
1929
1931
1933
1934
1935
1936
1937
1940
1941
1944
1946
1947
1949
1951
1953
1955
1960
1962
1963
1965
1966
1967
1969
1970
1971
1975
1978
1979
1980
1981
1983
1984
1985
1986
1988
1990
1992
1993
1996
1998
2000
2001
2004
2006
2007
2008
2009
2013
2015
2018
2019
2020
2022
2024
2026
2027
2028
2029
2031
2032
2033
2035
2036
2037
2038
2039
2040
2042
2043
2045
2046
2047
2048
2049
2050
2051
2052
2054
2057
2059
2060
2062
2063
2065
2066
2068
2069
2070
2071
2073
2074
2075
2076
2077
2078
2079
2080
2081
2082
2083
2084
2087
2088
2090
2092
2093
2095
2096
2098
2100
2101
2104
2106
2108
2109
2113
2115
2116
2117
2119
2122
2128
2129
2130
2131
2132
2133
2134
2135
2136
2137
2138
2140
2142
2143
2145
2146
2147
2149
2151
2152
2153
2156
2158
2160
2162
2163
2164
2168
2172
2173
2174
2175
2176
2177
2178
2179
2180
2182
2184
2185
2186
2187
2189
2191
2192
2194
2196
2197
2198
2199
2200
2202
2203
2204
2205
2208
2209
2210
2211
2213
2214
2215
2217
2218
2219
2221
2222
2223
2224
2225
2226
2227
2228
2229
2230
2231
2232
2234
2235
2236
2238
2239
2240
2241
2242
2243
2244
2245
2246
2247
2249
2251
2253
2255
2257
2259
2260
2263
2264
2266
2268
2269
2272
2273
2274
2275
2277
2278
2280
2281
2283
2285
2286
2289
2290
2291
2294
2296
2297
2300
2304
2305
2307
2308
2309
2310
2312
2313
2314
2315
2316
2317
2318
2319
2320
2322
2324
2325
2326
2327
2328
2329
2331
2332
2333
2335
2336
2337
2338
2340
2341
2345
2348
2349
2351
2353
2354
2357
2358
2360
2362
2363
2365
2369
2370
2371
2372
2373
2374
2375
2377
2378
2379
2380
2381
2382
2383
2385
2386
2387
2389
2393
2394
2396
2397
2398
2399
2400
2402
2403
2405
2406
2408
2409
2413
2415
2416
2417
2418
2424
2425
2426
2427
2428
2429
2430
2432
2433
2434
2435
2436
2437
2440
2441
2442
2443
2445
2447
2448
2449
2450
2451
2452
2455
2457
2458
2459
2460
2461
2462
2465
2467
2468
2470
2471
2472
2474
2475
2477
2479
2480
2485
2491
2492
2493
2494
2495
2497
2498
2500
2501
2502
2503
2504
2505
2506
2510
2511
2512
2513
2514
2519
2520
2522
2523
2524
2525
2527
2529
2531
2533
2534
2537
2540
2542
2543
2544
2546
2548
2550
2552
2553
2559
2560
2562
2563
2564
2566
2569
2570
2572
2573
2574
2576
2579
2580
2582
2583
2584
2586
2589
2590
2592
2593
2594
2595
2597
2598
2600
2601
2602
2604
2606
2607
2608
2609
2613
2614
2615
2617
2618
2620
2622
2623
2624
2625
2626
2628
2630
2631
2632
2635
2636
2637
2639
2642
2643
2644
2646
2647
2648
2649
2650
2652
2654
2655
2656
2657
2658
2660
2661
2662
2663
2666
2669
2670
2671
2672
2673
2674
2676
2681
2682
2684
2686
2687
2688
2689
2691
2692
2693
2694
2695
2697
2699
2701
2704
2705
2706
2707
2708
2709
2710
2711
2712
2713
2717
2720
2721
2722
2724
2725
2726
2728
2730
2731
2732
2733
2734
2736
2737
2738
2742
2743
2745
2747
2748
2749
2750
2751
2752
2754
2756
2757
2759
2760
2762
2764
2765
2768
2772
2774
2776
2778
2779
2781
2783
2784
2787
2788
2790
2792
2795
2797
2799
2801
2802
2805
2807
2808
2811
2813
2816
2820
2821
2822
2824
2826
2827
2828
2829
2832
2838
2839
2840
2842
2843
2844
2846
2848
2849
2851
2852
2853
2854
2855
2856
2857
2858
2862
2863
2864
2866
2867
2868
2869
2870
2871
2872
2874
2875
2876
2877
2878
2879
2880
2881
2882
2884
2885
2886
2893
2894
2895
2896
2897
2898
2899
2902
2903
2904
2906
2907
2909
2910
2911
2912
2914
2916
2917
2918
2919
2921
2923
2927
2928
2929
2930
2931
2933
2934
2935
2936
2938
2940
2941
2942
2943
2944
2946
2947
2948
2950
2952
2953
2957
2958
2959
2961
2963
2964
2966
2967
2969
2971
2973
2975
2977
2978
2980
2981
2982
2983
2985
2986
2987
2988
2989
2990
2991
2994
2995
2997
2998
2999
3003
3005
3006
3007
3008
3009
3010
3011
3014
3015
3016
3017
3019
3021
3022
3024
3026
3028
3029
3030
3033
3034
3035
3037
3039
3041
3043
3044
3046
3047
3048
3051
3052
3053
3055
3059
3061
3063
3064
3065
3066
3068
3069
3070
3072
3074
3075
3076
3077
3078
3080
3083
3085
3087
3088
3089
3090
3091
3093
3095
3096
3097
3098
3102
3103
3105
3107
3108
3111
3112
3114
3115
3116
3118
3119
3120
3121
3122
3123
3126
3128
3129
3133
3135
3136
3137
3138
3141
3143
3145
3146
3150
3152
3155
3156
3157
3158
3159
3160
3161
3163
3164
3165
3166
3167
3169
3171
3173
3175
3176
3178
3180
3182
3183
3185
3187
3188
3189
3192
3194
3195
3196
3197
3198
3199
3200
3203
3204
3205
3206
3209
3211
3213
3214
3215
3216
3218
3219
3220
3225
3226
3227
3229
3230
3232
3234
3236
3238
3242
3243
3244
3246
3247
3248
3253
3254
3255
3256
3258
3259
3260
3261
3262
3263
3265
3266
3267
3268
3269
3270
3271
3272
3273
3274
3275
3276
3279
3280
3281
3283
3284
3285
3286
3289
3290
3292
3293
3294
3296
3297
3299
3300
3302
3303
3305
3307
3308
3311
3313
3315
3316
3325
3326
3327
3329
3331
3334
3335
3337
3341
3342
3344
3345
3346
3348
3349
3350
3352
3353
3356
3357
3359
3360
3361
3362
3363
3364
3367
3368
3370
3371
3372
3373
3374
3378
3380
3382
3383
3386
3387
3388
3390
3392
3394
3395
3397
3398
3400
3402
3404
3405
3409
3410
3411
3413
3415
3416
3418
3420
3421
3424
3426
3430
3431
3432
3434
3435
3436
3438
3439
3440
3442
3443
3445
3447
3448
3449
3450
3452
3453
3455
3457
3458
3461
3463
3464
3467
3468
3470
3472
3473
3474
3475
3476
3477
3478
3479
3480
3486
3488
3490
3491
3492
3495
3497
3498
3500
3501
3504
3506
3509
3510
3511
3512
3513
3514
3515
3516
3517
3518
3520
3521
3522
3523
3525
3527
3528
3529
3531
3532
3533
3534
3535
3536
3540
3541
3543
3544
3545
3546
3548
3549
3550
3552
3554
3556
3557
3558
3561
3562
3563
3564
3565
3566
3570
3573
3575
3576
3579
3582
3583
3584
3586
3587
3588
3589
3590
3591
3592
3594
3597
3599
3602
3603
3605
3606
3607
3608
3610
3613
3614
3615
3617
3618
3619
3621
3624
3625
3626
3628
3629
3630
3632
3634
3635
3638
3640
3642
3643
3644
3646
3647
3649
3650
3651
3652
3653
3654
3656
3658
3659
3662
3663
3665
3667
3669
3671
3675
3676
3677
3678
3679
3680
3681
3682
3684
3687
3688
3689
3690
3692
3696
3698
3699
3701
3703
3705
3706
3710
3711
3712
3714
3715
3717
3718
3719
3720
3721
3723
3724
3725
3727
3729
3732
3734
3736
3737
3739
3740
3741
3743
3744
3745
3748
3750
3751
3752
3755
3756
3757
3759
3761
3762
3763
3764
3766
3768
3769
3771
3773
3775
3778
3779
3781
3782
3786
3787
3789
3791
3792
3793
3795
3797
3798
3801
3803
3805
3806
3809
3811
3812
3813
3814
3816
3818
3819
3820
3821
3823
3825
3827
3829
3830
3832
3836
3837
3838
3839
3844
3845
3846
3848
3849
3850
3852
3853
3854
3855
3857
3858
3862
3864
3865
3866
3867
3868
3869
3871
3872
3873
3875
3876
3877
3878
3880
3881
3888
3889
3890
3891
3892
3893
3895
3897
3898
3899
3901
3903
3904
3906
3908
3909
3911
3912
3913
3915
3917
3920
3922
3923
3930
3931
3933
3934
3935
3936
3937
3939
3941
3943
3947
3948
3950
3951
3952
3953
3955
3957
3959
3960
3961
3962
3964
3967
3969
3970
3975
3977
3981
3982
3983
3984
3985
3986
3987
3988
3989
3990
3991
3993
3994
3995
3999
4000
4001
4002
4003
4004
4005
4006
4007
4008
4010
4011
4015
4016
4017
4018
4019
4020
4021
4022
4023
4024
4025
4026
4028
4029
4030
4032
4033
4034
4035
4036
4037
4038
4039
4040
4041
4044
4045
4046
4047
4048
4049
4050
4051
4052
4054
4055
4057
4058
4060
4062
4064
4065
4066
4068
4069
4070
4071
4072
4078
4079
4080
4081
4082
4083
4084
4086
4087
4090
4091
4092
4093
4094
4095
4096
4098
4101
4102
4103
4104
4106
4109
4110
4111
4112
4113
4114
4116
4118
4121
4126
4127
4128
4130
4131
4132
4133
4135
4136
4138
4142
4143
4144
4145
4146
4148
4149
4150
4152
4156
4157
4158
4159
4160
4162
4164
4165
4169
4170
4171
4172
4173
4175
4178
4179
4180
4181
4182
4183
4184
4185
4187
4189
4191
4193
4194
4195
4198
4202
4203
4204
4205
4206
4207
4208
4209
4210
4211
4212
4213
4214
4215
4216
4217
4218
4219
4222
4223
4225
4226
4227
4229
4230
4231
4232
4233
4234
4235
4236
4239
4243
4244
4245
4246
4247
4248
4249
4250
4251
4252
4255
4256
4257
4258
4259
4261
4262
4263
4264
4267
4268
4269
4270
4271
4273
4274
4276
4277
4278
4281
4283
4284
4285
4290
4291
4292
4293
4294
4295
4296
4297
4298
4299
4300
4302
4304
4305
4306
4307
4311
4312
4313
4314
4315
4316
4318
4319
4320
4321
4322
4326
4327
4328
4329
4330
4331
4332
4333
4334
4335
4336
4337
4338
4339
4341
4343
4345
4346
4348
4351
4352
4354
4355
4358
4360
4361
4362
4363
4364
4365
4366
4367
4369
4370
4371
4372
4373
4374
4376
4377
4379
4381
4382
4384
4385
4387
4390
4391
4392
4394
4396
4397
4399
4400
4402
4405
4406
4407
4409
4411
4412
4413
4414
4416
4417
4418
4419
4421
4424
4425
4426
4427
4428
4430
4432
4434
4435
4437
4438
4440
4443
4444
4445
4449
4450
4456
4458
4461
4463
4466
4467
4469
4470
4471
4473
4474
4475
4477
4479
4481
4482
4483
4484
4485
4488
4489
4490
4495
4496
4497
4498
4499
4501
4503
4504
4505
4506
4507
4510
4515
4516
4517
4518
4519
4520
4521
4523
4524
4525
4526
4527
4529
4530
4531
4532
4533
4534
4535
4537
4538
4539
4540
4541
4542
4544
4545
4546
4547
4548
4550
4551
4552
4553
4554
4555
4556
4559
4560
4561
4562
4563
4564
4566
4567
4568
4569
4570
4571
4574
4575
4578
4579
4581
4582
4583
4585
4587
4588
4589
4590
4595
4596
4598
4599
4600
4602
4603
4604
4606
4609
4610
4612
4616
4617
4618
4619
4620
4621
4622
4623
4624
4625
4626
4627
4628
4629
4630
4631
4632
4633
4634
4635
4636
4637
4638
4639
4640
4641
4642
4643
4644
4647
4648
4649
4651
4653
4654
4656
4658
4660
4662
4666
4668
4669
4670
4671
4672
4673
4674
4676
4677
4680
4681
4682
4683
4685
4686
4689
4690
4693
4694
4697
4698
4699
4700
4701
4702
4703
4704
4707
4709
4710
4711
4713
4714
4716
4720
4721
4722
4723
4724
4725
4726
4727
4729
4732
4733
4734
4735
4736
4737
4739
4741
4742
4743
4744
4745
4746
4747
4748
4749
4750
4752
4754
4755
4756
4759
4760
4762
4763
4767
4768
4769
4770
4772
4776
4777
4779
4780
4781
4782
4783
4784
4785
4787
4789
4790
4791
4792
4794
4795
4796
4797
4798
4799
4802
4803
4804
4805
4809
4810
4811
4812
4814
4815
4817
4818
4819
4820
4821
4823
4824
4827
4829
4830
4832
4833
4838
4839
4840
4841
4842
4843
4844
4845
4846
4847
4848
4849
4850
4851
4852
4853
4854
4855
4856
4857
4858
4859
4860
4861
4864
4865
4866
4868
4869
4870
4871
4872
4873
4874
4875
4876
4877
4878
4879
4883
4885
4886
4887
4888
4889
4890
4891
4892
4893
4894
4895
4896
4897
4898
4902
4903
4904
4905
4907
4908
4909
4910
4912
4914
4915
4917
4918
4919
4924
4925
4926
4927
4930
4931
4932
4934
4936
4937
4938
4940
4941
4944
4946
4948
4949
4950
4951
4952
4954
4955
4956
4957
4958
4962
4963
4964
4965
4966
4968
4970
4972
4973
4977
4978
4979
4980
4981
4983
4984
4985
4987
4988
4990
4991
4992
4994
4995
4996
4998
4999
5001
5002
5004
5007
5010
5011
5012
5013
5014
5015
5017
5018
5019
5020
5021
5022
5023
5024
5025
5026
5027
5031
5032
5036
5038
5039
5040
5041
5044
5045
5046
5047
5048
5049
5050
5051
5052
5053
5054
5055
5056
5057
5058
5059
5060
5061
5062
5063
5064
5065
5067
5068
5070
5071
5072
5073
5074
5075
5077
5078
5079
5080
5082
5083
5084
5085
5086
5087
5088
5089
5090
5094
5097
5098
5099
5101
5105
5106
5107
5108
5109
5110
5111
5113
5115
5118
5120
5123
5124
5126
5127
5128
5129
5131
5133
5135
5139
5141
5144
5146
5149
5151
5152
5154
5156
5158
5160
5164
5166
5167
5169
5171
5173
5175
5180
5182
5183
5184
5185
5187
5189
5191
5195
5197
5198
5199
5200
5202
5204
5206
5210
5212
5216
5217
5218
5220
5221
5222
5223
5230
5231
5232
5233
5234
5235
5236
5237
5238
5239
5240
5241
5242
5243
5244
5245
5246
5247
5248
5249
5250
5251
5252
5253
5254
5255
5256
5257
5258
5259
5260
5261
5262
5264
5265