1
3
5
6
7
8
9
10
12
14
15
16
17
18
20
22
24
26
27
28
29
30
31
32
33
34
35
36
37
39
40
42
44
46
47
49
50
52
54
55
57
59
61
63
64
65
67
68
69
71
72
73
74
75
76
77
78
79
80
82
84
85
86
87
89
90
91
92
94
95
96
97
99
100
101
102
104
105
106
107
109
111
113
115
117
118
119
120
122
123
124
125
126
127
128
129
130
131
132
133
135
136
137
138
139
140
141
142
144
145
146
147
148
149
151
152
153
154
155
156
157
159
160
164
165
166
168
169
170
171
172
173
174
175
177
178
179
180
181
182
183
184
185
186
188
189
190
192
194
198
199
200
201
202
204
205
206
209
210
211
212
216
217
219
221
223
225
227
231
232
234
235
236
237
238
239
240
241
242
244
247
248
250
253
254
255
256
257
258
259
260
261
262
263
265
266
267
268
269
270
271
272
273
274
275
276
277
278
280
282
284
285
286
287
288
289
290
291
292
293
294
296
297
298
299
300
301
302
303
304
305
306
308
309
310
311
312
313
314
316
317
318
319
320
321
322
323
324
325
328
329
330
331
332
333
334
335
336
338
340
342
343
345
348
351
352
353
355
356
358
359
360
361
363
364
365
366
367
368
369
370
371
372
373
374
375
376
377
378
379
380
381
382
383
384
385
386
387
388
389
390
391
392
393
395
397
398
399
400
401
402
403
406
409
410
411
412
413
414
415
416
418
420
421
422
423
424
426
427
428
429
430
431
432
433
434
435
436
437
438
439
440
441
443
444
446
448
452
453
455
456
458
461
462
464
465
467
470
471
473
474
476
479
480
482
483
484
485
486
487
488
489
490
492
495
496
498
501
502
504
505
506
507
510
511
513
514
516
519
520
521
522
523
525
526
528
530
532
533
537
538
540
541
542
544
546
547
548
549
551
552
553
554
555
557
558
561
564
565
566
567
568
569
570
571
573
575
576
577
578
580
581
583
584
585
586
587
592
593
594
595
596
597
598
600
602
603
604
605
606
607
608
609
611
614
615
616
617
618
619
621
622
624
625
626
627
628
629
630
632
633
634
635
637
638
640
642
644
647
648
649
650
651
652
654
656
657
658
659
660
661
665
666
667
668
670
671
673
676
677
678
679
680
681
682
683
684
685
686
687
688
690
691
692
693
694
695
696
697
698
699
701
702
703
704
708
709
710
711
712
713
714
715
716
717
718
719
721
723
726
727
728
729
730
731
732
733
735
737
739
740
741
742
743
744
745
747
750
751
752
753
754
755
758
759
760
761
762
763
764
765
766
767
768
769
771
772
773
774
775
776
777
779
780
782
783
784
785
786
787
789
790
792
793
794
795
796
797
798
799
800
801
802
803
804
805
806
810
811
812
813
814
815
816
817
818
819
820
821
822
823
824
825
826
827
828
829
830
831
832
833
834
835
836
837
838
839
840
841
843
844
845
846
847
848
849
850
851
852
853
854
856
857
859
861
862
863
864
865
867
868
869
870
871
872
873
875
876
877
878
879
880
881
882
884
885
886
887
888
889
890
891
892
893
894
895
896
897
898
901
902
903
904
905
907
908
909
910
912
914
916
918
922
923
924
925
927
929
931
933
937
938
939
940
941
942
943
945
947
949
951
955
956
957
958
959
960
962
965
966
967
968
969
970
972
974
976
978
982
983
984
985
986
987
989
991
993
995
997
998
1001
1003
1004
1007
1009
1010
1013
1015
1016
1021
1022
1023
1024
1025
1026
1027
1028
1029
1030
1031
1032
1033
1034
1035
1036
1037
1038
1039
1040
1041
1042
1043
1044
1046
1047
1048
1049
1051
1053
1054
1056
1059
1060
1061
1062
1063
1064
1065
1066
1067
1068
1069
1070
1071
1073
1075
1076
1079
1080
1081
1082
1083
1085
1089
1090
1092
1093
1094
1095
1096
1097
1099
1102
1103
1104
1105
1106
1107
1108
1109
1110
1111
1113
1115
1117
1119
1120
1123
1124
1125
1126
1127
1128
1131
1132
1133
1134
1135
1136
1137
1138
1139
1140
1141
1142
1143
1145
1147
1148
1149
1151
1152
1155
1156
1157
1158
1159
1160
1161
1162
1163
1164
1165
1166
1167
1169
1170
1171
1172
1173
1176
1177
1178
1179
1180
1181
1182
1183
1184
1185
1187
1190
1191
1192
1193
1194
1195
1196
1197
1198
1199
1200
1201
1203
1204
1205
1206
1208
1209
1210
1211
1212
1213
1215
1216
1217
1218
1219
1220
1221
1222
1223
1225
1226
1227
1229
1230
1231
1233
1236
1237
1238
1239
1240
1241
1242
1244
1245
1246
1247
1248
1249
1250
1251
1252
1254
1258
1259
1260
1261
1262
1263
1264
1265
1267
1268
1269
1271
1272
1273
1274
1275
1276
1277
1278
1280
1283
1284
1285
1286
1287
1288
1289
1290
1291
1292
1293
1294
1295
1296
1297
1299
1300
1302
1305
1306
1307
1308
1309
1310
1311
1312
1313
1315
1316
1317
1319
1322
1323
1324
1325
1326
1327
1328
1329
1331
1332
1333
1336
1337
1338
1339
1340
1342
1345
1347
1348
1349
1350
1351
1352
1353
1356
1358
1359
1361
1362
1363
1364
1365
1366
1367
1368
1371
1372
1373
1374
1375
1377
1378
1379
1380
1381
1382
1383
1388
1389
1390
1392
1393
1395
1396
1397
1398
1399
1400
1402
1403
1404
1406
1408
1411
1413
1419
1420
1421
1422
1423
1424
1425
1426
1427
1428
1429
1430
1431
1432
1433
1434
1436
1437
1438
1439
1440
1442
1443
1444
1445
1447
1448
1449
1450
1452
1454
1456
1459
1460
1462
1463
1465
1467
1469
1470
1471
1472
1474
1476
1477
1478
1479
1480
1481
1482
1483
1484
1485
1487
1488
1490
1491
1492
1493
1494
1495
1496
1499
1500
1501
1502
1503
1505
1506
1507
1508
1509
1510
1511
1512
1514
1515
1517
1519
1522
1524
1525
1527
1529
1531
1532
1533
1534
1536
1538
1539
1540
1541
1542
1543
1544
1545
1546
1548
1550
1551
1553
1554
1555
1556
1557
1558
1559
1562
1563
1564
1565
1566
1568
1569
1572
1573
1574
1575
1576
1577
1578
1580
1581
1582
1583
1584
1585
1587
1590
1591
1593
1594
1595
1596
1597
1598
1599
1600
1602
1605
1606
1607
1608
1609
1610
1611
1612
1614
1617
1618
1619
1620
1621
1622
1623
1624
1625
1626
1628
1629
1631
1632
1634
1635
1636
1637
1638
1639
1640
1641
1642
1643
1644
1645
1646
1647
1648
1649
1650
1652
1654
1655
1657
1658
1659
1660
1661
1663
1664
1665
1666
1667
1669
1670
1671
1672
1673
1674
1675
1676
1677
1679
1681
1683
1685
1686
1687
1688
1689
1691
1692
1693
1694
1695
1697
1698
1699
1701
1702
1703
1704
1705
1706
1707
1708
1709
1711
1713
1717
1720
1721
1722
1723
1724
1725
1726
1727
1728
1729
1730
1731
1732
1733
1734
1736
1739
1740
1741
1742
1743
1744
1745
1746
1748
1750
1752
1754
1758
1759
1760
1761
1762
1763
1764
1765
1767
1768
1770
1773
1774
1775
1776
1777
1778
1781
1784
1785
1786
1787
1789
1793
1794
1795
1796
1797
1798
1799
1800
1801
1802
1804
1806
1809
1811
1813
1816
1818
1821
1826
1827
1828
1829
1830
1831
1832
1833
1835
1836
1837
1838
1841
1842