1
3
5
6
7
8
9
10
12
14
15
16
17
18
20
22
24
26
27
28
30
31
33
35
37
39
40
41
42
43
44
45
47
48
49
50
51
53
54
55
56
58
59
60
61
62
63
64
65
66
68
70
71
72
73
74
75
76
77
78
79
80
81
82
83
84
85
87
88
89
90
91
92
93
94
95
96
97
100
101
102
104
105
106
107
108
109
110
111
112
114
115
116
119
120
121
122
123
124
125
126
127
128
129
130
131
132
133
134
135
136
138
140
141
142
144
145
146
147
149
150
152
154
157
158
159
160
161
162
164
166
167
168
169
171
172
173
175
177
180
182
186
187
188
189
190
191
192
193
194
195
196
197
199
201
203
204
206
209
211
212
213
217
218
219
220
223
224
225
226
227
228
229
230
231
232
233
234
235
236
237
240
241
242
243
244
245
246
247
248
249
250
251
254
256
257
258
259
260
261
262
264
266
268
270
271
275
276
277
278
279
281
282
283
284