1
3
5
6
7
8
9
10
12
14
15
16
17
18
20
22
24
26
28
29
30
32
34
35
36
37
38
40
41
43
44
45
47
49
50
52
54
55
56
57
58
59
60
61
62
63
64
65
66
68
69
70
71
72
73
74
75
76
77
78
79
80
81
82
84
85
86
87
88
89
91
92
93
94
95
96
97
98
99
100
101
102
103
104
105
106
107
108
109
110
111
112
113
114
115
116
117
118
119
120
121
123
124
126
127
128
129
130
131
132
133
134
135
136
137
138
139
140
141
142
143
144
145
146
147
148
149
150
151
152
153
154
155
156
157
158
159
160
161
162
163
164
165
166
167
168
169
171
172
175
177
178
179
180
181
183
184
185
186
187
190
191
192
193
194
195
196
197
198
200
202
204
205
206
208
209
210
211
212
213
214
215
216
217
218
220
222
223
224
226
227
229
230
231
232
234
235
236
237
238
239
241
243
246
247
248
250
252
253
254
255
256
258
259
263
264
265
266
268
269
270
271
272
273
274
277
279
280
281
282
283
284
285
286
287
288
290
292
293
295
296
298
299
301
303
305
306
307
308
310
313
314
315
316
318
319
321
322
323
324
327
329
331
332
335
337
339
343
344
345
346
347
350
351
353
354
355
356
358
360
361
362
365
366
368
370
371
372
375
376
378
381
383
385
386
388
389
390
392
394
395
396
398
400
401
402
406
407
409
410
411
413
415
417
418
419
420
421
422
424
425
426
428
430
433
434
436
438
439
440
441
444
445
449
451
452
454
455
456
457
458
459
462
464
465
466
467
468
469
470
471
474
475
477
478
479
480
482
483
485
486
487
489
490
491
493
495
500
503
505
506
507
510
511
512
514
515
517
519
520
521
523
524
525
527
528
529
530
531
532
534
536
538
539
540
542
544
545
546
548
550
553
554
555
556
559
561
562
563
566
568
570
572
573
575
576
577
578
582
583
584
585
588
589
591
593
594
595
596
597
598
600
602
604
605
607
608
610
614
615
616
620
621
622
624
625
626
627
629
633
634
635
637
639
640
641
642
643
644
645
646
647
649
650
651
652
654
655
656
657
658
659
661
662
663
664
665
669
670
671
672
673
675
676
679
680
681
682
683
684
685
687
688
689
690
693
694
695
696
697
698
699
700
702
703
706
707
708
709
710
711
712
716
718
719
721
722
724
725
726
727
728
729
730
732
733
734
737
739
741
742
744
747
750
751
752
754
756
757
758
760
761
764
765
766
769
771
773
774
775
777
780
782
783
784
787
788
789
790
792
793
795
798
799
800
801
802
803
804
806
809
810
811
812
814
815
817
821
823
824
826
830
831
832
834
835
836
838
839
840
843
845
847
848
849
850
851
852
853
854
855
859
860
862
863
864
865
866
867
869
870
872
874
875
878
879
880
881
882
883
884
885
886
887
888
889
890
891
892
893
894
895
896
897
898
899
900
901
902
903
904
905
906
908
910
911
912
913
914
917
919
922
923
924
925
926
927
928
929
931
933
937
939
941
943
944
945
946
947
948
949
950
951
952
954
956
961
962
963
964
965
966
968
970
973
974
976
977
978
979
980
981
982
984
985
987
989
990
992
993
994
995
996
997
998
1000
1001
1003
1004
1005
1006
1007
1009
1011
1012
1013
1014
1015
1016
1017
1018
1019
1020
1021
1022
1023
1025
1026
1027
1028
1033
1034
1035
1036
1037
1038
1039
1040
1041
1042
1043
1044
1045
1046
1047
1048
1049
1050
1051
1052
1053
1054
1055
1056
1057
1058
1059
1060
1061
1062
1063
1065
1067
1069
1072
1074
1076
1077
1078
1080
1082
1083
1087
1090
1091
1092
1093
1094
1095
1096
1097