1
3
5
6
7
8
9
10
12
14
15
16
17
18
20
22
25
26
27
28
29
30
31
32
33
34
35
36
37
38
39
41
42
43
45
46
47
48
49
50
51
52
53
54
56
57
58
59
60
61
62
63
64
65
66
67
68
71
72
73
74
76
79
80
81
82
84
85
86
88
89
92
93
95
96
97
100
101
102
103
104
105
112
113
115
116
117
118
119
120
121
125
127
129
131
132
133
136
138
139
140
141
142
143
144
145
146
147
148
154
156
157
158
160
162
163
164
166
167
168
169
172
174
175
176
177
182
183
184
186
187
188
189
191
192
195
196
198
199
202
203
208
209
211
212
215
217
218
220
221
222
223
228
229
230
231
232
233
234
235
238
239
240
241
242
244
245
246
248
249
250
253
254
256
258
259
260
261
262
263
266
267
268
270
271
272
273
275
276
277
279
280
282
283
284
286
287
288
289
291
293
294
297
298
300
304
305
306
307
308
309
310
311
312
313
314
315
316
317
318
319
320
324
325
326
327
328
329
332
333
334
335
336
337
338
339
342
343
344
345
346
347
350
351
352
353
354
355
357
360
361
362
363
364
365
366
367
368
369
370
371
372
373
374
375
376
377
380
381
382
383
384
385
386
389
390