1
3
5
6
7
8
9
10
12
14
15
16
17
18
20
22
24
25
26
27
28
29
30
31
33
34
35
36
37
40
41
42
43
44
45
47
48
49
51
52
53
55
56
57
58
59
60
61
62
63
64
65
66
67
68
69
70
72
74
75
76
77
78
79
80
81
82
83
84
85
86
88
89
90
91
92
93
94
97
98
99
100
101
104
105
106
107
108
109
111
114
115
116
117
118
122
123
124
125
126
127
129
130
131
132
133
134
135
136
137
140
141
142
143
144
145
147
148
149
151
152
153
154
155
156
158
159
160
161
164
165
166
167
168
169
171
174
175
176
177
178
180
181
182
183
184
186
187
188
189
191
194
195
196
197
199
202
203
204
205
206
207
208
209
210
212
214
215
216
217
218
219
220
221
222
223
227
228
229
230
231
232
234
237
238
239
240
241
243
246
247
248
249
250
251
252
254
255
256
257
258
261
263
264
265
266
267
268
269
270