1
3
5
6
7
8
9
10
12
14
15
16
17
18
20
22
24
25
27
28
29
31
33
34
35
36
38
39
40
41
42
44
45
46
47
49
50
52
53
54
56
57
58
59
60
61
62
63
64
65
66
69
70
72
73
74
76
78
79
80
81
82
84
85
86
87
88
89
92
93
94
97
98
99
102
103
104
107
110
111
112
113
115
116
117
118
119
120
121
122
123
124
125
126
131
132
133
134
135
136
137
138
139
140
141
142
143
144
145
150
151
152
153
154
155
156
157
159
160
161
162
163
167
168
169
172
173
174
175
178
179
180
181
182
185
186
188
189
190
194
195
196
197
198
201
202
203
204
207
208
209
212
213
214
215
216
217
218
219
220
221
222
223
224
225
228
229
231
232
233
234
235
236
237
238
239
240
241
242
245
246
247
251
252
253
256
258
261
263
264
265
268
269
271
272
273
274
275
276
279
280
281
282
285
286
287
288
290
291
294
295
296
297
298
300
301
302
303
304
305
306
307
308
309
311
312
313
315
316
318
319
320
321
322
323
324
325
326
327
328
330
331
332
334
335
336
337
339
340
341
342
343
344
345
346