1
3
5
6
7
8
9
10
12
14
15
16
17
18
20
22
24
26
28
30
32
33
35
37
39
41
42
43
44
45
47
49
51
52
54
55
56
58
61
62
64
65
66
68
70
71
72
74
77
78
80
81
82
84
86
88
93
94
95
96
97
98
99
101
104
105
106
107
108
109
110
111
112
113
114
115
116
117
118
119
121
122
123
124
125
126
127
128
130
131
133
136
137
139
140
141
145
146
148
149
151
152
153
154
156
157
158
161
163
164
165
167
168
169
170
173
174
175
176
177
179
180
181
183
184
185
186
187
188
189
190
191
193
194
196
197
198
199
201
202
203
204
205
207
208
209
210
211
212
213
214
215
216
220
221
223
227
232
233
234
235
236
237
238
239
240
241
242
243
245
246
248
249
251
254
257
258
259
260
261
262
263
265
266
268
269
270
271
272
273
275
276
278
280
282
284
287
291
292
293
294
296
298
300
302
304
306
308
310
314
315
316
318
320
321
322
323