1
3
5
6
7
8
9
10
12
14
15
16
17
18
20
22
24
26
28
29
30
32
34
35
37
38
39
41
42
43
45
46
47
48
49
50
51
52
53
54
55
56
57
58
59
60
61
62
63
64
66
67
68
69
70
71
72
73
75
76
77
79
80
81
83
84
85
86
88
89
90
92
93
94
96
97
98
100
101
102
104
105
106
107
108
109
111
113
114
115
117
118
119
120
121
122
123
124
125
126
127
129
130
131
133
134
135
137
138
139
140
141
142
143
145
146
147
148
149
150
151
153
154
155
156
157
158
159
160
161
163
164
165
166
167
169
170
171
172
173
175
177
178
179
180
181
182
183
184
185
186
187
189
190
192
193
194
195
197
198
200
201
202
203
204
205
206
208
209
210
212
213
214
215
217
218
219
220
221
223
224
225
226
227
228
229
231
232
233
234
235
237
238
240
241
242
243
244
245
247
248
249
250
251
253
254
255
257
258
259
260
261
262
263
264
265
266
267
268
269
270
271
272
273
274
275
276
277
278
279
280
281
282
283
284
285
286
287
288
289
290
291
292
293
294
295
296
297
298
299
300
302
303
304
306
307
309
310
311
312
313
315
316
317
318
320
321
322
323
324
326
327
328
330
331
332
333
334
335
336
337
338
340
342
343
344
345
346
347
349
351
352
354
355
356
357
358
359
360
361
362
363
364
365
367
368
369
370
371
372
373
375
376
377
379
380
381
382
383
384
385
387
389
390
391
392
393
394
395
396
397
399
400
401
402
403
404
405
406
407
408