1
3
5
6
7
8
9
10
12
14
15
16
17
18
20
22
24
25
26
28
30
31
32
34
36
37
38
40
41
43
44
45
46
47
48
49
50
52
53
54
56
57
58
59
61
62
63
64
65
68
69
70
71
72
73
75
76
78
79
81
82
84
85
87
88
90
92
93
94
95
97
98
100
105
107
108
111
113
115
117
119
120
122
124
125
129
132
133
134
136
137
138
139
141
144
145
146
147
148
149
150
151
152
153
154
155
156
157
158
159
160
161
162
163
164
165
166
167
169
171
172
174
176
180
182
183
184
186
188
189
190
191
192
194
195
196
197
198
199
200
201
202
203
204
206
207
209
210
211
213
217
218
220
221
222
224
225
226
229
230
232
233
235
237
238
239
240
242
243
245
247
251
252
254
255
257
258
260
261
262
264
266
267
268
269
270
271
274
276
277
278
279
280
281
282
283
284
285
287
288
291
296
298
300
301
302
304
305
308
309
310
312
313
314
315
316
318
320
322
323
324
325
327
328
330
332
333
335
337
338
340
341
342
344
347
348
350
351
352
353
354
356
358
360
362
364
365
368
370
371
373
374
376
378
381
383
385
386
388
390
395
396
398
399
401
402
404
405
406
407
409
411
412
414
415
418
419
420
421
422
423
424
425
426
428
429
433
434
436
437
438
439
440
441
442
443
444
446
447
448
449
451
454
455
456
457
458
459
462
466
467
468
469
470
471
474
478
481
482
483
484
485
486
487
488
489
490
491
492
493
494
495
496
497
498
499
501
502
504
505
506
509
510
511
513
514
515
517
518
519
521
522
523
524
525
527
528
530
532
533
534
536
537
538
539
540
542
543
545
546
548
549
550
552
553
555
558
560
561
565
567
573
574
576
577
578
580
581
582
584
585
586
587
589
590
592
593
595
596
597
598
599
600
602
604
605
606
607
608
610
615
616
618
619
621
622
624
625
626
628
629
631
632
633
634
635
637
638
639
640
641
643
644
646
647
648
649
651
652
654
655
657
658
660
661
663
665
667
669
670
671
673
674
675
678
680
682
684
686
687
690
692
697
698
700
701
702
705
706
708
710
711
713
714
716
717
718
719
720
721
723
725
726
727
729
730
732
733
735
736
738
740
741
742
743
745
747
748
750
753
755
756
758
759
761
762
763
765
766
767
769
770
771
773
775
776
778
779
781
782
784
786
791
793
795
797
799
801
802
804
805
806
810
813
815
817
818
819
820
822
825
826
829
830
831
832
833
834
836
839
841
842
844
845
847
848
849
851
853
854
857
859
860
862
863
865
866
867
869
871
872
874
875
876
878
879
881
883
884
885
886
888
889
891
893
894
895
896
898
899
900
901
902
904
905
907
908
909
911
913
915
917
918
919