1
3
5
6
7
8
9
10
12
14
15
16
17
18
20
21
23
24
25
26
27
29
30
31
32
33
35
36
38
39
40
41
42
43
44
45
46
47
48
49
50
51
52
53
54
55
56
57
58
62
63
64
65
66
67
68
69
71
72
75
76
77
78
79
80
81
82
83
84
85
86
87
88
89
90
91
92
93
94
95
99
100
106
107
110
111
112
116
117
118
122
123
126
127
128
129
132
133
134
135
136
137
138
141
142
144
145
146
148
149
150
152
153
154
156
157
160
161
162
163
165
166
167
168
169
170
171
172
173
174
175
176
177
178
179
180
184
185
190
191
192
193
195
196
197
198
199
200
201
202
207
208
209
210
211
212
213
214
215
216
217
218
220
222
223
224
226
227
229
230
231
233
234
235
237
239
241
243
245
247
249
251
253
255
256
258
259
260
261
262
263
264
265
268
269
270
271
273
274
275
278
279
281
282
283
285
286
287
288
290
291
292
293
294
295
297
298
300
301
302
303
304
307
308
310
311
312
313
314
315
316
317
318
320
321
322
324
325
326
327
328
329
330
331
332
333
334
335
338
339
340
341
342
343
344
346
347
348
349
350
351
352
353
356
357
358
359
362
363
365
366
367
369
370
372
373
378
379
381
382
385
387
388
389
390
391
392
393
394
398
400
401
402
403
404
405
406
407
411
413
414
415
417
418
419
421
422
423
425