1
3
5
6
7
8
9
10
12
14
15
16
17
18
20
22
24
26
28
29
30
31
32
34
36
37
38
39
40
41
42
44
45
47
49
51
52
54
55
57
59
61
63
64
65
66
68
69
70
71
72
73
74
75
76
77
78
79
80
81
82
83
84
85
86
87
88
89
90
92
94
95
96
97
98
100
101
102
103
104
105
106
107
108
109
110
112
113
115
118
119
121
122
123
126
128
129
130
131
132
133
135
138
139
140
141
142
143
144
145
147
150
151
152
153
154
156
159
160
161
162
164
167
168
169
170
171
173
176
177
178
179
181
184
185
187
190
191
193
196
197
199
202
203
205
208
209
211
214
216
219
220
222
225
226
227
228
230
233
234
235
236
238
241
242
243
244
245
246
248
249
250
251
252
254
255
258
259
261
262
263
264
265
266
267
268
270
272
274
275
276
277
279
282
283
284
285
286
287
288
289
291
292
294
296
297
298
299
300
302
303
304
306
307
308
309
313
314
316
317
319
321
322
326
329
330
331
332
333
334
336
339
340
341
342
343
345
348
349
350
351
353
356
357
358
359
361
364
365
368
369
370
371
373
376
377
378
379
381
384
385
386
387
389
392
393
394
395
397
400
401
402
403
405
408
409
410
411
413
416
417
418
419
421
424
425
426
427
429
432
433
434
435
437
440
441
442
443
445
448
449
450
451
453
456
457
458
459
460
461
463
466
467
468
469
471
474
475
477
478
479
480
483
484
486
487
488
489
492
493
494
495
496
497
500
501
502
503
505
508
509
510
511
513
516
517
518
519
521
524
525
526
527
529
532
533
534
535
537
540
541
542
543
545
548
550
553
555
558
561
562
563
564
566
569
570
571
572
573
574
576
578
579
580
581
583
586
587
588
589
591
594
595
596
597
599
602
603
604
605
606
607
609
612
613
614
615
617
620
621
624
626
630
632
635
637
640
642
645
647
650
652
655
656
658
659