1
3
5
6
7
8
9
10
12
14
15
16
17
18
20
22
24
25
26
27
28
30
31
32
33
34
35
36
37
38
40
41
42
43
44
47
48
50
52
53
54
55
57
58
59
61
66
68
69
71
72
73
74
75
76
80
82
85
86
87
89
91
93
95
97
98
100
101
103
105
108
109
111
112
113
114
115
116
117
118
119
120
122
124
125
127
128
130
132
134
135
136
137
139
140
141
142
144
146
147
148
149
152
153
154
156
159
161
166
167
169
171
173
174
175
178
181
182
184
185
187
189
191
192
194
197
201
203
207
209
210
211
212
215
217
219
221
223
225
228
229
230
232
234
236
238
242
244
246
248
250
254
256
258
260
262
266
268
270
272
274
278
280
282
284
286
288
291
292
293
294
295
296
298
302
304
306
308
310
315
317
319
321
323
327
329
331
332
334
336
337
339
340
341
342
343
344
345
346
347
348
349
350
351
352
353
354
355
356
357
358
359
360
361
362
363
364
365
367
369
370
371
372
373
374
375
376
377
378
379
380
381
382
383
384
385
386
387
388
389
390
391
392
393
395
396
399
401
402
403
408
409
410
411
414
415
416
417
419
420
421
422
423
424
425
427
428
430
432
433
435
437
440
444
445
447
448
449
450
452
453
456
457
459
460
462
463
465
467
468
469
471
473
474
478
479
481
484
486
487
488
489
492
493
494
495
496
497
498
499
501
502
503
505
506
507
508
509
510
511
512
513
515
517
518
519
522
524
526
527
528
529
530
531
533
535
536
537
540
543
544
546
547
549
551
552
553
555
556
558
559
560
561
562
564
566
571
573
574
576
577
578
579
580
581
582
583
587
589
590
592
593
594
595
596
597
604
606
608
609
610
613
615
616
617
620
621
622
623
624
625
626
628
631
632
633
634
635
636
637
638
640
643
644
645
646
647
648
649
651