1
3
5
6
7
8
9
10
12
14
15
16
17
18
20
22
24
25
27
29
30
32
34
36
37
38
39
40
41
42
43
44
45
47
49
50
51
52
53
55
56
57
59
61
63
64
65
67
68
69
70
72
73
75
76
78
79
80
81
82
84
85
86
87
89
91
92
93
94
95
98
99
100
101
102
103
104
105
106
107
109
111
112
114
117
118
119
120
123
124
125
126
129
130
131
132
133
134
135
136
138
139
140
141
143
145
146
147
149
150
151
152
153
154
155
156
157
158
159
160
161
162
164
165
166
167
168
171
172
173
174
175
176
177
178
179
180
181
182
183
184
185
186
188
189
190
191
192
193
195
196
197
198
199
202
204
205
206
207
208
209
210
211
212
213
214
215
217
219
220
221
222
223
225
227
228
229
230
232
233
234
236
237
238
241
243
245
248
250
251
252
253
254
255
256
257
258
259
260
261
262
263
264
266
269
271
272
273
276
278
281
282
283
284
286
287
288
289
290
291
292
294
295
299
300
301
302
304
307
308
310
313
314
315
316
318
319
320
321
322
323
324
325
326
327
328
329
330
331
334
335
336
337
338
339
341
342
344
346
347
349
351
355
358
359
361
362
364
365
366
368
369
370
371
374
375
379
380
381
382
383
384
386
388
390
391
393
395
399
400
401
402
403
404
406
408
409
411
413
414
417
419
420
423
425
426
431
432
433
434
435
436
438
441
442
443
444
445
446
448
450
453
454
455
456
457
459
462
463
464
465
467
468
471
472
473
474
475
476
477
478
479
480
481
483
484
485
488
489
490
491
494
495
496
497
499
500
502
503
504
505
506
507
508
509
510
512
513
515
517
519
520
521
522
524
525
526
527
528
529
530
531
533
534
535
536
537
539
541
543
544
547
549
550
554
556
559
560
562
563
566
567
570
571
573
574
575
576
577
578
579
580
581
583
584
586
587
588
589
590
592
594
596
597
598
599
601
602
605
606
608
610
612
615
616
617
618
619
621
623
624
626
629
632
633
634
635
636
637
638
639
640
641
642
643
645
646
648
650
652
654
656
657
660
662
664
665
666
667
668
669
670
672
674
675
676
677
679
680
681
685
687
689
691
692
693
697
699
702
705
706
708
709
711
713
715
717
719
721
722
723
724
725
727
728
729
730
731
732
736
737
738
740
742
744
746
748
750
752
754
756
758
760
762
764
766
768
770
775
777
778
781
783
784
785
787
789
791
793
794
795
796
798
800
802
803
804
805
806
807
808
810
811
812
814
816
818
820
822
823
824
825
826
828
831
832
833
834
835
836
837
838
840
841
843
845
846
847
848
849
851
852
853
854
855
856
857
859
861
862
864
865
867
869
870
871
876
877
878
879
880
881
882
883
884
885
886
887
889
890
891
894
895
896
897
898
899
900
902
903
904
905
906
908
909
910
911
913
914
916
919
920
921
923
924
925
926
927
928
930
932
934
937
938
939
940
941
942
943
944
945
946
947
948
950
951
953
956
957
958
959
960
961
962
963
964
965
966
967
968
970
972
973
974
975
977
980
981
982
984
986
987
988
989
990
991
993
994
995
997
1001
1004
1005
1006
1007
1008
1009
1010
1011
1012
1013
1014
1015
1016
1017
1018
1019
1020
1021
1023
1024
1025
1026
1028
1029
1030
1031
1032
1033
1034
1035
1036
1037
1038
1039
1040
1041
1042
1043
1045
1046
1047
1049
1051
1055
1056
1057
1059
1062
1063
1064
1065
1066
1067
1068
1069
1070
1071
1072
1073
1074
1075
1076
1077
1078
1079
1080
1081
1082
1083
1085
1086
1088
1090
1091
1092
1093
1094
1096
1097
1098
1099
1100
1101
1102
1104
1105
1106
1107
1109
1110
1111
1112
1113
1114
1115
1116
1117
1118
1119
1122
1123
1124
1125
1126
1127
1128
1129
1130
1131
1133
1134
1135
1136
1137
1138
1139
1140
1141
1142
1143
1144
1145
1146
1147
1151
1152
1153
1154
1155
1156
1157
1158
1159
1160
1161
1162
1164
1165
1166
1167
1168
1169
1170
1171
1173
1174
1175
1176
1178
1179
1180
1183
1184
1185
1187
1188
1189
1190
1192
1193
1195
1197
1198
1200
1201
1205
1206
1208
1211
1212
1214
1216
1217
1219
1220
1221
1222
1224
1225
1226
1227
1228
1230
1231
1232
1236
1238
1239
1241
1242
1244
1245
1247
1248
1250
1251
1253
1254
1256
1258
1260
1261
1263
1264
1266
1267
1269
1270
1272
1275
1276
1277
1280
1282
1283
1284
1285
1286
1287
1290
1291
1293
1295
1296
1299
1300
1302
1304
1306
1308
1310
1313
1317
1319
1320
1321
1322
1323
1325
1326
1327
1328
1329
1330
1331
1334
1335
1336
1337
1339
1340
1341
1342
1343
1344
1345
1346
1347
1349
1350
1355
1356
1357
1358
1359
1360
1361
1362
1363
1364
1365
1366
1368
1371
1372
1373
1374
1375
1376
1377
1378
1379
1380
1382
1384
1387
1389
1391
1394
1397
1398
1399
1400
1401
1402
1403
1404
1405
1406
1407
1409
1410
1412
1413
1415
1417
1419
1421
1423
1426
1429
1430
1432
1433
1434
1435
1438
1439
1441
1442
1443
1444
1445
1446
1448
1450
1451
1453
1454
1455
1456
1457
1458
1459
1460
1461
1462
1463
1465
1466
1469
1472
1474
1477
1478
1481
1482
1483
1484
1487
1489
1490
1492
1494
1495
1498
1500
1501
1502
1503
1504
1507
1510
1511
1512
1513
1514
1517
1518
1521
1522
1525
1527
1528
1530
1531
1533
1536
1537
1538
1540