1
3
5
6
7
8
9
10
12
14
15
16
17
18
20
21
23
24
25
26
27
30
31
33
34
37
38
39
40
41
42
43
44
46
47
48
49
50
51
52
53
54
55
56
57
58
59
61
62
63
64
66
67
68
69
72
73
74
75
78
79
80
81
82
83
84
85
86
87
88
89
93
94
95
96
97
98
99
104
105
106
107
108
109
110
111
112
113
114
115
116
117
118
119
120
121
122
123
125
126
127
128
132
133
134
135
136
137
138
139
140
141
142
145
146
148
149
151
152
153
154
155
157
160
161
165
166
167
168
169
170
171
172
173
174
177
180
181
182
183
184
185
186
190
191
192
193
194
196
197
198
199
200
201
202
203
204
205
206
207
212
213
214
215
216
217
218
219
220
221
222
223
224
227
228
229
230
231
232
233
236
237
238
239
240
241
242
243
244
245
246
252
253
254
255
256
257
258
259
260
261
262
268
269
270
271
272
275
276
277
278
279
281
283
284
285
286
287
288
289
292
294
296
297