1
3
5
6
7
8
9
10
12
14
15
16
17
18
20
22
24
25
27
28
29
30
31
32
34
35
36
37
38
39
40
41
42
43
44
46
47
48
50
51
52
54
55
56
58
61
62
63
64
65
66
67
68
69
70
71
72
73
75
76
78
79
81
82
83
84
85
86
87
88
89
91
92
94
96
97
98
99
100
102
103
105
106
107
108
109
110
111
112
113
115
117
118
119
120
121
122
123
125
126
127
128
129
130
131
132
133
134
136
138
139
140
142
143
145
146
147
148
149
150
151
152
154
156
157
158
159
160
162
163
164
166
167
168
169
170
171
172
173
174
175
177
178
179
181
182
186
187
188
190
191
192
193
195
196
198
199
200
202
203
204
205
206
207
208
209
210
211
212
213
214
215
216
217
219
220
221
222
224
225
226
227
228
229
230
231
232
233
234
237
238
239
240
242
243
244
245
246
247
249
250
252
253
255
256
257
259
260
261
262
263
264
266
267
268
269
270
271
272
273
274
275
276
277
278
279
280
281
283
284
285
286
287
288
289
291
292
293
294
295
296
297
298
299
300
301
302
304
305
306
308
309
310
311
313
314
316
317
318
319
321
322
323
325
326
328
330
331
332
333
334
336
337
338
339
340
341
342
343
346
347
350
351
352
353
354
355
356
357
358
359
360
361
362
363
364
365
366
367
368
369
371
372
373
374
376
377
378
379
380
381
382
383
384
385
386
387
388
389
390
391
392
394
395
396
397
398
399
400
401
402
403
404
405
406
407
408
409
410
411
413
414
416
417
419
420
422
423
424
426
427
428
430
431
432
433
435
436
437
438
440
441
442
443
444
445
446
447
449
450
451
452
453
454
455
456
457
458
459
460
462
463
464
466
467
468
469
470
471
472
474
475
476
478
479
481
482
483
484
485
486
487
488
489
490
491
493
494
496
498
499
500
501
502
504
505
506
507
509
510
511
512
514
515
516
517
518
521
523
524
527
528
529
531
533
534
535
536
538
540
541
543
545
547
548
549
550
551
553
554
556
557
559
560
561
562
563
564
565
566
567
569
570
571
574
575
576
577
578
579
580
581
582
583
584
585
587
588
589
590
593
594
595
596
597
598
599
600
602
603
604
605
606
607
608
609
610
611
612
613
614
615
616
617
619
620
621
622
623
625
626
627
628
629
631
632
633
634
635
636
638
639
640
641
642
644
645
646
647
649
650
651
652
653
654
656
657
658
659
661
663
665
666
667
668
669
671
672
673
674
675
676
677
678
679
680
682
683
684
685
686
687
688
689
690
691
693
694
696
697
698
702
705
706
707
708
709
711
712
714
715
716
718
719
721
722
723
724
725
726
727
728
729
730
731
732
734
735
737
739
740
741
742
743
745
746
747
748
749
750
752
754
755
756
757
758
759
760
761
762
763
764
765
766
767
768
769
770
771
772
773
774
775
776
777
778
779
780
781
782
783
784
785
786
787
789
790
791
793
794
795
796
797
798
799
800
801
802
803
804
806
808
810
818
819
820
822
824
825
826
827
828
829
830
831
832
833
834
835
836
837
839
840
842
843
844
845
846
847
848
849
850
852
853
854
855
856
857
858
859
860
861
863
864
865
866
867
869
870
871
872
873
874
875
876
877
878
879
880
881
882
883
884
885
887
888
889
890
891
892
893
894
895
896
897
898
899