1
3
5
6
7
8
9
10
12
14
15
16
17
18
20
22
24
25
26
27
29
31
32
34
35
37
38
39
40
43
44
45
47
48
50
51
52
54
55
56
57
58
60
61
62
64
65
66
68
69
71
72
73
74
75
77
78
79
81
82
83
84
85
86
87
89
91
92
93
95
97
98
100
101
102
104
105
106
110
111
112
114
115
116
117
118
119
120
121
122
123
124
126
127
128
129
131
133
135
136
137
141
142
143
144
146
148
150
152
153
155
157
159
162
163
164
168
169
171
172
174
176
180
182
183
186
188
189
191
193
196
198
199
200
202
203
205
209
212
214
215
217
219
220
221
222
224
227
228
229
230
233
234
235
236
237
238
239
240
241
242
243
244
245
248
250
251
252
253
254
256
258
259
261
262
268
269
271
272
274
276
278
279
281
282
283
284
286
288
289
290
291
293
294
296
297
298
300
303
304
306
307
309
310
311
314
315
316
317
318
319
320
322
323
324
326
327
328
329
330
334
335
336
339
340
341
343
345
348
350
351
352
354
355
357
361
363
364
365
366
367
368
369
373
375
376
377
378
380
382
384
386
387
390
391
392
393
398
400
402
404
405
408
409
411
413
414
415
417
420
422
424
425
428
429
430
431
435
437
438
440
442
444
446
448
451
456
459
460
462
463
464
466
467
469
470
471
472
473
474
475
476
477
478
482
483
485
487
489
491
492
494
496
497
500
501
503
505
506
509
511
513
516
517
518
521
522
524
525
526
527
528
529
530
534
535
536
537
539
541
543
544
548
549
550
551
552
553
554
555
556
557
558
559
560
561
563
564
565
568
569
570
573
574
575
578
581
582
583
584
585
586
587
588
589
590
591
592
593
594
595
596
597
598
599
600
601
603
604
605
607
608
609
610
611
612
613
614
615
620
621
622
623
624
625
626
627
629
630
631
632
635
636
637
638
639
640
643
644
645
649
651
652
653
655
659
660
662
665
666
667
668
669
670
671
674
675
676
677
678
679
680
683
684
685
686
688
690
691
693
695
697
699
701
702
704
705
708
710
712
716
717
718
719
720
721
722
723
724
728
729
730
731
732
734
736
738
739
741
744
746
748
749
750
751
753
754
755
756
757
758
759
762
763
764
765
766
767
768
771
772
773
774
777
780
781
782
783
784
785
786