1
3
5
6
7
8
9
10
12
14
15
16
17
18
20
22
24
26
28
30
32
33
35
36
38
40
42
43
44
45
46
47
48
50
52
54
55
56
58
59
60
61
62
63
65
66
67
68
69
71
74
75
76
77
78
79
80
81
82
83
84
85
86
87
88
91
92
93
95
96
99
101
102
103
104
105
106
107
108
109
110
112
114
120
122
123
125
127
129
131
133
136
137
138
139
140
141
142
143
145
147
153
155
157
159
161
162
164
167
169
170
173
175
178
179
182
183
185
186
190
193
194
195
197
198
199
200
202
204
205
206
208
211
212
213
214
217
218
220
221
223
224
225
228
229
231
233
234
236
237
240
242
244
245
246
250
251
252
254
255
256
257
258
259
262
264
265
267
268
269
270
271
272
273
274
275
276
277
278
280
281
283
284
287
289
291
292
293
295
300
301
302
303
304
305
306
307
308
309
310
311
313
314
316
317
318
319
320
321
324
325
326
327
328
329
331
333
334
335
336
337
338
339
341
343
344
345
346
347
348
349
350
351
352
353
354
355
356
358
360
362
364
365
369
370
371
372
373
377
378
379
380
381
383
384
385
386
387
388
389
390
391
392
395
397
399
401
402
406
407
408
409
410
418
420
421
423
425
426
427
430
432
434
435
436
437
439
440
441
444
445
446
447
449
451
452
454
456
459
461
462
464
465
466
468
473
474
475
477
480
481
484
485
487