1
3
5
6
7
8
9
10
12
14
15
16
17
18
20
22
24
25
26
27
28
29
30
31
32
33
34
36
37
38
39
41
42
43
44
45
46
47
48
49
50
52
53
54
55
56
58
59
60
61
62
63
64
65
66
67
69
71
73
74
75
76
77
78
79
80
82
83
84
85
89
90
91
92
93
95
97
98
101
102
103
104
105
106
107
108
109
110
112
113
116
117
120
121
122
123
124
125
126
127
129
130
133
134
137
138
139
140
141
142
143
144
146
149
150
151
153
154
155
156
157
158
159
161
162
163
164
166
167
168
169
170
172
174
176
177
178
180
181
184
185
186
187
188
189
190
191
192
193
194
196
197
198
202
203
205
208
209
210
211
212
213
214
215
216
217
218
219
220
221
223
224
225
228
229
230
231
232
233
234
235
236
237
238
239
240
241
242
243
244
245
246
247
248
249
250
251
253
254
255
256
258
259
260
261
262
263
264
265
266
267
268
270
271
272
275
276
277
278
279
280
281
282
283
284
285
286
288
290
291
292
294
296
297
298
299
300
301
302
304
307
308
309
310
311
312
313
314
315
316
317
318
319
320
321
322
323
325
326
327
329
330
331
332
333
334
335
336
337
338
339
340
341
342
343
344
345
346
347
348
349
350
354
355
356
357
359
360
361
364
365
366
368
369
372
373
374
375
376
378
379
380
381
382
383
384
385
386
387
389
391
392
393
394
398
399
400
401
402
403
404
405
406
407
408
409
410
411
412
413
414
415
416
417
418
419
420
421
422
429
430
431
432
434
435
436
439
440
441
442
443
445
446
449
451
452
455
456
459
461
462
463
464
465
466
467
468
469
470
471
472
473
474
475
476
477
478
480
482
483
486
487
488
489
490
491
492
493
494
495
496
498
499
501
503
505
506
507
509
510
511
513
514
515
516
518
520
521
522
523
525
526
528
529
530
532
533
534
535
536
537
544
547
549
550
551
552
553
554
557
558
559
560
561
563
564
565
566
568
569
570
573
574
575
576
577
580
581
582
585
586
587
588
589
590
592
594
597
598
599
600
601
602
605
606
607
610
611
612
613
614
615
617
619
622
623
624
625
626
628
629
630
631
632
633
634
635
637
638
639
642
645
646
647
649
652
653
654
656
659
660
661
663
666
667
668
670
673
674
675
676
677
679
680
683
684
685
686
688
689
690
691
693
694
695
696
697
700
702
703
704
705
706
708
709
713
714
715
719
720
721
722
725
726
727
731
732
733
734
735
736
738
741
742
743
746
747
748
750
752
753
756
757
761
762
765
766
769
770
773
774
778
779
782
783
786
787
790
791
795
796
799
800
803
804
807
808
811
812
813
814
815
816
817
818
819
820
821
822
823
824
825
826
827
828
829
830
831
832
833
834
835
836
838
839
840
841
842
843
846
847
848
849
850
851
852
853
854
857
858
859
860
861
862
863
864
865
867
868
869
870
871
873
876
878
880
881
883
886
887
890
891
892
893
894
895
896
897
898
902
903
904
905
906
908
909
910
911
913
914
915
916
917
918
919
920
921
922
923
924
925
926
929
930
931
932
933
934
935
938
939
940
941
942
943
944
945
946
947
948
949
952
953
954
955
956
958
960
963
965
966
967
968
969
970
971
972
973
974
975
976
977
978
979
982
983
984
985
986
990
991
993
994
995
996
997
998
999
1000
1001
1002
1003
1004
1006
1008
1010
1011
1012
1013
1014
1015
1016
1017
1018
1019
1020
1021
1022
1023
1026
1027
1030
1031
1034
1035
1038
1039
1043
1044
1047
1048
1051
1052
1055
1056
1060
1063
1064
1065
1066
1067
1068
1070
1071
1074
1075
1077
1078
1080
1081
1083
1084
1086
1087
1089
1090
1092
1093