1
3
5
6
7
8
9
10
12
14
15
16
17
18
20
22
24
25
27
28
30
33
36
37
38
39
40
41
42
43
44
45
46
48
49
50
52
53
54
55
56
58
59
60
62
63
64
66
67
68
69
71
72
73
74
75
77
79
81
82
83
84
85
86
87
88
89
90
91
93
94
95
96
97
98
99
100
101
102
103
104
105
107
108
109
110
111
113
114
115
116
117
118
120
122
124
125
126
127
128
129
130
131
132
133
134
135
136
137
138
139
140
141
142
143
145
146
147
148
149
150
151
152
153
154
155
156
157
158
159
160
161
162
163
165
166
167
168
169
170
171
173
174
175
176
177
178
180
181
183
186
187
188
189
190
191
192
193
194
195
196
197
198
201
202
203
204
205
206
207
208
209
210
211
212
213
214
215
216
217
218
219