1
3
5
6
7
8
9
10
12
14
15
16
17
18
20
22
24
25
26
27
28
29
30
31
32
33
35
36
37
38
39
41
42
43
44
46
47
48
50
52
53
54
55
56
57
58
59
60
62
64
65
66
67
69
70
72
73
74
75
76
78
79
80
81
82
83
84
85
86
87
88
89
90
91
92
93
94
95
96
97
98
101
102
103
104
105
106
107
108
110
111
112
113
114
115
117
118
119
120
121
122
123
124
125
126
127
128
131
132
133
134
135
136
138
140
142
143
144
145
146
147
148
150
152
156
157
158
159
160
161
163
165
167
169
171
172
175
177
178
181
183
184
189
190
191
192
193
194
195
196
197
198
199
200
201
203
204
205
207
208
210
211
213
215
216
218
219
220
221
222
223
224
225
226
227
229
232
233
234
235
236
237
238
239
240
241
242
243
244
245
246
247
248
249
250
251
253
254
255
257
258
259
260
262
263
264
266
268
269
270
271
272
273
274
275
276
278
279
280
282
283
285
286
288
289
291
292
293
295
296
297
299
301
302
303
304
305
306
309
311
312
313
315
316
318
320
323
324
325
326
328
330
331
332
333
334
335
336
337
338
339
340
343
345
346
347
348
349
352
353
354
355
356
357
359
362
363
364
365
366
367
369
372
373
374
375
376
377
379
382
383
384
385
386
387
389
392
393
394
395
396
397
398
399
400
401
402
403
404
405
406
407
408
409
410
411
412
413
414
415
416
417
418
420
421
422
423
425
427
430
431
432
433
434
435
436
437
438
439
441
442
443
445
447
450
451
452
453
454
455
457
458
459
462
463
465
466
467
468
471
472
473
474
475
476
477
478
479
480
482
484
486
489
491
494
496
499
501
504
506
507
508
509
510
511
512
513
514
515
517
518
520
521
523
525
526
528
529
530
531
532
534
535
536
537
538
539
540
541
542
543
544
545
546
550
551
553
554
555
556
557
558
559
560
561
562
565
567
568
569
570
571
572
573
575
577
578
579
580
581
582
583
584
587
588
589
590
591
592
593
594
596
598
599
600
601
602
603
604
605
606
607
608
610
612
613
614
615
617
618
619
620
624
625
626
627
628
629
630
631
632
633
635
637
639
640
641
642
643
644
646
648
649
650
651
652
654
656
658
659
660
661
662
667
668
669
670
671
673
675
677
679
681
682
685
686
687
688
689
690
691
692
695
696
697
698
700
701
704
706
707
708
709
710
711
712
713
714
716
717
718
719
722
723
724
725
726
728
731
732
734
735
737
738
739
740
741
742
743
744
745
746
748
751
752
753
754
755
756
757
759
760
762
763
765
767
768
770
771
772
773
774
776
777
778
779
780
781
782
785
786
788
789
790
793
794
796
797
798
801
803
804
805
807
808
809
810
811
812
814
815
816
817
818
819
821
825
826
828
830
831
834
835
836
837
838
839
840
842
843
844
845
846
847
848
849
853
854
855
856
857
858
859
861
862
864
866
867
868
869
870
871
872
874
875
876
877
879
880
881
882
883
884
885
887
888
890
891
892
893
894
896
898
900
901
902
903
904
906
908
909
910
911
912
913
914
915
916
917
918
919
920
921
922
924
926
927
929
930
932
934
937
938
939
941
942
943
946
947
948
950
951
952
953
955
958
959
960
961
963
966
967
968
969
971
973
978
979
982
984
986
988
989
990
991
992
993
994
995
996
997
998
1000