1
3
5
6
7
8
9
10
12
14
15
16
17
18
20
22
24
26
28
30
31
32
33
34
35
36
38
39
40
42
44
45
46
47
49
50
51
52
54
56
57
59
60
61
62
63
64
66
69
70
71
72
73
74
76
78
81
84
85
86
87
88
89
90
91
93
94
96
97
99
100
102
103
106
107
108
110
111
113
114
117
118
119
120
121
123
124
127
128
130
131
135
136
137
138
139
140
141
142
143
144
145
146
147
148
149
150
151
152
153
155
156
157
158
160
161
162
163
165
167
168
169
170
172
173
175
177
178
179
180
182
184
185
188
190
191
192
193
194
195
196
197
199
200
202
203
204
206
208
209
212
213
218
219
220
221
222
223
224
225
226
227
228
229
231
233
234
235
237
239
240
241
242
243
244
249
250
251
252
253
254
256
258
259
260
261
262
263
264
265
266
267
268
269
270
271
272
273
274
275
277
278
280
284
285
286
287
288
289
290
291
292
293
295
297
298
299
301
305
306
308
310
311
313
314
316
319
320
321
322
323
324
325
326
327
328
329
330
331
332
333
334
336
337
339
340
343
344
346
348
349
350
352
353
356
358
359
360
361
362
363
364
366
368
369
371
372
374
375
379
381
382
383
384
386
387
389
390
391
392