1
3
5
6
7
8
9
10
12
14
15
16
17
18
20
22
24
26
28
29
32
34
35
37
39
41
43
45
47
49
50
52
53
55
56
57
58
59
61
62
64
66
67
68
69
70
71
72
73
74
75
76
77
78
79
80
82
83
85
86
87
90
91
92
93
94
95
96
97
98
99
100
101
102
103
104
105
106
107
108
109
110
111
112
113
114
115
116
117
118
119
120
121
122
123
124
125
126
127
129
130
132
134
135
136
137
138
143
144
145
146
148
149
150
151
152
153
154
157
158
159
160
161
162
164
165
166
167
168
169
171
173
174
175
176
177
178
181
182
183
184
185
188
189
192
193
194
195
196
197
199
202
203
204
205
206
207
209
211
212
214
215
217
219
221
222
223
224
226
228
232
235
236
237
238
239
240
241
242
243
244
245
246
247
249
250
251
252
254
256
257
258
259
260
261
262
263
265
266
267
268
270
271
272
274
275
276
277
279
280
281
284
286
287
288
289
290
291
294
296
297
298
300
301
302
303
304
305
309
310
311
314
316
318
319
322
323
325
328
329
330
331
332
334
336
339
340
341
342
343
344
345
346
347
348
349
350
351
352
353
354
355
356
357
358
359
360
361
362
363
364
365
367
368
369
370
371
373
376
378
380
383
384
385
386
387
388
389
390
392
393
394
395
397
398
400
405
406
407
408
409
410
411
412
413
414
415
416
417
419
420
424
425
426
427
428
429
430
431
432
433
434
435
436
437
438
439
441
443
444
445
446
447
448
450
452
454
455
457
458
459
460
462
463
464
465
468
470
471
472
473
474
475
476
478
480
483
486
487
488
489
490
491
492
493
494
496
497
498
500
501
502
503
504
505
506
508
509
511
513
514
517
518
519
521
523
524
525
526