1
3
5
6
7
8
9
10
12
14
15
16
17
18
20
21
23
24
25
26
28
29
30
31
33
34
35
36
37
38
40
41
42
43
44
47
49
51
52
53
54
55
56
57
58
59
60
61
62
63
64
66
69
70
71
72
73
74
75
76
77
78
79
80
81
82
83
84
85
86
87
88
89
90
91
93
94
96
97
98
100
102
103
105
106
107
109
110
111
112
113
117
118
120
121
123
124
125
126
128
129
130
132
133
135
136
138
139
140
142
143
144
145
146
147
148
149
151
152
153
154
155
156
157
159
160
162
163
164
165
166
168
169
171
172
173
175
176
179
180
181
182
184
186
187
188
189
190
191
193
194
197
198
200
201
205
206
207
208
210
212
214
216
218
219
221
225
226
227
228
230
233
236
237
238
240
243
246
247
248
249
251
253
255
256
257
258
259
260
261
263
264
265
267
268
269
270
271
273
274
275
277
278
279
281
282
283
285
286
287
289
290
291
293
294
295
296
297
299
300
301
302
303
304
305
306
307
308
311
312
313
315
316
317
318
319
320
321
324
325
326
327
328
330
331
332
334
335
336
338
339
340
342
343
344
346
347
349
350
352
355
356
357
359
361
362
363
365
366
368
369
370
372
373
376
377
378
380
381
384
385
386
387
389
390
393
394
395
397
399
400
401
403
404
406
407
408
409
411
412
413
414
415
416
417
418
420
421
422
423
425
426
428
429
430
431
433
434
436
437
438
439
441
443
444
445
446
448
449
451
452
455
456
457
459
460
462
463
465
466
468
469
470
472
473
474
475
476
478
479
481
482
484
485
487
488
490
491
493
494
496
497
499
500
502
503
505
506
508
509
511
512
514
515
516
517
518
519
520
521
522
523
524
525