1
3
5
6
7
8
9
10
12
14
15
16
17
18
20
22
24
26
28
30
32
33
34
36
38
39
40
41
43
45
46
48
49
51
53
55
56
58
59
61
62
64
65
66
67
68
70
72
73
74
75
77
78
79
80
81
83
84
85
86
89
90
91
92
94
95
96
97
98
100
101
103
104
105
106
108
109
111
113
114
115
116
118
119
120
121
122
123
125
128
130
133
134
135
136
137
139
142
143
144
145
146
147
148
149
151
153
154
156
158
160
161
162
163
164
165
166
168
169
170
171
174
178
179
180
181
182
183
185
187
189
191
192
194
196
198
199
206
207
208
209
210
211
213
215
217
218
219
221
223
227
228
229
230
231
232
233
234
235
236
237
239
240
241
242
244
245
247
249
250
251
252
253
255
257
259
260
261
263
264
266
267
268
269
270
278
279
280
281
282
283
284
285
286
288
291
292
293
294
295
296
297
298
299
300
301
302
303
304
306
307
308
310
311
312
313
314
316
317
318
321
322
323
324
327
328
329
330
331
332
333
334
335
336
337
338
339
340
341
342
343
344
346
348
349
351
353
355
356
357
358
364
365
366
367
368
369
370
371
372
373
374
375
376
377
378
379
380
381
382
383
384
385
386
387
388
389
390
392
393
394
395
396
398
401
402
404
406
408
410
411
416
417
418
419
420
423
424
425
426
427
428
429
430
431
432
434
436
438
440
442
443
447
450
451
452
453
454
455
456
457
458
459
461
462
463
465
467
469
471
472
473
474
476
478
479
481
482
484
486
487
488
489
490
491
492
494
495
496
499
500
501
504
505
506
507
508
515
518
519
521
523
524
525
526
527
529
532
533
534
535
536
537
538
539
540
541
543
544
545
546
548
551
552
553
554
555
556
557
558
559
560
561
562
564
566
567
569
570
571
573
574
575
580
581
582
584
585
587
588
589
593
595
598
599
600
602
604
605
606
608
610
611
612
613
615
616
617
618
619
622
624
626
628
629
630
631
632
633
634
637
638
639
640
641
643
644
645
646
648
650
651
652
653
654
655
656
660
662
663
664
665
666
667
669
670
672
675
676
678
680
681
683
684
687
689
690
691
692
694
695
697
701
702
703
704
707
708
709
710
711
712
713
714
715
716
718
721
722
723
724
729
731
734
735
736
737
739
741
743
745
747
748
749
751
752
753
754
755
756
757
758
760
761
762
767
768
771
772
774
779
780
781
782
783
784
785
786
787
788
792
793
794
795
796
797
798
799
800
801
802
803
805
807
808
809
810
811
813
815
816
817
818
820
822
823
825
826
827
828
830
832
833
834
835
838
840
842
843
844
845
847
848
849
851
853
854
855
856
859
860
863
864
865
869
871
872
874
875
878
879
880
882
883
885
886
889
890
893
894
895
897
899
901
902
903
904
905
906
907
909
910
911
914
915
916
919
922
923
924
925
927
929
931
933
937
940
941
942
943
944
945
946
947
948
949
950
951
953
954
956
958
961
962
963
964
965
966
967
968
970
972
975
977
979
981
982
984
989
992
993
995
997
999
1001
1003
1004
1005
1006
1007
1008
1010
1011
1012
1013
1014
1015
1016
1017
1018
1020
1021
1022
1026
1028
1030
1032
1033
1038
1041
1042
1044
1045
1046
1048
1050
1052
1053
1055
1057
1059
1060
1061
1063
1065
1068
1070
1072
1073
1074
1076
1079
1081
1083
1084
1086
1088
1089
1090
1092
1094
1095
1097
1099
1101
1103
1106
1107
1108
1109
1110
1111
1112
1113
1114
1115
1116
1117
1118
1120
1121
1122
1123
1124
1125
1127
1130
1132
1134
1136
1138
1140
1141
1142
1143
1145
1147
1152
1156
1157
1158
1159
1160
1161
1162
1163
1164
1165
1166
1168
1171
1172
1173
1174
1175
1176
1177
1178
1179
1180
1182
1184
1186
1189
1190
1191
1193
1195
1199