1
3
5
6
7
8
9
10
12
14
15
16
17
18
20
22
24
25
26
27
28
29
30
31
32
34
36
39
40
41
42
43
44
47
48
49
52
53
54
57
58
59
62
63
64
67
68
69
72
73
74
77
78
79
82
83
86
87
90
91
95
96
97
100
101
102
105
106
109
110
111
115
116
117
120
121
122
125
126
130
131
134
135
139
140
143
144
151
152
153
156
157
160
161
164
165
166
169
170
173
174
177
178
179
182
183
184
187
188
191
192
193
194
195
196
197
198
199
200
201
202
203
205
206
207
210
211
212
213
214
215
216
217
218
219
220
221
222
223
226
227
228
231
232
233
236
237
238
241
242
243
246
247
248
251
252
253
256
257
258
261
262
263
264
265
266
267
268
269
270
271
272
273
274
275
279
280
281
282
283
284
285
286
287
288
290
291
292
295
296
297
298
299
300
301
302
303
304
306
307
308
311
312
313
314
315
316
317
318
319
320
322
323
324