1
3
5
6
7
8
9
10
12
14
15
16
17
18
20
22
24
25
26
28
29
30
31
32
33
34
35
36
37
38
40
41
42
43
44
45
46
47
48
49
50
51
52
53
54
55
56
57
58
59
60
61
62
63
64
65
66
67
68
69
70
71
72
73
74
75
76
77
78
79
80
81
82
84
85
87
88
89
90
91
92
94
95
96
98
99
101
102
103
104
105
106
107
108
109
110
111
112
113
114
115
117
118
119
121
122
123
124
125
126
127
128
129
130
132
134
135
136
137
138
139
142
144
145
148
149
150
151
152
153
154
155
156
157
159
161
162
163
164
165
168
170
171
172
173
175
176
177
178
181
182
183
185
186
187
188
189
190
191
193
196
197
198
199
200
201
203
206
207
208
209
210
211
213
216
217
218
219
220
221
222
224
227
228
229
230
231
232
234
235
236
237
238
241
242
243
244
245
246
247
248
249
250
252
254
255
257
258
260
261
262
263
264
266
270
271
272
273
274
275
277
280
281
282
283
284
285
286
288
291
292
293
294
295
296
297
298
299
300
301
303
305
307
308
309
310
312
315
317
319
320
321
324
326
328
329
332
334
335
339
341
344
345
346
347
348
349
350
352
355
356
357
358
359
360
361
363
366
367
368
369
370
371
372
374
377
378
379
380
381
382
383
384
385
386
387
389
390
391
393
394
397
400
401
402
403
404
405
407
410
411
412
413
414
415
417
420
421
422
423
424
425
427
430
431
432
433
434
435
437
440
441
442
443
444
445
447
450
451
452
453
454
456
458
460
461
464
467
468
469
470
471
472
473
474
475
477
478
479
481
483
484
485
486
488
491
492
493
494
495
496
497
498
499
500
501
502
503
504
506
508
510
511
513
516
520
521
522
523
524
525
527
530
531
532
533
534
535
537
540
541
542
543
544
545
547
549
551
552
555
558
559
560
561
562
563
564
566
567
568
569
572
573
574
575
576
577
579
580
581
584
585
586
587
588
589
590
591
593
594
596
598
601
605
606
607
608
609
610
611
612
613
614
615
617
618
619
621
623
625
626
627
628
629
632
633
635
637
639
641
646
647
648
649
650
651
652
653
654
655
656
657
658
659
660
661
662
664
665
666
667
668
670
672
674
675
676
677
678
681
682
683
685
687
689
690
692
695
696
697
698
699
700
701
702
703
704
705
706
707
708
710
711
712
713
714
715
718
720
721
722
723
724
725
726
727
729
732
738
739
740
742
743
745
746
747
749
750
751
752
753
756
757
758
759
760
761
763
764
765
767
768
769
771
772
774
776
777
779
780
783
784
785
789
790
791
792
793
794
796
799
800
801
802
803
804
806
809
810
811
813
814
815
816
817
818
820
822
823
824
825
826
827
828
830
831
832
833
834
836
838
842
843
844
845
846
847
848
850
853
854
855
856
857
858
859
860
861
863
866
867
868
869
870
871
873
876
877
878
879
880
881
882
884
885
888
889
890
891
892
893
894
895
896
898
900
903
904
905
906
907
908
909
910
911
913
916
917
918
919
920
921
923
926
927
928
929
930
931
932
934
935
939
940
941
942
943
944
945
946
947
948
950
952
953
955
957
959
960
964
965
966
967
968
969
970
971
972
974
977
978
979
980
981
982
983
984
985
986
988
991
992
993
994
995
996
997
998
999
1000
1002
1005
1006
1007
1008
1009
1010
1012
1015
1016
1017
1018
1019
1020
1021
1022
1023
1026
1027
1028
1029
1032
1033
1034
1035
1036
1037
1038
1039
1040
1041
1042
1043
1044
1045
1047
1050
1051
1052
1053
1054
1055
1056
1057
1058
1059
1060
1061
1062
1063
1064
1065
1067
1071
1072
1073
1074
1075
1076
1077
1078
1079
1080
1081
1082
1083
1084
1086
1089
1090
1091
1092
1093
1094
1095
1096
1097
1098
1099
1100
1101
1102
1103
1104
1106
1109
1110
1111
1112
1113
1114
1115
1116
1117
1118
1120
1123
1124
1125
1126
1127
1128
1129
1131
1132
1134
1135
1136
1137
1139
1142
1143
1144
1145
1146
1147
1148
1150
1151
1153
1154
1156
1159
1160
1161
1162
1163
1164
1165
1166
1167
1168
1170
1171
1173
1174
1176
1178
1179
1180
1183
1187
1188
1189
1191
1192
1193
1194
1196
1197
1200
1201
1202
1203
1204
1205
1206
1207
1208
1210
1212
1213
1215
1217
1219
1220
1221
1225
1228
1229
1230
1231
1232
1233
1234
1235
1236
1237
1239
1240
1241
1242
1244
1246
1248
1249
1251
1253
1254
1255
1256
1260
1262
1263
1265
1267
1268
1270
1271
1273
1276
1277
1278
1281
1282
1284
1285
1287