1
3
5
6
7
8
9
10
12
14
15
16
17
18
20
22
24
26
28
30
31
32
34
36
38
39
40
41
43
45
47
49
51
52
53
54
56
57
58
60
61
62
63
64
65
66
67
68
70
71
74
75
76
77
78
80
83
84
85
86
88
91
92
93
94
95
96
98
101
102
103
104
105
106
108
110
112
113
114
116
118
122
123
124
125
126
127
128
129
130
131
132
133
134
135
136
137
138
139
141
142
144
146
148
150
152
156
157
159
160
161
163
167
168
169
170
171
173
174
175
177
178
179
180
182
183
184
185
187
189
190
191
192
193
197
198
199
200
201
202
203
204
205
206
207
208
210
211
212
214
216
217
219
221
222
223
224
226
227
228
229
230
231
233
236
237
238
239
240
242
244
246
248
249
251
253
257
258
259
261
263
266
267
268
269
270
271
273
275
280
281
282
283
285