1
2
3
4
5
6
7
8
9
10
11
12
13
14
15
16
17
19
20
21
22
23
25
26
27
28
29
30
31
32
33
34
36
37
38
39
40
41
42
43
44
45
46
47
48
49
50
51
52
53
54
55
56
57
58
59
60
61
62
63
64
65
66
67
68
71
72
73
74
75
76
77
78
79
80
81
82
83
84
85
88
89
90
91
92
93
94
97
98
99
100
101
104
105
106
107
108
109
110
114
115
116
117
118
121
122
123
124
125
126
128
131
132
133
134
135
138
139
140
141
142
143
145
148
149
150
151
152
155
156
157
158
159
162
163
164
165
166
169
170
171
172
173
174
177
178
181
182
185
186
189
190
191
192
193
195
196
197
198
199
200
201
202
203
205
206
207
212
213
214
215
216
217
218
219
224
225
226
227
228
229
230
234
235
236
237
238
239
242
243
244
245
246
247
248
249
251
254
255
258
259
260
261
262
265
266
267
268
270
273
274
275
276
277
278
279
280
281
282
283
288
291
292
293
294
295
296
297
298
299
300
301
303
304
307
308
309
310
311
312
315
316
317
318
319
320
321
323
326
327
328
329
330
332
333
336
337
338
339
340
343
344
345
346
347
348
349
350
353
354
355
356
357
358
359
360
363
364
365
368
369
370
371
372
373
375
378
379
380
381
382
386
387
388
389
392
393
394
395
397
400
401
402
406
407
408
412
413
414
415
416
417
418
419
420
421
422
423
424
425
426
427
429
431
435
436
437
438
439
440
441
442
443
444
445
446
447
448
449
450
451
454
455
457
459
460
461
462
463
464
468
469
470
474
475
476
477
478
479
480
483
484
487
488
489
490