1
2
3
4
5
6
7
8
9
10
11
12
13
14
15
16
17
19
20
21
22
23
25
26
27
28
29
30
31
32
33
34
36
37
38
39
40
41
42
43
44
46
47
49
52
53
56
57
60
61
62
63
64
66
67
68
69
70
71
72
73
75
76
77
78
80
81
83
84
85
86
87
88
89
90
91
93
94
95
96
97
98
99
100
102
103
104
105
106
107
108
109
110
111
112
113
114
116
121
122
123
124
125
126
127
128
129
132
133
134
137
141
142
145
146
147
148
152
153
154
156
157
160
161
162
163
164
165
166
169
170
171
172
175
178
179
181
182
183
184
185
191
192
195
196
200
201
204
205
206
207
209
211