1
2
3
4
5
6
7
8
9
10
11
12
13
14
15
16
17
19
20
21
22
23
24
25
27
28
29
30
31
32
33
34
35
36
37
38
39
41
43
44
45
46
47
49
50
51
52
53
54
55
56
57
58
59
60
64
65
68
69
72
73
76
77
78
79
80
81
82
83
84
85
86
87
88
89
90
91
92
93
94
95
98
99
103
104
105
106
108
111
112
113
114
115
116
122
123
124
125
126
127
128
129
130
133
134
135
136
137
138
139
141
142
143
144
145
146
147
148
149
150
151
152
153
154
155
156
157
161
162
163
166
167
169
172
173
174
177
178
179
180
181
182
183
184
185
187
188
189
190
191
192
193
194
195
196
197
199
200
204
205
206
207
208
209
211
212
213
217
218
219
220
223
224
225
226
229
230
233
234
235
236
237
238
239
240
241
242
243
244
245
246
247
251
252
253
254
255
256
257
258
259
260
261
263
264
267
268
271
272
276
277
278
279
280
281
282
283
284
285
286
293
294
295
296
297
298
299
301
302
306
307
308
309
310
311
312
313
316
317
318
320
323
324
325
326
327
328
329
330
331
332
333
334
335
336
337
338
344
347
348
349
350
351
354
355
356
357
358