1
2
3
4
5
6
7
8
9
10
11
12
13
14
15
16
17
19
20
21
22
23
25
26
27
28
30
31
32
33
34
35
37
38
39
40
41
42
43
44
45
46
47
48
49
50
51
53
54
55
56
57
58
59
62
63
66
67
70
71
72
75
76
77
78
79
80
81
82
84
85
88
89
90
93
94
95
96
97
99
102
103
104
107
108
109
110
111
112
113
114
116
119
120
121
122
126
127
128
129
133
134
135
136
137
138
140
143
144
145
146
147
148
149
150
151
152
153
154
157
159
162
163
166
167
170
171
172
175
176
180
181
184
185
186
187
188
189
190
191
192
193
194
195
196
197
198
199
200
201
204
206
207