1
2
3
4
5
6
7
8
9
10
11
12
13
14
15
16
17
19
20
21
22
23
24
25
26
28
30
31
32
33
34
35
36
37
38
39
40
41
42
43
44
45
46
47
48
49
50
51
52
53
54
55
56
57
58
59
60
61
63
64
65
66
68
70
71
72
74
75
76
77
79
80
81
82
83
84
86
87
88
89
90
91
93
94
95
96
99
100
101
105
106
107
108
109
110
111
112
113
114
115
116
117
118
119
120
125
128
129
130
131
132
134
137
138
141
142
143
144
145
146
147
148
151
152
155
158
159
160
161
162
163
164
166
167
170
171
172
173
174
175
176
177
178
179
180
181
182
183
184
185
186
187
188
189
190
193
194
195
196
197
202
203
204
205
206
207
209
210
212
213
214
215
219
220
223
224
226
227
229
231
232
233
234
236
237
238
239
241
244
245
249
250
252
253
254
255
256
258
259
260
261
264
265
266
267
268
269
273
274
275
276
277
278
279
280
281
285
286
291
292
294
296
298
299
302
303
306
307
309
310
311
312
314
318
319
321
323
324
325
328
329
330
333
334
335
336
338
341
342
343
345
346
347
350
351
352
355
356
357
358
360
364
365
366
367
369
370
372
373
374
375
376
378
379
381
383
385
386
388
389
390
391
392
395
396
400
401
402
404
405
406
407
410
412
413
416
417
418
419
420
421
422
423
424
425
426
430
433
435
436
439
441
442
443
444
446
448
450
451
452
453
454
457
458
459
461
462
464
465
466
467
468
469
472
473
475
476
477
479
480
481
482
483
486
487
489
490
491
492
493
495
496
497
498
501
502
503
504
512
513
514
515
518
519
520
524
525
526
527
528
529
530
532
534
535
536
537
538
539
540
541
542
545
547
548
549
550
552
553
554
555
559
560
561
564
565
566
567
568
572
573
576
577
578
579
580
581
583
586
587
588
589
590
591
592
594
597
598