1
2
3
4
5
6
7
8
9
10
11
12
13
14
15
16
17
19
20
21
22
23
24
25
26
27
28
29
31
32
33
34
35
36
37
38
39
40
41
42
43
44
45
46
47
48
49
50
51
52
53
54
55
56
57
58
59
60
61
62
63
64
65
66
67
68
69
70
71
72
74
75
76
77
78
79
81
82
83
84
85
86
87
88
89
90
91
92
93
94
95
96
97
98
99
100
101
102
103
104
105
106
107
108
109
110
111
113
114
116
117
118
119
122
124
125
126
127
130
131
132
133
134
137
138
139
141
142
143
146
147
150
152
153
154
157
158
161
162
163
164
165
166
167
168
169
170
171
172
173
174
178
179
180
181
185
186
187
188
189
190
191
192
193
194
195
198
199
200
201
202
203
204
205
211
212
213
214
215
216
218
219
220
225
226
227
228
229
230
231
237
238
239
240
241
242
243
249
250
251
253
255
256
257
258
259
260
261
263
264
266
268
269
270
275
276
277
278
279
280
281
282
283
284
285
286
287
288
290
291
293
294
295
296
297
298
300
301
302
303
304
305
306
307
308
309
310
311
313
314
315
316
317
318
324
325
326
327
328
329
330
331
333
334
335
336
337
338
339
340
341
342
343
344
345
350
351
353
354
355
356
357
358
359
360
361
362
365
366
367
368
373
374
375
376
377
378
380
381
382
383
386
390
391
392
393
394
395
396
397
398
399
400
402
403
404
405
406
407
408
409
410
411
412
413
414
415
416
417
418
420
421
422
423
424
425
426
427
428
429
430
431
434
435
436
437
441
442
443
444
445
446
447
448
452
453
454
459
460
461
462
463
464
465
466
467
469
471
472
473
474
475
477
479
480
481
482
484
486
487
488
490
491
492
495
496
497
498
499
500
501
502
504
506
507
508
509
510
512
514
515
516
517
518
520
521
522
523
524
525
529
530
531
532
533
534
535
538
542
543
544
548
549
550
551
555
556
559
560
561
562
563
564
565
566
568
569
572
573
574
575
576
577
578
579
580
581
582
583
584
587
589
590
591
592
593
594
595
597
599
600
601
602
603
604
605
606
607
608
609
610
611
612
614
615
620
623
624
625
628
629
630
631
632
633
634
635
636
637
638
639
641
642
643
644
645
646
647
648
649
652
653
654
659
660
661
662
663
666
667
668
669
670
671
674
675
676
677
678
681
682
683
684
685
688
689
690
691
692
695
696
697
698
699
700
703
704
705
706
707
710
711
712
713
714
717
718
719
720
721
724
725
726
727
728
731
732
733
734
735
738
739
740
741
742
745
746
747
748
749
753
756
757
758
760
761
762
763
766
767
768
770
771
772
773
776
777
778
779
782
783
784
785
786
787
788
789
790
791
794
795
799
800
801
802
803
804
805
806
807
810
811
814
816
819
820
821
822
823
824
825
826
827
828
829
830
831
833
834
840
841
842
843
844
845
846
847
849
852
853
854
855
859
860
861
862
863
865
866
869
870
871
872
873
874
876
878
879
882
883
884
885
886
887
889
890
891
892
893
894
896
897
899
902
903
904
905
906
908
909
910
913
914
915
916
917
918
923
924
927
928
929
932
934
936
938
941
943
944
947
948
949
950
954
955
958
959
962
963
966
967
970
971
974
975
978
979
982
983
984
985
986
987