1
2
3
4
5
6
7
8
9
10
11
12
13
14
15
16
17
19
20
21
22
23
24
25
26
27
28
30
31
32
33
34
36
37
38
39
40
41
42
43
44
45
46
47
48
49
50
51
52
53
54
56
57
58
59
60
61
62
63
64
65
66
67
68
69
70
71
72
73
74
75
76
77
78
79
80
81
82
83
84
85
86
87
88
89
90
91
92
94
96
97
99
100
102
103
104
105
106
107
108
109
110
111
112
114
115
116
118
120
121
122
123
124
125
127
128
129
130
131
132
133
134
135
136
137
138
139
140
141
142
143
144
145
146
147
148
149
150
151
153
154
157
159
160
164
165
168
169
173
174
175
177
178
179
180
181
182
183
184
185
186
188
189
190
191
194
195
196
197
198
199
200
201
202
203
204
205
206
209
210
211
212
214
215
217
218
219
220
221
222
225
226
230
231
234
235
238
239
242
243
244
245
246
249
250
253
254
255
256
257
258
261
262
263
264
265
268
269
270
271
272
275
276
277
278
279
282
283
284
285
286
287
288
291
292
293
294
295
298
299
300
301
302
305
306
307
308
309
312
313
314
315
316
317
318
319
320
321
322
323
326
327
328
329
330
331
332
333
334
335
336
337
340
341
342
343
344
345
346
347
348
349
350
351
352
353
354
355
356
357
358
361
362
363
364
367
368
370
371
373
374
378
379
382
383
384
385
386
387
388
391
392
393
394
395
396
397
398
399
400
401
402
403
404
405
406
408
409
410
411
412
413
414
416
417
418
419
420
422
423
424
425
427
428
429
431
434
435
436
440
441
442
443
444
445
446
447
448
449
450
451
452
453
454
456
457
458
459
462
463
465
468
469
470
471
472
473
474
475
476
477
480
481
482
483
484
488
491
492
493
494
495
496
497
498
499
500
501
502
503
504
505
506
507
508
509
513
514
516
517
518
519
520
521
524
525
528
529
530
532
535
536
537
538
539
540
541
542
543
544
545
546
548
549
550
551
552
553
556
557
560
561
562
565
566
567
568
569
570
571
572
573
574
575
576
577
578
579
580
581
582
583
584
588
589
590
591
592
593
594
595
596
599
600
601
602
603
604
605
606
607
608
612
613
614
615
617
618
619
620
621
622
623
624
628
629
634
635
637
638
639
640
641
642
644
645
646
647
648
649
650
651
652
653
654
657
658
660
661
662
663
664
668
669
671
672
673
674
675
678
679
683
684
685
686
687
688
692
693
694
695
696
697
698
699
700
701
705
706
709
710
711
713
716
717
718
721
722
723
724
725
727
728
733
734
735
737
738
739
740
741
742
743
744
745
746
747
748
749
750
751
752
753
754
755
757
759
760
761
762
766
767
768
769
770
771
776
778
779
780
781
782
783
784
785
786
787
788
791
792
793
796
797
798
804
805
806
807
808
809
810
811
813
814
815
816
821
822
823
824
825
826
827
828
829
830
833
834
835
836
837
838
840
842
843
844
846
847
852
853
854
856
859
860
861
862
863
864
865
866
867
868
869
874
875
876
879
880
881
882
885
886
887
890
891
892
893
894
896
897
898
899
900
901
902
903
905
906
908
909
911
912
913
916
917
918
919
920
921
922
924
925
928
929
930
934
935
938
939
943
944
945
946
947
948
949
950
951
952
953
954
955
959
960
961
962
963
964
965
966
967
969
970
971
972
973
974
975
976
978
980
981
982
983
986
987
988
989
991
995
996
997
999
1000
1004
1005
1008
1009
1010
1012
1013
1014
1017
1018
1019
1022
1023
1027
1028
1029
1030
1031
1032
1033
1034
1035
1036
1037
1038
1039
1040
1041
1042
1043
1044
1046
1049
1052
1053