1
2
3
4
5
6
7
8
9
10
11
12
13
14
15
16
17
19
20
21
22
24
26
27
28
29
30
31
32
33
34
35
36
38
39
40
41
42
43
44
46
48
50
52
53
55
57
58
61
62
65
66
67
68
69
70
72
75
76
77
78
79
80
82
85
86
87
88
89
90
91
92
94
95
96
97
102
103
105
108
109
111
114
115
116
117
120
121
126
127
128
129
132
133
138
139
140
141
142
143
144
146
149
150
151
152
153
155
158
159
160
161
162
164
165
166
167
168
171
172
174
178
179
180
181
182
183
186
189
192
193
194
195
196
197
198
199
200
202
203
207
208
209
210
211
213
214
217
218
219
220
221
224
225
228
229
233
234
235
236
237
238
239
242
243
244
245
246
249
250
253
254
258
259
260
261