1
2
3
4
5
6
7
8
9
10
11
12
13
14
15
16
17
19
20
21
22
23
24
25
26
27
29
30
31
32
33
34
35
37
38
39
40
41
42
43
44
45
46
47
48
50
51
52
53
54
55
56
57
58
59
60
61
62
64
65
68
69
70
71
74
75
76
77
78
79
81
82
83
84
85
86
87
89
90
91
95
96
97
98
100
101
103
105
107
108
109
110
111
112
116
118
119
120
123
126
127
128
129
130
131
132
133
134
135
136
137
138
139
140
143
144
147
148
149
150
151
152
153
154
155
156
157
158
159
160
161
163
166
167
168
169
170
171
172
173
174
175
176
180
181
182
183
184
185
186
187
188
189
190