1
2
3
4
5
6
7
8
9
10
11
12
13
14
15
16
17
19
20
21
22
23
24
25
26
27
28
29
30
31
32
33
34
35
36
37
39
40
41
42
43
44
48
49
50
51
52
53
55
56
57
58
59
60
62
64
65
67
68
69
70
71
72
74
76
78
79
80
81
82
83
85
86
88
89
91
92
93
95
96
97
98
99
101
102
105
106
109
110
111
112
115
116
118
119
120
122
123
124
125
128
129
130
134
135
136
137
138
139
140
141
142
143
144
145
149
150
151
152
153
154
155
156
158
159
163
164
165
167
168
169
170
173
174
175
176
177
178
179
183
185
186
187
190
193
194
195
196
197
199
203
204
205
206
207
209
210
211
212
213
215
216
218
219
222
223
224
225
226
227
228
229
231
232
233
234
235
236
240
241
242
244
245
246
247
248
250
251
252
253
254
255
258
259
262
263
264
266
267
268
269
270
271
272
273
274
277
280
281
282
283
284
285
286
289
291
292
295
296
297
298
299
300
302
305
306
307
308
309
310
312
315
316
319
320
321
323
324
325
326
327
328
329
330
331
334
335
336
340
342
343
344
346
347
348
349
350
352
353
354
355
356
358
359
360
361
362
363
365
368
369
370
371
372
373
375
379
380
381
385
386
387
388
389
394
395
396
397
402
403
404
405
407
408
409
410
412
413
417
418
419
421
422
423
424
425
426
429
430
434
435
436
437
438
441
442
446
448
449
450
451
453
456
457
458
459
460
461
462
463
464
465
466
467
468
469
470
474
475
476
477
478
481
482
483
484
485
488
489
492
493
496
498
499
500
501
502
503
504
505
506
507
508
509
510
511
512
515
516
519
521
522
523
524
525
526
527
528
532
533
534
535
536
537
540
541
542
543
544
549
550
551
554
555
557
558
559
560
561
562
563
564
565
566
567
568
570
571
575
576
577
578
579
580
581
582
583
584
585
590
591
592
593
594
595
598
599
600
601
602
607
608
609
610
611
612
613
614
616
619
620
621
623
626
627
628
629
632
633
634
637
638
639
642
643
646
647
648
649
650
651
652
656
657
660
661
664
665
668
669
672
673
676
677
680
681
684
685
688
689
692
693
696
697
700
701
704
705
708
709
710
711
714
715
716
717
718
719
722
723
724
725
726
727
729
732
733
734
735
736
737
739
740
742