1
2
3
4
5
6
7
8
9
10
11
12
13
14
15
16
17
19
20
21
22
23
24
25
26
27
28
29
30
31
32
33
34
35
36
37
38
39
40
41
42
43
44
45
46
47
48
49
50
51
52
53
54
55
56
57
58
59
60
61
62
63
64
65
66
67
68
69
70
73
74
75
76
77
78
79
80
81
82
83
84
85
86
87
88
89
90
91
92
93
94
95
96
97
98
99
100
103
105
107
108
109
113
114
115
116
117
120
121
122
123
124
125
128
129
130
131
132
133
134
137
138
139
140
141
142
143
144
145
149
151
152
153
154
155
156
157
158
159
160
162
163
164
165
166
167
168
170
171
172
173
174
175
176
179
180
182
185
186
189
190
193
194
195
200
201
202
205
207
208
209
210
211
212
214
215
216
217
218
219
220
221
222
224
227
228
229
230
231
232
233
235
236
237
238
239
242
243
246
247
248
249
250
251
252
253
254
255
256
257
258
259
260
261
262
266
267
268
269
270
271
272
273
274
275
276
277
278
279
280
281
282
283
284
285
286
290
293
294
295
297
298
299
300
301
302
303
304
306
309
310
314
315
317
318
319
323
324
325
326
327
328
329
330
331
332
333
334
335
336
338
340
341
342
345
346
347
348
349
350
351
353
355
356
357
358
359
360
361
362
365
366
367
368
369
370
371
374
375
376
377
378
384
385
386
387
388
390
391
394
396
397
398
399
400
401
405
406
407
408
409
411
412
416
417
418
419
423
424
425
426
427
428
429
433
434
438
439
440
441
442
443
444
445
446
447
448
449
450
451
452
454
455
456
460
461
462
465
466
467
468
472
473
474
476
479
482
483
484
485
486
487
488
489
490
491
492
493
494
495
497
501
502
503
504
506
509
510
511
512
514
515
518
519
520
522
523
526
527
528
530
531
533
534
536
537
541
542
543
544
548
549
550
552
555
556
559
560
563
564
567
568
571
572
575
576
579
580
583
584
587
588
591
592
595
596
599
600
604
605
608
609
612
613
614
615
616
619
620
621
622
623
624
626
627
628
629
630
631
632
634
635
636
637
641
642
643
644
645
646
647
648
649
650
651
653
654
656
657
660
661
665
668
669
670
671
672
673
674
675
676
677
678
679
680
682
683
685
687
688
691
692
695
698
699
700
701
702
703
704
707
708
709
710
711
714
715
718
719
720
721
722
725
726
727
728
729
730
731
734
735
736
737
738
739
740
741
744
745
746
747
748
749
750
751
752
753
754
755
756
757
759
760
761
762
764
765
766
767
768
772
773
776
777
778
779
780
783
784
785
786
787
788
789
792
793
794
795
796
797
798
799
802
803
804
805
806
807
808
809
810
811
812
813
814
815
816
817
818
820
821
822
823
825
826
827
828
829
830
831
833
834
837
839
840
843
844
845
846
847
850
851
852
853
854
855
856
859
860
861
862
863
864
867
868
869
870
871
872
873
874
875
876
877
879
880
881
882
883
884
885
886
887
888
889
890
891
892
894
895
900
901
904
905
906
907
909
913
914
915
919
920
921
922
923
924
925
926
927
928
929
931
932
933
934
935
940
941
944
945
949
950
951
954
955
956
958
959
962
963
964
965
968
972
973
974
975
980
981
983
984
985
987
988
989
992
997
998
999
1000
1001
1002
1005
1006
1007
1008
1010
1011
1012
1013
1014
1016
1017
1018
1020
1021
1022
1023
1024
1026
1029
1030
1037
1038
1039
1040
1041
1042
1043
1045
1048
1049
1050
1051
1054
1055
1056
1058
1059
1060
1063
1064
1065
1066
1067
1068
1069
1070
1076
1077
1078
1079
1080
1081
1082
1083
1085
1086
1087
1088
1089
1090
1091
1092
1093
1094
1095
1096
1097
1098
1099
1100
1101
1102
1103
1106
1107
1110
1111
1112
1116
1117
1119
1122
1123
1124
1125
1126
1129
1130
1131
1132
1133
1134
1135
1136
1137
1138
1139
1140
1142
1146
1147
1148
1149
1150
1151
1152
1155
1156
1159
1160
1161
1162
1163
1164
1173
1174
1177
1178
1181
1182
1183
1184
1185
1186
1190
1191
1194
1195
1196
1197
1198
1199
1200
1201
1202
1205
1206
1208