1
3
4
5
6
7
8
9
10
11
12
13
14
15
16
17
19
20
21
22
23
24
25
26
27
28
29
31
32
33
34
36
37
38
39
40
41
43
44
45
46
47
49
50
51
52
54
55
56
57
59
60
61
62
63
64
66
67
68
69
70
71
72
74
75
76
77
78
79
80
82
83
84
85
86
87
90
91
92
93
96
97
98
101
102
103
105
106
109
110
111
112
113
115
116
118
119
120
121
122
123
124
125
126
127
129
130
131
132
136
137
138
139
140
141
143
144
145
146
147
151
152
153
155
156
158
159
161
162
163
164
165
166
167
168
169
170
171
174
175
178
179
180
181
182
183
184
185
186
187
188
189
190
191
192
193
194
196
197
201
202
203
204
205
208
209
210
211
212
213
214
216
217
218
222
223
226
227
228
229
230
234
235
238
239
242
243
247
249
250
253
254
257
258
261
262
263
264
265
266
267
270
271
272
273
274