1
3
4
5
6
7
8
9
10
11
12
13
14
15
16
17
19
20
21
22
23
24
25
26
27
29
30
31
32
33
34
35
36
38
39
40
41
42
43
44
45
46
47
48
49
50
51
52
53
54
55
57
59
61
63
64
66
67
69
71
73
74
75
76
77
80
81
82
83
84
85
86
87
91
92
93
94
95
96
97
98
103
104
105
106
107
108
109
110
112
113
114
118
120
122
124
125
126
127
129
130
131
132
133
135
136
137
138
139
141
142
143
144
146
147
148
149
151
152
153
154
156
157
158
159
161
162
163
164
165
167
168
169
170
174
177
178
179
180
181
182
183
184
185
186
187
190
191
192
193
194
195
196
198
207
208
209
210
214
215
216
217
220
221
222
223
224
225
226
227
228
231
232
234
235
236
237
238
239
241
242
243
244
246
247
248
252
253
255
256
257
260
264
265
266
267
269
270
271
272
273
274
275
276
277
285
286
289
290
293
294
297
298
301
302
303
304
305
306
310
311
315
316
319
320
323
324
327
328
331
332
336
337
340
341
345
346
349
350
354
355