1
3
4
5
6
7
8
9
10
11
12
13
14
15
16
17
19
20
21
22
23
24
25
26
27
28
30
31
32
33
34
35
36
37
38
39
40
41
43
44
45
46
47
48
49
51
53
54
55
58
59
60
61
62
65
66
67
68
69
70
71
72
75
76
79
80
81
82
83
84
85
86
87
88
89
90
91
92
93
94
95
96
97
100
101
104
105
106
108
109
110
112
113
114
118
119
122
123
126
127
130
131
134
135
136
137
142
143
144
147
148
150
152
153
154
155
156
157
160
162
165
166
167
168
170
171
173
177
180
181
182
185
186
187
188
189
190
191
192
193
194
195
196
197
198
199
200
201
202
203
204
205
206
207
208
209
210
211
214
217
218
219
220
221
222
223
224
225
226
227
228
229
230
231
232
233
234
235
236
237
238
239
240
241
242
243
244
245
246
247
248
249
252
253
254
255
256
257
258
259
260
261
262
263
264
265
266
267
268
269
270
271
273
274
277
278
279
280
281
282
283
284
286
287
288
289
290
291
295
298
299
300
301
303
306
307
308
310
311
312
313
315
318
319
320
321
322
323
327
328
331
332
333
334
335
336
337
338
340
344
345
348
349
352
353
354
355
357
358
359
360
362
365
366
367
368
369
370
374
375
376
377
378
379
380
385
386
387
388
389
390