1
3
4
5
6
7
8
9
10
11
12
13
14
15
16
17
18
20
21
23
24
25
26
27
28
31
32
33
34
35
36
37
38
39
40
41
42
43
44
45
46
47
48
49
50
51
52
53
55
56
58
59
61
62
64
65
67
68
70
72
73
75
76
78
79
81
82
83
84
85
87
88
89
90
91
93
94
96
97
98
99
100
101
103
104
105
107
109
110
111
112
113
114
115
116
119
120
121
124
125
126
129
130
131
132
135
137
138
139
140
141
142
143
144
145
146
147
148
149
150
152
154
156
157
159
160
161
163
164
166
168
169
170
173
174
175
176
177
180
181
182
184
185
186
188
189
192
193
194
196
197
198
199
200
201
205
206
207
209
210
211
212
213
214
215
216
217
218
219
221
222
223
224
225
226
227
231
232
233
235
236
237
239
240
241
242
243
244
247
248
249
250
251
252
253
254
255
256
257
259
260
261
262
263
265
266
267
268
270
274
275
276
277
278
279
280
286
287
288
289
290
291
292
295
296
300
301
302
303
306
307
308
309
310
313
314
315