1
3
4
5
6
7
8
9
10
11
12
13
14
15
16
17
18
20
21
22
24
25
26
27
28
29
30
31
33
34
35
36
37
38
39
40
41
42
43
44
46
47
48
50
51
52
53
56
57
58
59
61
62
63
64
66
67
68
69
70
72
73
74
75
77
78
79
80
81
82
83
84
85
86
87
88
89
90
93
94
95
96
97
98
99
102
103
104
105
106
107
108
109
110
113
114
115
116
117
118
119
120
123
124
125
126
127
128
129
130
131
134
135
136
137
138
139
140
141
143
144
145
147
150
151
152
153
154
155
159
160
161
163
164
165
166
167
168
169
170
174
176
177
178
179
180
181
183
184
187
188
189
190
191
192
193
194
195
196
197
198
199
200
201
203
204
205
206
208
209
210
211
216
217
218
220
221
222
223
225
226
227
228
229
230
231
232
233
234
236
237
238
239
240
241
243
244
245
246
247
250
251
252
253
255
256
259
260
262
263
268
269
270
271
272
273
274
275
276
277
278
279
280
281
283
285
286
287
289
291
292
295
296
297
298
299
300
303
304
307
309
310
311
314
315
316
317
318
319
321
324
325
328
331
332
333
334
337
338
339
340
343
344
345
346
347
348
349
350