1
3
4
5
6
7
8
9
10
11
12
13
14
15
16
17
18
20
21
22
23
24
25
26
27
28
29
30
31
32
33
35
37
38
39
40
41
42
43
44
45
46
47
48
49
50
51
52
53
54
55
56
58
59
60
61
62
64
65
66
67
68
69
70
71
72
74
75
76
79
80
81
82
83
84
85
86
88
89
90
91
96
97
100
101
102
103
104
106
107
109
110
112
116
117
118
119
120
121
124
125
126
127
128
129
130
131
132
133
135
136
137
140
142
143
144
145
146
149
152
153
154
155
156
157
158
159
160
161
163
164
167
170
171
172
173
174
175
176
177
181
183
184
185
187
188
189
190
192
193
194
195
199
200
201
202
204
205
206
208
209
210
211
213
214
215
216
217
221
222
223
224
227
228
231
232
233
234
236
237
238
239
240
241
243
244
245
246
247
248
249
251
255
256
257
258
260
261
263
264
265
266
267
268
271
272
273
274
275
276
277
278
279
282
283
284
285
286
288
289
290
291
292
293
294
295
296
297
298
300
302
303
309
310
311
312
317
318
319
320
321
322
323
324
325
326
327
328
329
330
333
334
335
336
337
339
342
343
344
345
346
347
348
349
350
351
352
353
354
355
356
359
362
363
364
365
366
368
369