1
3
4
5
6
7
8
9
10
11
12
13
14
15
16
17
18
20
21
22
23
24
25
26
27
28
29
31
32
33
34
35
36
37
38
39
40
41
43
44
45
46
47
48
49
50
51
52
53
54
55
56
57
58
59
60
61
63
64
65
66
67
68
69
70
71
72
73
74
75
76
77
78
79
80
81
82
83
84
85
86
87
88
89
90
91
92
93
94
95
96
97
98
99
100
101
102
103
104
105
106
107
108
109
111
113
114
116
117
118
120
121
122
124
125
126
127
128
130
131
132
133
134
136
138
139
140
142
144
145
146
147
148
149
150
151
152
154
155
157
158
159
163
164
165
166
167
168
169
170
171
173
174
178
179
180
181
182
183
184
187
189
190
191
193
194
195
196
197
198
199
200
201
202
203
204
205
206
208
210
211
213
214
215
216
217
221
223
224
225
227
228
229
231
232
233
235
236
237
238
239
241
242
243
244
246
247
248
250
252
253
255
256
258
259
262
264
265
266
267
268
270
271
272
276
277
278
279
280
283
284
285
286
287
288
291
292
293
294
297
298
299
300
303
304
305
308
309
310
311
312
313
314
315
316
317
318
319
323
324
325
326
327
331
332
333
334
337
338
341
342
343
346
347
348
351
352
353
354
355
358
359
360
361
364
365
366
367
369
371
372
374
376
377
378
380
381
383
384
385
386
387
388
389
390
391
396
398
400
401
404
405
406
409
410
412
413
414
415
418
419
422
423
424
427
428
429
430
433
434
437
438
439
440
441
443
444
445
447
448
450
451
452
454
456
458
460
461
462
463
466
468
470
471
472
473
476
477
478
481
482
483
485
486
488
489
491
492
493
497
498
499
500
501
502
503
504
505
506
507
508
509
510
513
514
515
516
517
518
519
520
521
522
523
527
530
531
532
533
534
537
538
539
540
541
544
545
546
549
550
552
554
556
557
558
560
562
564
565
567
569
571
572
573
574
575
578
579
580
581
583
584
585
586
587
588
589
592
594
596
598
599
600
604
606
609
610
612
613
614
615
617
618
621
622
623
624
625
626
627
628
629
630
634
635
638
639
642
643
644
647
648
649
650
652
653
654
658
659
660
661
662
663
665
666
667
668
669
671
672
673
674
675
676
677
679
680
681
682
683
684
685
686
687
688
690
693
694
695
696
698
699
700
702
704
705
706
708
710
711
712
715
717
718
720
721
722
723
724
725
726
727
730
731
732
733
734
735
736
737
738
743
746
747
748
749
750
753
754
755
758
759
761
762
764
765
766
768
769
770
771
772
774
775
776
777
778
779
781
782
783
784
785
786
787
788
789
790
791
792
793
794
795
796
800
801
803
804
805
806
807
808
811
812
813
814
815
821
824
825
826
829
830
831
834
835
836
837
838
839
840
841
842
845
847
848
849
850
851
852
853
854
858
859
862
863
864
865
866
869
870
871
872
875
876
877
878
879
882
883
884
885
888
889
890
891
892
895
896
897
898
899
900
901
902
903
904
905
906
907
910
911
914
915
918
919
922
923
926
928
929
931
932
933
934
935
937
939
940
941
943
944
945
947
948
949
950
951
952
956
958
961
962
963
964
966
967
969
970
971
972
973
974
975
977
978
979
980
981
982
983
984
987
988
991
992
993
994
995
996
997
1001
1002
1003
1004
1005
1006
1007
1008
1009
1010
1011
1012
1013
1014
1015
1016
1020
1021
1024
1025
1026
1027
1028
1029
1030
1031
1032
1033
1034
1035
1037
1040
1041
1042
1043
1044
1047
1048
1049
1052
1053
1056
1057
1058
1060
1061
1062
1063
1065
1067
1069
1071
1072
1073
1074
1075
1076
1077
1078
1081
1082
1083
1086
1088
1089
1090
1091
1092
1095
1096
1098
1099
1100
1103
1104
1108
1109
1110
1111
1112
1113
1114
1115
1116
1118
1121
1122
1124
1126
1127
1130
1132
1133
1136
1137
1139
1141
1142
1143
1144
1145
1147
1148
1149
1150
1152
1153
1154
1156
1159
1160
1161
1162
1163
1165
1166
1167
1168
1169
1170
1171
1172
1173
1175
1177
1178
1179
1180
1182
1183
1184
1185
1186
1187
1189
1190
1191
1192
1193
1194
1196
1198
1200
1201
1202
1203
1204
1205
1206
1207
1208
1209
1210
1211
1212
1213
1214
1215
1216
1217
1218
1219
1223
1224
1225
1226
1227
1232
1233
1234
1235
1236
1238
1240
1241
1242
1243
1244
1245
1246
1247
1248
1249
1250
1251
1252
1253
1254
1255
1256
1257
1258
1261
1262
1263
1266
1267
1268
1271
1272
1273
1274
1277
1279
1280
1281
1282
1283
1285
1287
1289
1290
1291
1292
1293
1294
1295
1296
1297
1298
1299
1300
1301
1302
1303
1304
1307
1308
1309
1310
1313
1314
1317
1318
1319
1320
1321
1322
1323
1324
1325
1326
1327
1328
1330
1331
1333
1335
1337
1338
1339
1340
1341
1342
1343
1344
1346
1348
1350
1351
1352
1354
1356
1358
1359
1360
1361
1362
1363
1364
1365
1366
1368
1369
1372
1373
1374
1377
1378
1379
1382
1383
1384
1388
1389
1390
1392
1395
1396
1398
1399
1400
1401
1402
1403
1404
1406
1407
1408
1409
1410
1411
1413
1419
1421
1422
1423
1424
1425
1426
1428
1429
1432
1433
1434
1435
1436
1439
1440
1443
1444
1447
1448
1449
1450
1451
1452
1453
1454
1457
1458
1459
1462
1463
1464
1465
1466
1467
1468
1469
1470
1471
1472
1473
1474
1475
1476
1480
1482
1484
1485
1486
1487
1488
1489
1490
1491
1492
1493
1494
1496
1498
1499
1500
1501
1502
1503
1504
1505
1506
1507
1508
1509
1510
1511
1512
1513
1516
1517
1518
1520
1521
1523
1524
1525
1526
1527
1530