1
3
4
5
6
7
8
9
10
11
12
13
14
15
16
17
18
20
21
22
23
24
25
26
27
28
29
30
32
33
34
35
36
37
38
40
41
42
43
44
45
47
49
50
51
52
53
54
56
57
59
60
61
62
63
64
66
67
68
69
70
71
72
73
74
75
77
80
81
82
83
84
85
86
88
89
90
91
94
95
96
97
99
100
101
102
103
104
105
106
107
108
109
110
111
112
119
122
123
124
125
126
127
128
129
130
131
134
135
136
137
138
139
140
142
143
144
145
146
147
149
150
151
152
153
154
155
156
157
164
166
167
168
169
170
173
176
177
178
179
180
181
182
183
184
185
186
189
190
191
193
194
195
196
200
202
203
204
206
207
208
209
210
211
212
213
214
217
218
219
220
222
223
225
226
227
228
230
231
232
233
234
235
236
237
239
240
241
242
243
244
245
246
247
248
249
250
251
252
254
255
263
264
266
267
268
269
270
271
272
273
276
278
280
281
283
284
285
286
287
288
289
290
291
292
296
301
302
303
304
305
306
308
309
311
314
315
316
317
318
322
323
325
326
328
329
330
331
332
333
334
335
336
337
338
341
344
345
346
349
350
353
354
357
358
360
362
363
364
365
367
368
371
372
375
376
379
380
381
382
383
384
387
388
389
390
391
392
393
394
395
397
398
399
400
402
403
404
405
406
407
410
411
412
413
414
415
416
417
418
423
424
425
426
427
429
432
433
434
435
436
437
439
440
443
444
445
446
449
450
451
452
455
456
457
458
459
463
464
465
466
469
470
471
472
475
476
477
478
479
480
481
484
485
486
487
488
489
490
492
495
496
497
500
501
502
503
504
507
508
509
510
513
514
515
518
519
520
521
522
525
526
527
529
530
533
534
537
538
539
541
542
543
544
545
546
547
548
549
550
552
555
558
559
560
561
563
566
567
568
569
572
573
574
575
576
577
578
580
581
582
583
584
587
588
589
590
591
592
593
594
595
596
597
602
603
604
605
607
608
611
612
613
616
617
618
621
622
623
624
625
626
629
630
631
634
635
636
639
640
641
642
643
644
645
646
647
648
649
650
652
653
654
655
656
659
660
661
662
664
665
666
667
668
670
671
672
673
674
675
676
682
683
684
687
688
689
690
691
692
693
694
695
696
697
698
699
700
701
702
704
705
706
708
709
710
711
713
714
715
716
717
718
719
720
724
725
726
728
730
731
732
733
734
735
737
738
739
740
744
745
746
747
749
750
751
754
757
758
759
760
761
765
766
767
768
769
770
771
772
774
775
776
780
781
782
785
786
787
788
789
790
791
792
793
794
795
796
797
800
801
802
803
804
805
806
807
808
811
812
815
816
817
820
821
822
823
824
825
826
828
831
832
835
836
837
838
841
842
843
844
845
846
849
850
853
854
855
856
857
858
859
862
863
864
866
868
869
870
872
874
876
878
879
880
882
883
884
885
886
887
888
889
890
891
892
893
894
895
898
899
903
906
907
908
909
910
911
912
913
915
916
917
918
919
920
921
922
925
926
929
930
933
934
937
938
941
942
945
946
949
950
953
954
958
959
960
962
963
964
966
967
968
969
970
971
972
973
975
976
977
978
980
981
982
983
984
985
988
989
993
994
995
996
997
998
999
1000
1003
1004
1006
1008
1009
1010
1013
1014
1016
1017
1018
1019
1020
1023
1024
1027
1028
1031
1032
1035
1036
1040
1041
1042
1043
1044
1046
1047
1049
1050
1052
1053
1054
1056
1057
1058
1059
1061
1064
1065
1067
1068
1071
1072
1073
1074
1075
1076
1077
1078
1081
1082
1083
1084
1085
1086
1090
1091
1092
1093
1095
1096
1097
1098
1099
1100
1102
1104
1105
1106
1107
1112
1113
1114
1115
1116
1117
1118
1119
1120
1121
1123
1125
1126
1127
1128
1131
1132
1133
1134
1135
1136
1137
1138
1143
1144
1145
1146
1147
1148
1149
1150
1151
1152
1153
1155
1157
1158
1159
1160
1164
1165
1166
1167
1168
1169
1170
1171
1172
1173
1175
1178
1179
1180
1183
1184
1185
1186
1191
1192
1193
1196
1197
1200
1201
1204
1205
1208
1209
1213
1214
1215