1
3
4
5
6
8
9
10
11
12
13
14
15
16
17
18
19
20
21
22
23
26
27
28
29
30
31
32
33
34
36
37
38
39
40
42
43
44
45
46
47
48
49
52
53
54
55
57
58
59
60
61
64
65
66
67
70
71
72
75
76
77
78
79
80
81
82
83
84
85
87
90
91
92
93
94
95
96
97
98
99
100
101
103
106
107
108
111
112
113
116
117
118
119
120
121
122
123
124
125
126
127
129
130
133
136
137
138
139
140
141
142
144
145
146
147
150
153
154
155
156
157
158
159
160
162
163
164
165
168
171
172
173
174
176
177
178
179
180
185
186
187
188
189
190
192
193
194
197
200
201
202
203
204
205
207
208
209
212
216
217
220
221
224
225
226
227
229
232
233
234
236
239
240
241
242
243
244
245
246
247
248
249
250
251
252
253
254
255
256
259
260
261
262
263
264
265
268
269
270
271
274
275
278
279
280
281
282
285
286
287
288
291
292
297
298
301
302
303
304
305
306
307
308
310
311
312
315
316
319
320
323
324
327
328
331
332