1
2
3
4
5
6
7
8
9
10
11
12
13
14
15
16
18
20
21
23
24
25
26
27
28
29
31
32
33
34
35
36
37
38
39
40
41
42
43
44
45
46
48
49
50
52
53
54
55
56
57
58
59
61
62
63
64
65
66
68
69
81
82
84
85
86
87
88
89
90
91
92
94
96
97
98
99
102
103
104
107
108
109
110
111
112
115
116
117
118
119
120
121
122
123
124
125
126
127
130
131
132
133
134
135
136
139
140
141
142
143
144
145
148
149
150
151
152
153
154
157
158
159
160
161
162
164
165
166
167
168
169
170
171
173
174
176
177
180
181
182
183
184
185
186
187
188
189
190
191
192
193
195
196
198
199
200
201
202
206
207
208
209
212
213
214
215
218
219
220
221
224
225
226
227
228
229
230
231
234
235
236
239
240
241
242
243
244
245
246
247
250
251
252
253
254
255
256
257
258