1
3
4
5
6
7
8
9
10
11
12
13
14
15
16
17
18
20
21
23
24
25
27
29
30
31
32
33
34
36
37
38
39
41
42
44
46
47
48
49
50
51
52
54
55
56
57
58
59
60
61
62
63
64
65
66
67
68
71
72
74
75
76
77
78
81
82
83
84
85
89
90
91
92
93
94
95
96
98
99
100
103
104
105
106
109
110
111
112
113
114
115
118
119
120
121
122
123
124
126
130
131
134
135
136
137
138
141
142
143
144
145
146
147
148
150
153
155
156
157
158
161
162
163
164
166
167
168
169
173
174
176
177
179
181
182
183
185
186
188
189
190
191
192
193
194
198
199
202
203
204
206
207
209
210
211
212
214
216
217
218
219
220
221
222
223
224
225
226
227
228
229
233
234
235
237
238
239
241
242
243
244
245
248
249
251
252
253
254
255
259
260
261
262
263
266
267
268
269
271
273
275
277
278
280
281
282
283
284
285
286
287
288
291
293
294
296
297
298
300
301
302
304
306
307
308
310
311
313
314
315
317
318
320
321
322
324
326
327
328
330
332
334
335
336
337
341
342
344
346
347
349
350
351
353
354
355
356
357
359
360
361
362
363
364
365
366
367
368
369
370
371
372
373
376
377
378
380
383
385
386
388
389
390
391
392
393
394
395
396
399
401
402
403
404
405
406
407
408
409
410
412
413
415
416
418
421
422
423
425
426
427
429
430
431
432
433
434
436
437
438
440
441
443
444
445
447
448
450
451
452
454
456
457
458
460
462
464
465
466
467
470
471
474
475
477
478
479
480
481
482
483
484
485
486
488
489
492
493
494
495
496
499
500
501
502
503
505
508
509
510
511
514
515
516
518
520
521
522
523
524
525
526
527
528
529
530
531
532
533
534
535
537
538
539
540
541
542
543
544
546
550
551
552
553