1
3
4
5
6
7
8
9
10
11
12
13
14
15
16
17
18
20
21
22
23
24
25
26
27
29
31
32
33
34
35
36
37
38
39
40
41
42
43
44
45
46
47
48
49
51
52
53
54
55
57
58
60
62
63
64
65
66
67
68
72
73
74
75
76
77
78
79
82
88
89
90
91
93
95
96
97
98
99
102
103
104
105
106
107
109
110
111
114
115
116
117
118
119
120
123
124
125
126
127
130
131
132
133
134
135
138
139
140
141
142
143
144
145
146
148
149
150
152
153
156
157
158
159
160
161
164
165
168
169
173
174
176
177
178
179
180
181
182
183
184
185
186
187
188
189
190
191
192
193
196
197
201
202
203
204
205
206
207
208
209
214
215
216
217
218
219
220
221
222
223
224
225
226
227
228
232
233
234
237
238
239
240
241
242
243
246
247
248
249
250
251
252
253
254
255
256
257
258
259
260
261
264
267
268
269
270
271
272
273
274
276
277
278
280
281
284
288
290
291
292
293
294
295
296
297
298
302
303
304
305
306
307
308
309
311
312
317
318
319
320
321
322
323
326
327
329
332
333
334
335
336
337
338
339
340
341
342
343
344
345
346
347
348
350
351
352
353
354
355
356
359
360
361
362
363
365
366
370
373
374
375
378
379
381
382
383
386
387
390
391
392
394
395
396
398
399
400
401
403
404
406
407
408
410
411
414
415
416
418
419
420
422
423
424
427
428
431
432
433
434
435
436
437
439
440
441
442
444
445
449
450
451
452
453
456