1
2
3
4
5
6
7
8
9
10
11
12
13
14
15
16
18
20
21
22
23
24
25
26
28
29
30
31
32
33
34
35
36
37
38
39
40
41
42
43
44
45
46
47
48
49
50
51
52
53
54
55
56
57
58
59
60
61
62
63
64
65
66
67
68
69
70
71
72
73
75
76
77
78
79
80
81
82
84
85
86
87
88
91
92
93
94
95
96
97
98
99
101
102
103
105
106
108
110
111
112
113
114
115
116
117
118
119
123
126
127
128
129
130
131
132
134
136
137
138
139
140
141
142
143
145
147
148
150
151
153
154
155
156
157
158
159
160
163
164
166
167
170
171
172
173
176
180
181
182
183
184
185
186
187
188
189
191
193
194
196
197
198
199
201
202
203
207
208
209
210
211
212
213
215
216
217
218
224
225
226
227
228
229
231
234
235
236
237
238
239
240
243
244
245
246
247
248
249
252
253
254
255
256
257
258
259
260
261
262
267
268
269
270
271
272
273
276
277
278
279
280
281
282
283
284
285
286
290
291
292
293
294
295
296
297
298
301
302
303
304
305
306
307
310
311
312
313
314
315
316
317
318
319
320
323
324
325
326
327
328
329
330