1
2
3
4
5
6
7
8
9
10
11
12
13
14
15
16
18
19
21
22
24
25
26
27
28
29
30
31
33
34
35
36
37
41
42
43
46
47
48
51
52
53
56
57
58
59
62
63
66
67
70
71
72
75
76
77
78
79
80
82
85
86
87
88
89
90
92
95
96
97
100
103
106
107
108
111
112
115
116
117
118
121
122
125
126
129
130
131
134
135
136
137
140
141
144
145
148
149
152
153
156
157
160
161
164
165
168
169
172
173
174
177
178
182
183
184
188
189
190
193
194
197
198
201
202
203
206
207
210
211
214
215
218
219
222
225
228
231
232
235
236
237
240
241
242
245
248
251
252
253
256
257
258
259
260
261
262
263
264
269
270
273
274
277
278