1
2
3
4
5
6
7
8
9
10
11
12
13
14
15
16
18
19
20
21
22
24
25
26
28
29
30
31
32
33
34
35
36
37
38
39
40
41
43
44
45
48
50
52
54
56
58
59
62
63
66
67
70
71
72
73
74
76
77
81
82
83
84
85
86
87
88
89
91
94
95
96
99
100
101
104
105
108
109
112
113
116
117
120
121
122
123
124
125
126
127
130
131
132
133
134
135
138
139
140
141
142
143
144
146
149
150
151
152
153
154
155
156
157
159
163
166
167
168
169
170
171
172
173
174
175
176
177
178
179
180
181
182
184
188
189
190
191
192
196
200
201
204
205
206
208
209
211
212
213
214
217
218
221
222
225
226
229
230
233
234
237
238
241
242
243
244
245
246
247
248
249
250
252
253
255
256
258
259
261
264
265
266
267
268
269
270
271
272
273
274
275
276
277
278
282
285
286
287
288
289
290
291
292
293
294
295
296
297
298
299
300
301
303
304
308
311
312
313
314
315
316
317
318
319
320
321
324
325
326
327
328
329
330
331
332
335
338
339
340
341
342
343
344
345
346
347
348
351
352
353
354
355
356
357
358
359
360
361
364
367
368
369
370
371
372
373
376
379
380
383
384