1
2
3
4
5
6
7
8
9
10
11
12
13
14
15
17
19
20
21
22
24
25
26
27
28
29
30
32
33
34
35
36
37
38
39
40
41
43
44
45
46
47
48
49
50
51
52
53
54
56
57
58
59
60
61
63
66
67
68
69
70
71
74
75
76
77
78
85
86
87
88
89
90
93
96
97
98
99
100
102
103
107
108
109
110
111
112
113
115
116
121
122
123
124
125
129
130
131
132
133
137
138
139
140
141
142
143
147
148
149
152
153
154
155
156
159
160
161
162
163
166
167
168
169
170
173
174
175
176
177
180
181
182
183
184
187
188
189
190
191
194
195
196
197
198
199
201
204
205
206
207
208
209
211
214
215
216
217
218
221
222
223
224
225
226
228
229
230
232
235
236
237
238
239
240
242
243
244
245
247
248
251
254
255
256
257
258
259
260
263
268
269
270
271
272
273
274
279
280
281
282
283
284
285
290
291
292
293
294
295
296
300
301
304
305
306
307
308
309
311
312
313
317
318
319
320
321
324
325
326
327
328
329