1
2
3
4
5
6
7
8
9
10
11
12
13
14
15
17
19
20
22
23
24
25
26
27
28
29
31
36
37
40
41
42
44
46
50
51
52
54
56
60
61
62
64
66
71
72
73
74
76
78
80
82
83
84
85
86
87
88
91
93
95
96
97
98
99
100
101
105
112
113
116
117
119
120
122
123
125
126
130
131
132
133
134
135
136
137
138
139
141
143
144
147
148
150
151
153
154
155
159
160
162
163
165
167
168
169
171
173
178
179
180
182
183
185
186
188
192
193
195
197
201
202
203
205
207
208
210
211
213
214
216
218
219
220
222
224
226
228
230
233
239
240
241
242
243
244
245
246
247
248
250
252
255
256
257
259
260
262
263
265
269
270
272
273
275
276
278
280
282
283
285
287
289
290
291