1
2
3
4
5
6
7
8
9
10
11
12
13
14
15
16
18
19
21
22
23
24
25
26
27
28
29
30
32
33
34
35
36
37
38
40
41
42
43
47
48
51
52
53
56
57
60
61
62
63
65
66
67
68
69
70
72
73
74
75
76
77
78
79
80
83
84
85
86
87
88
89
90
91
94
95
96
97
98
99
100
103
104
105
106
107
108
109
110
111
112
113
114
115
116
120
121
123
124
126
127
128
129
130
131
132
133
135
136
137
139
141
142
143
144
145
146
147
148
149
150
151
152
153
154
155
156
157
158
159
161
162
163
164
165
166
167
168
169
170
171
176
177
178
179
180
181
182
183
184
188
189
190
191
192
193
194
197
198
199
200
201
202
203
207
208
209
210
211
212
213
217
218
221
222
223
224
225
226
228
229
230
231
232
233
234
235
237
240
243
244
245
246
247
248
249
250
251
255
256
257
258
259
260
261
262
264
265
267
268
269
271
272
275
278
279
280
281
282
284
285
286
287
288
289
290
294
295
298
299
300
301
302
303
304
306
307
308
309
310
311
312
314
317
318
321
322
325
326
327
328
329
330
331
332
333
334
335
339
342
343
344
348
349
350
351
353
356
357
358
359
360
361
365
366
369
370
373
374