1
2
3
4
5
6
7
8
9
10
11
12
13
14
15
17
19
21
22
25
26
27
28
29
30
31
32
33
34
35
36
37
38
39
41
44
45
48
49
50
51
53
55
60
61
62
63
65
67
68
73
74
75
76
78
80
85
86
87
89
91
96
97
98
100
102
107
108
109
111
113
114
116
118
122
127
128
129
131
133
134
136
138
142
147
148
149
150
152
155
157
159
163
169
170
173
174
175
176
178
180
185
186
187
188
190
192
197
198
199
200
202
204
209
210
211
212
214
216
221
222
223
224
226
228
235
236
239
240
241
243
245
250
251
252
254
258
259
260
262
264
269
270
271
273
275
276
278
280
285
286
287
289
293
294
295
296
297
299
301
303
305
308
313
314
315
316
317
319
323
324
325
326
328
330
332
334
337
342
343
344
345
346
348
350
351
356
357
358
360
362
367
368
369
370
372
374
379
380
381
382
384
386
391
392
393
394
396
398
403
404
405
407
409
416
417
420
421
422
423
425
427
432
433
434
435
437
439
441
447
448
449
450
452
454
459
460
461
462
464
469
470
473
474
475
477
479
480
482
483
487
488
489
491
493
497
498
499
500
501
503
505
507
509
510
511
514
515
517
519
521
522
525
527
530
531
532
534
535
537
540
541
542
544
546
551
552
554
555
557
559
560
561
563
564
565
567
570
574
576
578
580