1
2
3
4
5
6
7
8
9
10
11
12
13
14
15
16
18
19
20
21
23
24
25
26
27
28
29
31
32
33
34
35
37
39
41
43
45
46
47
48
49
50
51
52
53
55
56
57
59
60
62
63
64
65
66
69
70
71
73
76
78
79
80
82
83
85
86
87
88
89
92
93
94
96
99
101
102
103
104
105
106
108
109
110
111
112
113
114
118
119
120
121
122
123
124
125
126
127
128
129
130
131
132
135
136
137
138
139
140
141
142
146
147
148
149
150
151
152
153
154
155
156
157
158
159
162
165
166
167
168
169
170
173
174
175
176
177
179
180
181
182
183
184
186
187
188
189
191
192
194
195
196
197
198
199
201
202
204
207
208
210
211
212
213
216
217
218
220
223
224
225
226
227
228
231
232
233
235
238
239
241
242
243
244
245
246
247
250
253
254
257
258
261
262
263
264
265
266
267
269
271
272
275
276
277
278
279
281
284
285
288
289
292
293
296
297
300
301
304
305
308
309
312
313
316
317
318
319
320
321
324
325
328
329
332
333
336
337
338
339
340
341
342
343
344
345
349
350
351
354
357
358
359
360
361
362
363
365
368
369
370
371
372
373
376
377
380
381
384
385
387
388
392
393
395
396
397
398
399
403
404