1
2
3
4
5
6
7
8
9
10
11
12
13
14
15
17
19
20
21
22
23
24
25
26
27
28
30
31
32
33
34
35
36
37
38
39
40
41
42
44
47
48
49
51
52
53
54
55
56
58
59
60
61
62
63
64
65
66
67
68
69
70
71
73
74
75
77
80
81
82
83
84
85
86
87
88
89
92
93
96
99
100
101
102
103
104
105
106
107
108
109
110
111
113
114
115
116
117
118
123
124
125
126
128
129
131
134
135
137
138
140
141
143
145
146
147
148
149
155
156
157
160
161
162
163
165
166
168
169
173
176
178
180
182
183
186
187
190
191
194
195
198
199
202
203
206
207
210
211
214
215
218
219
222
223
226
227
230
231
234
235
238
239
240
243
244
245
246
247
250
251
253
254
256
257
258
259
260
264
267
268
269
271
272
273
274
275
276
277
278
279
281
282
283
284
285
286
287
288
293
296
297
300
301
308
309
311
312
313
314
318
319
320
321
322
323
325
326
329
330
331
332
333
337
338
341
342
343
344
345
346
349
350
351
352
353
354
355
361
362
363
364
365
366
367
368
369
370
372
373
376
377
378
379
380
384
385
388
389
390
391
392
393
394
395
396
397
398
399
400
401
402
405
406
409
410
411
412
413
414
415
416
422
423
424
425
426
428
431
432
435
436
437
438
439
441
442
444
445
446
447
448
450
451
458
460
462
464
466
468
470
472