1
2
3
4
5
6
7
8
9
10
11
12
13
14
15
16
18
19
21
22
23
24
25
26
27
28
30
31
32
33
34
35
36
37
38
39
40
41
42
44
46
48
49
52
53
56
57
59
60
61
62
63
64
65
66
68
69
70
74
75
78
79
80
82
83
85
86
87
88
89
90
91
92
95
96
98
99
100
102
103
104
109
110
111
112
114
116
117
118
119
121
122
123
124
125
126
127
128
131
132
134
135
140
141
144
145
148
149
150
151
153
154
156
159
160
161
162
163
164
165
167
168
170
171
172
173
174
175
176
178
179
183
186
187
188
189
190
191
193
194
195
196
197
198
203
204
205
207
210
211
214
215
218
219
222
223
226
227
230
231
234
235
236
237
238
239
240