1
2
3
4
5
6
7
8
9
10
11
12
13
14
15
17
19
22
23
24
25
26
27
28
29
30
31
32
33
34
36
38
39
42
43
45
46
48
49
50
53
54
55
57
59
60
61
62
63
67
68
69
71
75
76
77
79
81
82
84
90
91
94
95
96
97
99
101
106
107
108
109
110
112
114
115
120
121
122
123
125
127
133
134
137
138
139
141
143
148
149
150
152
154
156
159
164
165
166
167
168
170
172
177
178
179
180
181
183
185
190
191
192
193
195
197
202
203
204
205
207
209
214
215
216
217
219
221
226
227
228
229
231
233
239
240
243
244
245
246
248
250
255
256
257
258
260
262
263
264
269
270
271
272
274
276
277
278
283
284
285
286
288
290
291
292
298
299
302
303
304
305
307
310
311
313
316
321
322
323
325
327
331
332
333
335
337
341
342
343
345
347
351
352
353
355
357
361
362
363
365
367
371
372
373
375
377
381
382
383
385
387
388
390