1
2
3
4
5
6
7
8
9
10
11
12
13
14
15
17
19
20
21
22
24
25
26
27
28
29
30
32
34
35
36
37
38
39
40
41
42
43
44
46
48
49
50
51
52
54
55
56
57
58
60
62
64
66
68
70
72
74
76
77
78
80
81
82
84
85
86
87
88
90
91
93
94
95
96
98
99
101
102
104
106
107
109
110
111
112
113
117
118
119
120
121
122
123
124
125
129
130
131
132
133
134
135
136
137
139
140
141
142
143
145
146
147
149
150
152
154
156
158
159
161
162
163
165
166
167
168
169
170
171
172
174
175
176
177
178
179
181
182
183
185
186
187
188
189
190
191
193
194
195
196
199
200
203
204
207
208
209
210
211
212
213
214
219
220
221
222
223
226
227
228
229
230
233
234
235
236
237
240
241
242
243
244
247
248
251
252
253
254
255
256
257
258
259
260
262
263
264
265
266
268
269
270
273
274
276
277
278
279
280
281
282
283
285
286
287
290
291
292
293
295
296
297
298
299
300
301
302
303
304
309
310
312
313
314
315
319
322
325
326
327
328
330
331
332
333
335
336
337
338
342
343
344
345
347
348
349
350
358
359
362
363
364
365
366
367
369
370
371
373
374
376
377
378
380
381
382
384
385
386
387
388
389
390
392
393
394
396
397
398
399
403
404
407
408
409
410
411
414
416
417
418
419
422
423
424
426
427
430
431
432
434
435
437
438
439
440
443
445
449
451
452
453
454
457
458
459
461
462
463
465
467
468
469
470
471
472
473
474
476
477
478
479
481
482
485
486
489
491
493
497
499
500
501
502
505
506
507
509
510
511
513
515
516
517
518
519
520
521
522
524
525
527
528
531
534
535
537
538
540
542
546
548
549
550
551
552
555
556
560
561