1
2
3
4
5
6
7
8
9
10
11
12
13
14
15
16
18
19
20
22
24
26
27
29
31
34
35
38
39
40
41
42
44
45
46
47
52
53
56
57
58
61
62
63
66
69
70
71
73
75
76
77
79
80
83
84
85
87
90
91
92
94
95
96
97
98
101
102
103
106
108
109
110
111
112
114
115
116
117
118
120
121
122
123
124
128
129
130
131
133
134
135
136
137
138
141
144
145
146
147
150
151
152
153
154
155
158
159
162
165
166
167
168
169
170
171
172
173
174
176
177
178
179
180
181
182
183
184
185
186
187
188
189
190
191
192
193
194
195
196
197
198
200
201
202
203
204
205
206
207
208
209
210
211
212
216
217
219
220
221
223
224
225
226
227
228
229
230
231
234
235
236
237
238
240
243
244
245
246
247
250
251
252
253
254
255
257
260
261
262
263
265
268
269
270
271
274
275
277
278
279
281
282
284
285
286
287
291
292
293
294
295
296
298
302
303
304
305
307
308
309
310
311
312
314
315
316
318
321
322
323
324
325
326
327
329
330
332