1
2
3
4
5
6
7
8
9
10
11
12
13
14
15
16
17
19
21
22
23
24
25
26
27
28
29
30
31
32
33
34
35
36
37
38
40
41
42
43
44
45
46
47
48
50
51
52
53
54
56
57
60
61
64
65
66
69
70
71
73
75
76
78
79
80
81
82
83
84
87
88
89
90
91
92
93
94
97
98
101
102
105
106
108
111
112
113
114
115
116
118
119
120
121
122
125
126
127
128
129
131
132
133
134
135
138
139
140
141
143
144
145
146
147
150
151
152
153
154
156
157
158
159
160
163
164
165
166
167
169
170
171
172
173
176
177
178
179
180
181
183
186
187
189
190
191
193
194
195
198
199
200
202
205
206
207
211
212
213
216
217
218
219
220
226
227
228
229
230
231
232
233
234
235
237
238
239
241
242
244
245
246
247
248
249
250
251
252
253
254
255
256
257
259
260
261
264
266
267
268
269
270
275
276
277
278
281
282
284
285
286
289
290
291
294
295
298
299
300
301
302
303
306
307
308
309
310
311
312
313
314
315
316
317
318
319
320
321
325
326