1
2
3
4
5
6
7
8
9
10
11
12
13
14
15
16
19
20
21
22
23
24
25
26
27
28
30
31
32
33
34
35
36
37
38
40
41
42
43
44
45
46
47
49
51
52
53
54
55
56
57
58
62
63
66
67
70
71
73
75
76
77
78
79
80
82
83
84
85
87
88
91
92
94
95
96
97
98
99
100
101
102
103
104
105
108
109
110
111
112
113
116
117
118
119
120
122
123
124
126
128
129
130
132
134
135
136
139
143
144
145
146
147
148
149
152
153
156
157
158
159
160
161
162
163
164
165
167
169
170
171
172
175
176
177
178
179
180
181
182
185
186
187
188
189
190
191
193
194
195
198
199
200
201
202
203
206
207
208
212
213
214
216
217
218
222
223
226
227
228
229
232
233
234
235
238
239
240
241
242
243
244
245
246
247
248
249
250
252
255
257
258
259
261
262
263
264
267
268
269
271
272
275
277
279
281
284
285
288
289
290
291
292
293
294
296
297
298
300
301
303
305
306
308
309
311
314
315
316
317
319
320
324
325
329
330
331
332
333
334
336
338
340
342
344
346
348