1
2
3
4
5
6
7
8
9
10
11
12
13
14
15
17
19
21
22
24
25
26
28
29
30
31
32
33
34
35
36
39
40
41
42
43
45
46
48
49
50
51
52
53
54
56
57
59
60
61
63
64
67
68
69
70
71
72
73
74
75
76
77
78
79
80
81
82
83
84
85
86
87
88
89
90
91
92
93
94
95
96
97
98
99
100
101
102
103
104
105
106
107
108
109
110
111
112
113
114
115
116
117
118
119
120
121
123
124
125
126
127
128
131
132
133
135
136
137
139
140
142
143
145
146
148
149
151
152
154
156
157
158
160
162
163
164
165
166
167
169
170
171
172
173
175
176
177
178
181
182
183
184
187
189
190
191
193
194
195
196
197
198
200
201
202
204
205
206
207
208
209
210
213
214
215
217
218
223
225
226
227
228
229
230
231
232
233
235
238
239
240
244
245
246
247
249
250
254