1
2
3
4
5
6
7
8
9
10
11
12
13
14
15
16
18
19
20
22
23
24
25
26
27
28
29
31
32
33
34
35
36
37
38
39
40
41
42
44
45
46
47
49
50
51
52
53
54
55
58
59
61
62
65
66
67
69
73
74
75
78
79
80
81
82
84
85
86
87
88
89
90
91
97
98
101
102
103
104
105
107
108
111
112
113
114
115
116
118
119
121
122
125
127
128
129
130
131
132
137
138
139
140
141
142
143
145
146
147
149
150
154
155
156
157
159
160
162
163
164
166
167
169
171
172
178
179
180
181
183
185
186
187
189
190
191
193
194
196
197
198
199
201
203
204
209
210
211
212
214
215
217
218
219
221
222
223
225
226
228
229
230
231
233
234
241
242
243
244
246
248
249
250
251
252
253
254
255
256
257
258
259
260
261
262
264
266
267
268
273
275
276
278
279
280
281
282
283
284
287
288
289
293
296
297
298
299
301
304
305
306
307
308
309
310
311
312
313
314
315
316
317
318
319
320
321
323
324
327
331
332
333
334
335
336
337
338
339
340
342
344
351
352
354
355
356
358
361
362
363
364
365
367
368
371
372
373
374
375
376
377
378
380
382
383