1
2
3
4
5
6
7
8
9
10
11
12
13
14
15
17
19
20
21
22
24
25
26
27
28
29
30
31
32
33
35
36
37
38
39
40
42
44
45
46
47
48
53
55
56
60
62
63
67
69
70
73
75
76
77
78
81
83
85
87
89
91
92
94
96
97
101
106
107
108
109
111
113
114
116
118
119
121
123
124
125
126
127
128
129
130
131
132
134
135
136
137
138
139
140
141
142
143
144
146
148
150
152
153
156
158
159
163
164
166
168
170
173
175
178
179
182
184
185
186
187
189
190
192
193
195
198
199
201
202
204
205
208
210
211
213
215
216
217
219
220
223
225
229
230
231
232
233