1
2
3
4
5
6
7
8
9
10
11
12
13
14
15
16
18
19
21
22
24
25
26
27
28
29
30
31
32
33
34
35
36
37
38
41
42
43
44
45
46
48
49
50
51
54
55
56
57
58
59
60
61
63
64
65
67
68
69
73
74
75
77
78
80
81
82
83
84
86
87
88
89
91
92
93
95
96
97
98
99
100
101
102
103
104
105
107
108
109
111
112
113
115
116
117
118
119
120
121
122
123
124
126
127
128
129
130
131
132
133
134
135
136
137
138
139
140
141
142
143
144
145
146
147
148
150
152
153
154
156
157
158
159
160
161
162
163
164
165
166
167
168
169
170
171
172
173
174
175
176
177
178
179
180
181
182
183
184
185
186
187
188
189
190
191
193
194
195
196
197
198
199
200
201
202
203
204
205
208
210
211
212
213
214
216
217
218
220
221
222
223
224
226
228
229
230
231
232
233
235
236
237
238
239
240
241
242
244
245
246
248
249
250
252