1
2
3
4
5
6
7
8
9
10
11
12
13
14
15
17
19
20
21
22
23
24
25
26
27
28
29
31
32
34
36
37
38
39
40
42
43
44
45
48
49
52
53
54
55
56
59
60
61
62
65
66
67
69
70
71
73
74
75
76
77
78
81
83
84
85
86
89
91
92
93
94
96
97
98
99
100
101
103
104
106
108
109
110
113
114
115
116
117
118
120
121
122
123
125
126
128
130
131
133
134
135
136
137
138
139
141
142
143
144
149
150
152
153
154
155
156
157
158
159
160
161
162
163
164
166
169
173
174
175
176
177
178
182
183
184
185
186
187
188
189
190
191
192
193
194
197
198
199
200
205
206
207
208
209
210
211
212
213
215
217
220
221
222
224
226
227
228
231
232
233
234
235
237
238
239
240
242
243
244
246
247
248
250
253
254
256
257
259
261
262
263
265
266
268
270
274
275
276
278
279
280
282
283
284
288
289
290
293
296
297
298
300
301
302
304
305
306
307
311
312
315
316
318
319
321
322
325
326
327
328
330
331
333
334
335
337
338
339
340
342
343
346
347
352
355
356
358
360
361
362
363
364
366
368
369
370
371
372
373
374
376
379
380
381
382
383
384
385
389
390
391
392
394
396
400
401
402
403
404
407
408
409
410
411
413
414
418
419
420
421
422
423
424
425
429
430
431
432
433
434
435
436
437
438
439
440
441
442
443
444
445
446
447
448
450
451
456
457
458
459
460
464
465
466
467
468
469
471
474
475
476
477
478
481
482
483
484
485
486
487
489
490
491
495
496
497
499
500
501
503
504
506
507
512
515
516
517
519
520
522
523
525
526
528
529
531
532
535
536
538
539
540
541
543
544
545
548
549
550
551
552
553
556
557
558
559
560
562
565
566
567
568