1
2
3
4
5
6
7
8
9
10
11
12
13
14
15
16
18
19
20
21
22
23
24
25
26
28
29
30
31
32
33
34
35
36
37
39
41
43
44
45
46
47
48
49
50
52
53
54
55
56
57
58
60
61
65
66
69
70
71
72
73
75
76
77
78
79
80
81
82
83
84
88
89
90
91
92
94
95
96
97
99
101
102
103
104
105
106
107
108
109
112
115
116
117
118
119
120
121
122
125
126
127
128
129
130
131
132
133
135
136
137
138
141
142
143
144
145
146
147
148
149
150
151
152
153
156
157
158
159
160
161
162
163
164
165
167
168
169
170
172
174
177
178
179
180
181
182
183
184
185
186
188
189
190
191
193
195
198
199
200
201
202
203
204
205