1
2
3
4
5
6
7
8
9
10
11
12
13
14
15
17
19
21
22
23
24
25
26
27
28
29
31
32
33
34
35
36
37
38
39
40
41
42
43
44
45
46
47
48
49
50
51
52
53
54
55
56
57
58
59
60
61
62
63
64
65
66
68
69
72
73
76
77
80
81
82
83
86
87
88
89
90
91
93
94
98
99
100
101
102
103
104
106
107
110
113
114
115
117
118
119
120
121
122
123
124
125
127
128
131
132
136
139
140
142
143
144
145
146
147
148
149
151
152
155
156
160
163
164
165
166
167
168
172
173
176
177
180
181
184
185
188
189
192
193
196
197
200
201
204
205
208
209
212
213
216
217
218
219
222
223
224
225
226
228
231
232
233
236
237
238
239
240
241
246
247
248
251
254
255
256
259
260
261
262
263
264
269
270
271
274
277
278
279
280
281
282
284
285
287
290
291
294
295
298
299
302
303
306
307
308
310
311
314
315
318
319
322
323
324
327
328
332
333
334
335
338
339
342
343
344
347
348
351
352
355
356
359
360
363
364
368
370
371
374
375
378
379
382
383
386
387
390
391
394
395
398
399
400
401
402
403
404
406
407
408
410
411
413
414
415
416
417
418
419
420
421
422
423
424
425
426
428
431
432
435
436
439
440
441
442
443
444
445
446
447
448
449
450
451
452
453
454
459
460
461
465
466
467
471
472
473
477
478
480
481
482
483
487
488
492
493
495
496
497
498
502
503
507
508
510
511
512
513
517
518