1
2
3
4
5
6
7
8
9
10
11
12
13
14
15
17
18
19
20
21
22
24
25
26
27
29
31
32
33
34
36
37
38
39
40
41
42
43
44
45
47
49
50
51
52
53
54
55
57
58
60
61
62
63
64
67
68
69
73
75
76
77
78
81
82
83
84
85
87
88
89
90
91
92
96
97
98
99
100
101
102
103
104
105
110
111
113
114
115
117
118
120
121
122
124
125
126
127
128
129
130
131
132
133
134
135
137
138
139
142
143
146
147
148
149
150
152
153
154
155
157
160
161
162
163
164
165
166
167
168
169
170
171
172
173
174
175
176
177
178
179
181
182
183
186
187
188
189
190
192
197
198
199
202
203
204
206