1
2
3
4
5
6
7
8
9
10
11
12
13
14
15
17
19
20
21
22
24
25
26
27
28
29
31
32
33
34
35
36
37
38
39
40
41
43
44
45
46
47
48
50
51
53
54
55
56
58
59
60
61
62
64
65
66
67
68
69
70
71
72
73
74
75
76
77
78
80
81
83
84
85
86
87
89
90
91
93
94
95
96
97
98
100
101
102
103
104
105
106
107
109
110
112
113
114
115
116
117
118
120
121
122
124
126
127
128
130
131
132
134
135
136
138
139
140
141
143
144
145
147
148
149
150
151
153
155
156
157
158
159
162
163
164
166
168
169
170
172
173
174
175
176
177
179
180
181
182
183
184
186
187
188
189
190
191
192
193
194
195
197
198
199
200
201
202
203
204
205
206
207
209
210
211
212
213
214
215
216
217
218
219
220
221
222
224
225
226
228
229
230
231
233
234
236
237
238
239
240
241
243
244
246
247
248
250
251
252
253
255
256
258
259
260
261
263
264
265
266
267
268
269
271
272
273
275
276
277
278
280
282
283
284
285
286
287
289
291
292
293
295
296
297
298
299
300
301
302
303
304
305
306
308
309
310
311
312
314
315
316
317
318
319
320
321
323
324
325
326
327
328
329
330
331
333
334
335
336
337
338
339
341
342
343
345
346
348
350
351
352
354
355
356
357
358
359
360
361
362
363
364
365
367
368
370
371
373
374
376
377
378
379
381
382
384
385
387
388
390
391
393
394
395
396
397
398
399
400
401
402
404
405
406
408
409
410
411
412
413
414
415
416
417
419
420
422
423
424
425
426
427
428
429
430
431
433
434
435
436
438
439
440
442
443
445
446
447
449
450
451
453
454
455
456
458
459
460
462
463
464
466
467
468
470
471
472
473
474
475
476
477
479
480
481
483
484
485
487
488
489
491
492
493
495
496
497
498
500
502
503
504
505
507
508
510
511
512
513
514
515
516
517
518
519
520
521
522
523
525
526
527
529
530
531
532
533
535
536
537
538
539
540
542
543
544
545
547
548
549
550
551
552
553
554
555
556
558
559
560
561
562
563
564
565
566
568
569
570
571
572
573
575
576
577
578
579
580
581
583
584
585
586
587
588
589
590
591
593
594
596
597
598
599
600
601
602
603
604
606
607
608
610
611
612
613
614
615
617
618
619
620
621
622
623
624
625
627
628
630
631
632
634
635
636
637
638
639
640
642
643
645
646
647
648
650
651
652
653
654
655
656
657
658
659
661
673
675
676
677
678
680
681
682
683
685
687
688
689
690
691
693
694
695
697
698
699
700
701
702
703
705
706
707
708
709
711
712
713
714
715
717
718
719
720
721
723
724
725
726
727
728
729
730
731
733
734
735
736
738
739
740
741
742
743
745
746
747
748
749
750
751
753
754
755
756
757
759
760
761
763
764
765
766
767
768
769
771
772
773
774
775
776
777
778
779
780
781
782
784
785
787
788
790
791
792
794
795
797
798
800
801
803
804
805
806
807
809
810
811
813
814
815
817
818
819
820
821
822
823
824
825
826
827
828
829
830
831
833
834
836
837
838
839
840
841
842
843
844