1
2
3
4
5
6
7
8
9
10
11
12
13
14
15
17
19
20
22
23
25
26
27
28
30
31
33
34
37
38
41
42
44
45
46
47
48
49
51
52
53
54
55
56
59
60
61
64
65
66
69
70
71
72
73
76
77
78
79
80
82
83
84
85
86
88
89
90
91
92
94
95
96
97
98
101
102
105
106
109
110
113
114
115
116
117
119
120
121
122
123
125
126
127
128
129
132
133
134
135
136
138
139
140
141
142
144
145
146
147
148
151
152
153
154
155
157
158
159
160
161
163
164
165
166
167
169
170
171
172
173
176
177
180
181
182
183
184
187
188
191
192
195
196
199
200
203
204
207
208
211
212
215
216
219
220
223
224
227
228
231
232
235
236
239
240
243
244
247
248
251
252
255
256
257
259
260
261
262
263
267
268
269
271
272
273
274
275
279
280
281
283
284
285
286
287
291
292
295
296