1
2
3
4
5
6
7
8
9
10
11
12
13
14
15
18
20
21
22
23
24
25
26
28
29
30
31
32
33
34
35
36
37
38
39
40
41
42
43
44
45
46
47
48
49
51
52
54
55
56
57
58
59
60
61
62
64
66
67
70
71
72
73
74
75
77
78
80
82
83
85
86
87
88
90
93
94
95
96
97
101
102
103
104
105
109
110
111
112
113
116
117
118
119
120
121
122
123
124
125
126
127
129
130
133
134
135
137
138
139
141
142
143
145
146
147
148
149
150
151
153
154
155
156
157
158
160
163
164
165
168
169
170
173
174
178
179
180
181
182
183
184
186
187
190
193
194
195
196
199
200
201
202
203
206
207
208
209
210
213
214
217
218
221
222
226
227
228
229
230
234
235
236
237
238
239
243
244
245
246
247
248
249
250
251
256
257
258
259
261
264
265
268
269
270
271
272
273
274
279
280
281
282
283
284
289
290
291
292
293
296
297
298
299
300
304
305
306
307
308
309
313
314
315
316
317
318
319
320
321
323
324
328
329
330
331
332
333
336
337
341
342
343
347
348
354
355
356
357
358
359
360
361
362
363
366
367
370
371
372
373
374
375
376
377
381
382
383
384
385
386
390
391
392
393
394
395
396
398
401
402
403
404
405
406
409
410
413
414
415
416
417
420
421
422
423
424
425
426
427
428
429
431
433
434
435
436
437
438
439
440
444
445
446
448
450
452
453
457
460
461
462
463
465
466
467
468
469
470
471
472
473
474
475
477
478
479
480
482
484
485
491
492
493
494
495
496
497
498
499
500
501
502
503
504
505
506
507
509
510
512
515
516
517
518
519
520
521
522
524
525
527
529
530
536
537
538
542
543
544
545
546
547
548
551
552
557
558
559
560
561
563
564
565
566
567
568
571
572
573
574
576
577
578
579
580
581
582
583
584
585
586
587
588
595
596
597
598
599
600
601
602
603
604
605
606
607
608
609
610
611
612
613
614
615
616
617
618
619
620
621
622
623
625
629
630
632
639
640
641
642
643
644
647
649
650
651
652
653
654
655
656
657
658
662
663
665
666
668
669
671
672
673
675
676
677
678
681
682
683
684
685
686
688
689
690
691
694
695
697
698
699
700
701
704
705
706
707
708
709
715
716
719
720
723
724
725
726
727
731
732
733
734
735
736
737
738
742
743
748
749
752
753
754
755
756
760
761
762
763
764
765
766
767
768
769
770
771
772
773
774
775
776
777
778
779
780
781
787
790
791
794
795
796
797
798
800
801
805
806
809
810
811
812
813
815
816
817
818
822
824
825
827
828
829
830
831
832
833
834
836
837
838
839
840
841
846
847
849
852
853
854
855
856
857
858
859
860
861
862
865
866
867
869
872
873
874
875
876
877
878
879
880
881
882
883
884
885
887
888
889
890
891
892
893
894
895
896
897
898
899
900
901
904
905
906
907
912
915
916
917
920
922
923
924
925
926
927
928
929
930
931
932
933
934
935
936
937
938
939
943
946
947