1
2
3
4
5
6
7
8
9
10
11
12
13
14
15
17
19
20
21
22
23
24
26
27
28
29
30
31
32
33
35
37
38
39
41
42
43
44
45
46
47
49
50
52
53
56
57
58
61
62
63
64
65
67
68
69
70
71
72
73
75
78
79
80
81
84
85
86
87
88
89
90
91
92
93
94
95
96
97
98
99
100
101
102
103
104
105
106
107
108
109
110
111
114
117
118
119
120
121
125
126
127
130
131
132
133
134
136
139
140
141
142
143
144
145
146
148
149
152
157
159
161
162
165
166
169
170
171
173
177
179
180
181
183
184
185
186
189
190
191
192
193
194
195
198
199
200
202
203
204
208
210
211
212
214
215
218
219
220
223
224
227
228
229
230
233
234
235
236
237
238
241
242
245
246
247
249
250
251
252
253
255
258
259
262
263
264
266
269
270