1
2
3
4
5
6
7
8
9
10
11
12
13
14
15
16
17
18
20
21
22
24
25
26
27
28
29
30
31
33
34
35
36
37
38
39
40
41
42
43
44
45
46
47
48
49
50
51
52
53
54
56
58
59
60
62
63
64
65
67
68
69
70
71
72
73
74
75
76
77
78
79
80
81
82
83
84
85
86
88
89
90
91
92
93
96
97
98
99
102
103
106
107
110
111
114
115
118
119
122
123
126
127
128
129
130
131
132
133
134
135
138
139
140
141
142
143
144
145
146
147
150
151
152
153
154
155
156
157
158
161
162
165
166
167
168
169
170
171
172
173
174
177
178
179
180
181
185
186
187
188
189
192
193
194
195
196
199
200
201
202
203
207
208
209
210
211
214
215
216
217
218
221
222
223
224
225
226
227
228
229
230
231
232
233
234
235
236
237
241
242
243
244
245
246
247
248
249
250
251
252
256
257
258
259
261
262
263
264
265
266
269
270
271
272
273
274
275