1
2
3
4
5
6
7
8
9
10
11
12
13
14
15
16
17
18
20
21
22
24
25
26
27
28
29
30
31
32
33
35
37
38
39
40
41
42
43
44
45
46
47
48
49
50
51
52
53
54
55
56
57
58
60
62
63
65
66
67
68
69
70
71
72
73
74
75
76
77
78
81
82
83
84
85
86
87
88
90
91
92
93
94
95
96
97
98
99
100
101
105
106
107
108
109
110
111
112
118
119
122
123
124
127
128
129
130
131
132
133
134
137
138
139
140
141
142
143
144
146
147
148
152
153
154
155
156
157
158
159
160
161
163
164
165
167
168
169
171
172
173
174
178
179
180
181
182
183
184
185
186
187
188
189
190
191
192
193
195
196
197
198
201
202
203
204
205
206
207
209
210
211
213
214
215
216
217
218
219
220
221
222
223
224
225
229
230
231
232
233
234
235
236
237
238
239
241
242
243
245
246
247
248
249
251
252
253
257
258
259
260
261
262
263
265
266
267
268
269
270
274
275
276
277
278
279
280
281
282
284
285
286
287
288
289
290
291
292
293
294
295
296
297
301
302
303
304
305
306
307
308
309
311
312
313
314
315
317
318
319
320
321
322
324
325
327
328
331
332
333
334
338
339
340
341
342
343
346
347
348