1
2
3
4
5
6
7
8
9
10
11
12
13
14
15
16
17
18
20
21
22
23
24
25
26
27
28
29
31
32
33
34
35
36
38
40
41
42
43
44
45
46
47
48
49
50
51
52
54
56
57
59
60
61
63
64
65
66
67
68
69
70
71
72
73
74
77
78
79
80
81
82
83
84
87
88
89
90
91
92
93
94
95
96
97
98
101
102
103
104
105
106
107
111
112
113
114
115
116
117
118
119
120
123
124
125
126
127
128
129
130
131
132
133
134
137
138
139
140
143
144
145
146
148
149
150
151
153
154
157
159
160
161
162
163
164
166
167
168
169
170
172
173
174
178
179
182
183
184
185
186
187
188
189
190
192
195
196
197
198
199
200
201
204
205
206
207
208
209
210
211
212
215
216
217
218
219
220
221
222
223
224
225
226
227
228
229
230
234
235
236
237
238
239
240
241
242
243
244
245
246
248
249