1
2
3
4
5
6
7
8
9
10
11
12
13
14
15
16
17
19
21
22
23
24
25
26
28
29
30
31
32
33
34
35
36
37
38
39
40
41
42
43
44
45
46
47
48
49
50
51
52
53
54
55
56
57
58
59
60
61
62
63
65
66
67
68
69
70
71
72
73
74
75
77
78
79
80
81
82
84
86
87
89
90
91
93
94
95
96
98
99
100
102
103
104
106
107
108
109
111
112
113
114
115
117
118
120
121
122
123
126
127
128
129
133
134
135
136
137
139
140
141
145
146
147
148
149
150
151
152
153
154
155
156
157
158
159
160
161
162
163
164
166
169
170
171
172
173
174
177
178
179
180
182
183
184
185
186
187
191
193
194
195
196
197
198
199
200
203
204
205
206
210
211
212
213
214
215
216
217
218
219
222
223
224
225
226
228
229
230
233
234
235
236
237
239
240
241
244
247
248
249
250
251
254
255
256
257
258
260
261
262
263
265
266
267
268
269
270
271
275
276
277
278
279
281
282
283
284
285
286
289
290
291
292
293
297
298
299
300
301
302
303
304
306
307
308
309
313
314
315
316
317
318
319
320
321
323
324
325
326
330
331
332
333
334
335
339
340
341
342
343
344
345
347
348
350
351
352
354
355
357
360
361
362
363
364
365
366
370
371
372
373
374
375
376
378
379
380
381
383
384
385
386
387
388
389
390
393
394
395
398
399
400
401
405
408
409
410
411
412
413
414
415
416
417
418
419
420
421
425
426
427
428
429
431
432
433
435
436
437
438
439
440
443
445
446
447
449
450
451
452
453
454
455
456
460
461
462
466
469
470
471
472
473
476
477
478
479
480
481
482
483
484
485
486
487
489
490
492
493
494
495
496
497
498
499
500
501
502
503
505
506
510
513
514
515
516
517
518
519
520
521
522
523
524
525
526
527
529
530
531
532
533
534
535
536
537
538
539
542
545
546
547
548
549
550
551
552
553
554
555
556
557
559
560
561
562
563
564
565
566
567
568
569
570
571
572
573
574
575
576
577
578
579
580
581
583
584
588
589
590
591
594
595
596
599
600
601
602
604
605
606
608
609
610
611
612
615
616
617
618
619
620
623
624
626
627
628
629
630
631
632
633
634
635
638
639
640
641
642
643
644
645
646
647
651
652
653
654
655
656
659
660
661
662
663
664
668
669
670
671
672
673
674
675
676
677
678
679
680
681
682
683
684
685
688
689
690
691
692
693
694
695
696
699
700