1
2
4
6
7
8
9
11
12
14
15
16
17
19
20
21
23
24
25
26
27
28
30
32
33
34
37
38
41
42
43
46
47
48
51
52
53
54
55
56
58
59
61
62
65
66
67
68
69
71
72
75
76
77
79
80
81
82
84
85
86
88
89
90
92
93
96
97
98
99
100
102
103
105
108
109
110
111
113
114
115
116
118
119
120
122
123
124
127
128
129
130
131
134
135
136
137
139
140
142
144
145
146
147
148
150
151
152
153
155
156
157
160
161
162
163
164
165
166
168
169
170
172
173
176
177
178
179
181
182
183
184
185
186
188
189
190
192
193
194
195
196
197
199
200
201
203
204
205
206
207
208
210
211
212
213
214
215
216
219
220
221
222
223
224
225
226
227
230
231
232
233
235
236
237
238
239
240
243
244
245
246
248
250
251
252
253
254
256
257
258
259
260
261
264
265
266
269
270
271
274
275
276
278
279
280
283
284
287
288
289
290
291
292
294
295
296
297
300
301
304
305
306
309
310
313
314
315
316
318
321
322
323
324
325
326
328
331
332
333
334
335
336
338
339
340
341
343
344
346
347
348
349
352
353
354
355
356
357
361
362
363
364
366
367
369
370
373
374
376
378
380
382
385
386
387
388
389
390
391
392
393
394
395
396
397
398
399
400
401
402
403
404
406
408
409
410
411
413
414
415
417
418
419
420
426
428
429
430
431
432
433
435
436
437
438
439
442
443
444
445
447
448
449
450
452
453
455
456
457
458
459
460
461
463
464
466
467
468
469
470
471
472
473
475
476
477
479
480
482
483
484
485
486
487
489
490
492
493
494
495
497
498
499
500
501
504
505
506
507
508
509
510
511
512
513
515
518
519
520
521
523
524
526
527
528
529
530
532
533
534
535
536
539
542
543
544
547
550
551
553
554
555
556
558
559
560
562
563
564
566
567
568
569
570
571
573
575
576
577
580
581
584
585
586
589
590
591
594
595
596
597
598
599
602
603
604
605
608
610
611
612
613
614
615
616
620
621
622
624
625
626
627
628
632
633
634
636
637
638
640
641
642
645
646
649
650
651
652
655
658
659
661
662
663
666
669
670
671
672
673
674
676
677
679
680
683
684
685
686
687
689
690
693
694
695
696
697
699
700
703
704
705
706
708
709
710
711
713
714
715
717
718
719
721
722
725
726
727
728
729
731
732
734
735
737
740
741
742
743
745
746
747
748
750
751
752
754
755
756
758
759
760
763
764
765
766
767
770
771
772
773
775
776
778
780
781
782
783
784
786
787
788
789
791
792
793
794
796
797
798
801
802
803
804
805
806
807
809
810
811
813
814
815
817
818
821
822
823
824
826
827
828
829
830
831
833
834
835
837
838
839
840
841
842
844
845
846
848
849
850
851
852
853
855
856
857
858
859
860
861
864
865
866
867
868
869
870
871
872
875
876
877
878
880
881
882
883
884
885
888
889
890
891
893
895
896
897
898
899
901
902
903
904
905
906
909
910
911
914
915
916
919
920
921
923
924
925
928
929
932
933
934
935
936
937
939
940
941
942
943
944
947
948
951
952
953
956
957
960
961
962
963
965
968
969
970
971
972
973
975
978
979
980
981
982
983
985
986
987
988
990
991
993
994
995
997
998
999
1000
1003
1004
1005
1006
1007
1008
1012
1013
1014
1015
1017
1018
1020
1021
1023
1024
1027
1028
1030
1032
1034
1036
1039
1040
1041
1042
1043
1044
1045
1046
1047
1048
1049
1050
1051
1052
1053
1054
1055
1056
1057
1058
1060
1062
1063
1064
1065
1067
1068
1069
1071
1072
1073
1074
1075
1076
1077
1078
1080
1082
1083
1084
1085
1091
1093
1094
1095
1096
1097
1098
1100
1101
1102
1103
1104
1107
1108
1109
1110
1112
1113
1114
1115
1117
1118
1120
1121
1122
1123
1124
1125
1126
1128
1129
1131
1132
1133
1134
1135
1136
1137
1138
1140
1141
1142
1144
1145
1147
1148
1149
1150
1151
1152
1154
1155
1157
1158
1159
1160
1162
1163
1164
1165
1166
1169
1170
1171
1172
1173
1174
1175
1176
1177
1178
1180
1183
1184
1185
1186
1188
1189
1191
1192
1193
1195
1196
1197
1198
1200
1201
1202
1203
1204
1207
1208
1209
1210
1212
1213
1215
1216
1217
1218
1219
1221
1222
1223
1224
1225
1228
1231
1232
1233
1236
1239
1240
1242
1243
1244
1245
1247
1248
1249
1250
1252
1253
1254
1255
1256
1257
1259
1261
1262
1263
1266
1267
1270
1271
1272
1275
1276
1277
1280
1281
1282
1283
1284
1285
1287
1288
1290
1291
1294
1295
1296
1297
1298
1299
1301
1302
1304
1305
1308
1309
1310
1312
1313
1314
1315
1317
1318
1319
1321
1322
1323
1325
1326
1329
1330
1331
1332
1333
1335
1336
1338
1341
1342
1343
1344
1346
1347
1348
1349
1352
1353
1354
1355
1357
1358
1360
1361
1362
1365
1366
1367
1368
1369
1372
1373
1374
1375
1377
1378
1380
1382
1383
1384
1385
1386
1388
1389
1390
1391
1392
1395
1396
1397
1398
1399
1400
1401
1403
1404
1405
1407
1408
1411
1412
1413
1414
1416
1417
1418
1419
1420
1421
1423
1424
1425
1427
1428
1429
1430
1431
1432
1434
1435
1436
1438
1439
1440
1441
1442
1443
1445
1446
1447
1448
1449
1450
1451
1454
1455
1456
1457
1458
1459
1460
1461
1462
1465
1466
1467
1468
1470
1471
1472
1473
1474
1475
1478
1479
1480
1481
1483
1485
1486
1487
1488
1489
1491
1492
1493
1494
1495
1496
1499
1500
1501
1504
1505
1506
1509
1510
1511
1513
1514
1515
1518
1519
1522
1523
1524
1525
1526
1527
1529
1530
1531
1532
1535
1536
1539
1540
1541
1544
1545
1548
1549
1550
1551
1553
1556
1557
1558
1559
1560
1561
1563
1566
1567
1568
1569
1570
1571
1573
1574
1575
1576
1578
1579
1580
1582
1583
1584
1585
1588
1589
1590
1591
1592
1593
1597
1598
1599
1600
1602
1603
1604
1605
1606
1607
1608
1610
1612
1613
1616
1617
1619
1621
1623
1625
1628
1629
1630
1631
1632
1633
1634
1635
1636
1637
1638
1639
1640
1641
1642
1643
1644
1645
1646
1647
1649
1651
1652
1653
1654
1656
1657
1658
1660
1661
1662
1663
1669
1671
1672
1673
1674
1675
1676
1678
1679
1680
1681
1682
1685
1686
1687
1688
1690
1691
1692
1693
1695
1696
1698
1699
1700
1701
1702
1703
1704
1706
1707
1709
1710
1711
1712
1713
1714
1715
1716
1718
1719
1720
1722
1723
1725
1726
1727
1728
1729
1730
1732
1733
1735
1736
1737
1738
1740
1741
1742
1743
1744
1747
1748
1749
1750
1751
1752
1753
1754
1755
1756
1758
1761
1762
1763
1764
1765
1766
1769
1770
1771
1773
1774
1776
1777
1779
1780
1781
1782
1784
1785
1786
1787
1789
1790
1791
1793
1794
1795
1796
1798
1799
1800
1801
1802
1803
1805
1806
1807
1808
1809
1812
1815
1816
1817
1820
1823
1824
1826
1827
1828
1829
1831
1832
1833
1834
1835
1836
1838
1840
1841
1842
1845
1846
1849
1850
1851
1854
1855
1856
1859
1860
1861
1862
1863
1864
1866
1867
1869
1870
1873
1874
1876
1877
1878
1879
1881
1882
1885
1886
1887
1888
1889
1891
1894
1895
1896
1897
1899
1901
1902
1903
1904
1906
1907
1909
1910
1911
1914
1915
1916
1917
1918
1921
1922
1923
1924
1926
1927
1929
1931
1932
1933
1934
1935
1936
1939
1940
1941
1942
1943
1944
1945
1947
1948
1951
1952
1953
1954
1956
1957
1958
1959
1960
1961
1963
1964
1965
1967
1968
1969
1970
1971
1972
1974
1975
1976
1978
1979
1980
1981
1982
1983
1985
1986
1987
1988
1989
1990
1991
1994
1995
1996
1997
1998
1999
2000
2001
2002
2005
2006
2007
2008
2010
2011
2012
2013
2014
2015
2018
2019
2020
2021
2023
2025
2026
2027
2028
2029
2031
2032
2033
2034
2035
2036
2039
2040
2041
2044
2045
2046
2049
2050
2051
2053
2054
2057
2058
2061
2062
2063
2064
2065
2068
2069
2072
2073
2074
2077
2078
2081
2082
2083
2084
2086
2089
2090
2091
2092
2093
2094
2096
2099
2100
2101
2102
2103
2104
2105
2107
2108
2109
2112
2113
2114
2115
2116
2117
2121
2122
2123
2124
2125
2126
2127
2128
2129
2131
2133
2134
2137
2138
2141
2142
2143
2144
2145
2146
2147
2148
2149
2150
2151
2152
2153
2154
2155
2156
2157
2158
2159
2160
2162
2164
2165
2166
2167
2173
2175
2176
2177
2178
2179
2180
2183
2184
2185
2187
2188
2190
2191
2193
2194
2195
2196
2198
2199
2200
2201
2203
2204
2205
2207
2208
2209
2210
2212
2213
2214
2215
2216
2217
2219
2220
2221
2222
2223
2225
2226
2227
2228
2231
2234
2235
2236
2239
2242
2243
2245
2246
2247
2248
2249
2250
2252
2254
2255
2256
2259
2260
2263
2264
2265
2268
2269
2270
2273
2275
2276
2277
2278
2280
2281
2284
2285
2286
2287
2290
2291
2292
2293
2295
2296
2297
2298
2301
2302
2303
2304
2305
2308
2309
2310
2311
2313
2314
2316
2318
2319
2320
2321
2324
2325
2326
2327
2328
2329
2332
2333
2334
2335
2337
2338
2339
2340
2341
2342
2344
2345
2346
2348
2349
2350
2351
2352
2353
2355
2356
2357
2359
2360
2361
2362
2363
2364
2366
2367
2368
2369
2370
2371
2372
2375
2376
2377
2378
2379
2380
2381
2382
2383
2386
2387
2388
2389
2391
2392
2393
2394
2395
2396
2399
2400
2401
2402
2404
2406
2407
2408
2409
2410
2412
2413
2414
2415
2416
2417
2420
2421
2422
2425
2426
2427
2430
2431
2432
2434
2435
2438
2439
2442
2443
2444
2447
2448
2451
2452
2453
2456
2457
2460
2461
2462
2463
2465
2468
2469
2470
2471
2472
2473
2475
2478
2479
2480
2481
2484
2485
2486
2487
2488
2489
2493
2494
2495
2496
2499
2500
2503
2504
2505
2506
2507
2508
2509
2510
2511
2512
2513
2514
2515
2516
2517
2518
2519
2520
2521
2522
2524
2531
2534
2535
2536
2539
2542
2543
2545
2546
2547
2548
2549
2550
2551
2552
2553
2555
2556
2557
2558
2559
2560
2562
2564
2565
2566
2569
2570
2573
2574
2575
2578
2579
2580
2583
2584
2585
2586
2587
2589
2590
2591
2593
2594
2596
2597
2599
2600
2601
2604
2605
2607
2608
2609
2610
2612
2613
2614
2615
2618
2619
2622
2623
2624
2625
2626
2628
2631
2632
2633
2634
2636
2637
2638
2639
2641
2642
2643
2646
2647
2648
2649
2650
2653
2654
2655
2656
2658
2659
2661
2663
2664
2665
2666
2667
2668
2671
2672
2673
2674
2675
2676
2677
2679
2680
2683
2684
2685
2686
2688
2689
2690
2691
2692
2693
2695
2696
2697
2699
2700
2701
2702
2703
2704
2706
2707
2708
2710
2711
2712
2713
2714
2715
2717
2718
2719
2720
2721
2722
2723
2726
2727
2728
2729
2730
2731
2732
2733
2734
2737
2738
2739
2740
2742
2743
2744
2745
2746
2747
2750
2751
2752
2753
2755
2757
2758
2759
2760
2761
2763
2764
2765
2766
2767
2768
2771
2772
2773
2776
2777
2778
2781
2782
2783
2785
2786
2787
2790
2791
2794
2795
2796
2797
2798
2799
2800
2802
2805
2806
2809
2810
2811
2814
2815
2818
2819
2820
2821
2823
2826
2827
2828
2829
2830
2831
2833
2836
2837
2838
2839
2840
2841
2842
2844
2845
2846
2848
2849
2852
2853
2854
2855
2856
2857
2861
2862
2863
2864
2865
2866
2867
2868
2869
2870
2872
2874
2875
2876
2877
2878
2879
2880
2881
2882
2883
2884
2885
2889
2890
2893
2894
2895
2897
2900
2903
2904
2905
2906
2907
2908
2909
2910
2911
2912
2913
2914
2915
2916
2917
2918
2919
2920
2921
2922
2924
2926
2927
2928
2929
2930
2936
2938
2939
2940
2941
2942
2943
2944
2948
2949
2951
2952
2953
2954
2955
2958
2959
2960
2961
2962
2965
2966
2967
2968
2969
2972
2973
2974
2975
2976
2978
2979
2980
2981
2982
2984
2986
2987
2988
2989
2990
2991
2992
2993
2995
2997
2998
2999
3000
3002
3003
3004
3005
3006
3008
3010
3011
3012
3013
3014
3016
3017
3018
3019
3020
3022
3024
3025
3026
3027
3028
3029
3030
3031
3033
3035
3036
3037
3038
3039
3040
3041
3042
3044
3046
3047
3048
3049
3050
3051
3052
3053
3055
3057
3058
3059
3060
3061
3062
3063
3065
3067
3068
3069
3070
3071
3072
3073
3075
3077
3078
3079
3081
3082
3083
3084
3085
3088
3089
3090
3091
3092
3093
3096
3097
3098
3100
3101
3102
3103
3105
3106
3107
3109
3110
3111
3112
3113
3114
3115
3116
3117
3118
3119
3121
3124
3127
3128
3129
3132
3135
3136
3138
3139
3140
3141
3142
3143
3144
3145
3146
3148
3149
3150
3151
3152
3153
3155
3157
3158
3159
3162
3163
3166
3167
3168
3171
3172
3173
3176
3177
3179
3180
3181
3182
3184
3185
3186
3188
3189
3190
3191
3192
3193
3194
3195
3196
3198
3199
3200
3201
3202
3203
3205
3207
3208
3209
3212
3213
3216
3217
3218
3221
3222
3223
3226
3227
3228
3229
3230
3231
3233
3234
3236
3237
3240
3241
3242
3243
3244
3246
3247
3250
3251
3252
3253
3254
3256
3257
3258
3260
3261
3263
3264
3266
3267
3268
3271
3272
3273
3274
3276
3277
3278
3279
3281
3282
3283
3285
3286
3287
3289
3290
3291
3292
3295
3296
3299
3300
3301
3302
3303
3305
3306
3308
3309
3311
3314
3315
3316
3317
3319
3320
3321
3322
3324
3325
3326
3328
3329
3330
3332
3333
3334
3337
3338
3339
3340
3341
3344
3345
3346
3347
3349
3350
3352
3354
3355
3356
3357
3358
3360
3361
3362
3363
3365
3366
3367
3368
3369
3372
3373
3374
3375
3376
3377
3378
3380
3381
3382
3384
3385
3386
3388
3389
3392
3393
3394
3395
3397
3398
3399
3400
3401
3402
3404
3405
3406
3408
3409
3410
3411
3412
3413
3415
3416
3417
3419
3420
3421
3422
3423
3424
3426
3427
3428
3429
3430
3431
3432
3435
3436
3437
3438
3439
3440
3441
3442
3443
3446
3447
3448
3449
3451
3452
3453
3454
3455
3456
3459
3460
3461
3462
3464
3466
3467
3468
3469
3470
3472
3473
3474
3475
3476
3477
3480
3481
3482
3485
3486
3487
3490
3491
3492
3494
3495
3496
3497
3500
3501
3504
3505
3506
3507
3508
3509
3511
3512
3513
3514
3515
3516
3517
3518
3520
3523
3524
3527
3528
3529
3532
3533
3536
3537
3538
3539
3541
3544
3545
3546
3547
3548
3549
3551
3554
3555
3556
3557
3558
3559
3561
3562
3563
3564
3566
3567
3569
3570
3571
3572
3573
3575
3576
3577
3579
3580
3581
3584
3585
3586
3587
3588
3589
3593
3594
3595
3596
3598
3599
3601
3602
3603
3604
3605
3606
3607
3608
3610
3612
3613
3614
3615
3616
3617
3618
3619
3620
3621
3622
3623
3627
3628
3631
3632
3634
3636
3638
3640
3641
3643
3646
3649
3650
3651
3652
3653
3654
3655
3656
3657
3658
3659
3660
3661
3662
3663
3664
3665
3666
3667
3668
3670
3672
3673
3674
3675
3677
3678
3679
3681
3682
3683
3684
3686
3687
3688
3689
3690
3696
3698
3699
3700
3701
3702
3703
3705
3706
3707
3708
3709
3712
3713
3714
3715
3717
3718
3719
3720
3722
3723
3725
3726
3727
3728
3729
3730
3731
3733
3734
3736
3737
3738
3739
3740
3741
3742
3743
3745
3746
3747
3749
3750
3752
3753
3754
3755
3756
3757
3759
3760
3762
3763
3764
3765
3767
3768
3769
3770
3771
3774
3775
3776
3777
3778
3779
3780
3781
3782
3783
3785
3788
3789
3790
3791
3793
3794
3796
3797
3798
3799
3800
3802
3803
3804
3805
3806
3809
3810
3811
3812
3813
3814
3815
3819
3820
3822
3823
3824
3825
3826
3829
3830
3831
3832
3833
3836
3837
3838
3839
3840
3843
3844
3845
3846
3847
3849
3850
3851
3852
3853
3855
3857
3858
3859
3860
3861
3862
3863
3864
3866
3868
3869
3870
3871
3873
3874
3875
3876
3877
3879
3881
3882
3883
3884
3885
3887
3888
3889
3890
3891
3893
3895
3896
3897
3898
3899
3900
3901
3902
3904
3906
3907
3908
3909
3910
3911
3912
3913
3915
3917
3918
3919
3920
3921
3922
3923
3924
3926
3928
3929
3930
3931
3932
3933
3934
3936
3938
3939
3940
3941
3942
3943
3944
3946
3948
3949
3950
3952
3953
3954
3955
3956
3959
3960
3961
3962
3963
3964
3967
3968
3969
3971
3972
3973
3974
3976
3977
3978
3980
3981
3982
3983
3984
3985
3986
3987
3988
3989
3990
3992
3995
3998
3999
4000
4003
4006
4007
4008
4009
4010
4012
4013
4014
4016
4017
4019
4020
4022
4023
4024
4027
4028
4030
4031
4032
4033
4035
4036
4037
4038
4041
4042
4045
4046
4047
4048
4049
4051
4054
4055
4056
4057
4059
4060
4061
4062
4064
4065
4066
4069
4070
4071
4072
4073
4076
4077
4078
4079
4081
4082
4084
4086
4087
4088
4089
4090
4091
4094
4095
4096
4097
4098
4099
4100
4102
4103
4106
4107
4108
4109
4111
4112
4113
4114
4115
4116
4118
4119
4120
4122
4123
4124
4125
4126
4127
4129
4130
4131
4133
4134
4135
4136
4137
4138
4140
4141
4142
4143
4144
4145
4146
4149
4150
4151
4152
4153
4154
4155
4156
4157
4160
4161
4162
4163
4165
4166
4167
4168
4169
4170
4173
4174
4175
4176
4178
4180
4181
4182
4183
4184
4186
4187
4188
4189
4190
4191
4194
4195
4196
4199
4200
4201
4204
4205
4206
4208
4209
4210
4213
4214
4217
4218
4219
4220
4221
4222
4223
4225
4228
4229
4232
4233
4234
4237
4238
4241
4242
4243
4244
4246
4249
4250
4251
4252
4253
4254
4256
4259
4260
4261
4262
4263
4264
4265
4267
4268
4269
4271
4272
4275
4276
4277
4278
4279
4280
4284
4285
4286
4287
4288
4289
4290
4291
4292
4293
4295
4297
4298
4299
4300
4301
4302
4303
4304
4305
4306
4307
4308
4312
4313
4316
4317
4318
4320
4323
4326
4327
4328
4329
4330
4331
4332
4333
4334
4335
4336
4337
4338
4339
4340
4341
4342
4343
4344
4345
4347
4349
4350
4351
4352
4353
4359
4361
4362
4363
4364
4365
4366
4367
4371
4372
4374
4375
4376
4377
4378
4381
4382
4383
4384
4385
4388
4389
4390
4391
4392
4395
4396
4397
4398
4399
4401
4402
4403
4404
4405
4407
4409
4410
4411
4412
4413
4414
4415
4416
4418
4420
4421
4422
4423
4425
4426
4427
4428
4429
4431
4433
4434
4435
4436
4437
4439
4440
4441
4442
4443
4445
4447
4448
4449
4450
4451
4452
4453
4454
4456
4458
4459
4460
4461
4462
4463
4464
4465
4467
4469
4470
4471
4472
4473
4474
4475
4476
4478
4480
4481
4482
4483
4484
4485
4486
4488
4490
4491
4492
4493
4494
4495
4496
4498
4500
4501
4502
4504
4505
4506
4507
4508
4511
4512
4513
4514
4515
4516
4519
4520
4521
4523
4524
4525
4526
4528
4529
4530
4532
4533
4534
4535
4536
4537
4538
4539
4540
4541
4542
4544
4547
4550
4551
4552
4555
4558
4559
4561
4562
4563
4564
4566
4567
4568
4569
4570
4571
4573
4575
4576
4577
4580
4581
4584
4585
4586
4589
4590
4591
4594
4595
4596
4597
4598
4601
4602
4603
4606
4608
4609
4610
4611
4612
4613
4617
4618
4619
4621
4622
4623
4624
4625
4629
4630
4631
4633
4634
4635
4637
4638
4639
4642
4643
4646
4647
4648
4649
4652
4655
4656
4658
4659
4660
4663
4666
4667
4668
4669
4670
4672
4673
4675
4676
4679
4680
4682
4683
4684
4685
4687
4688
4691
4692
4693
4694
4695
4697
4700
4701
4702
4703
4705
4707
4708
4709
4710
4712
4713
4715
4716
4717
4720
4721
4722
4723
4724
4727
4728
4729
4730
4732
4733
4735
4737
4738
4739
4740
4741
4742
4745
4746
4747
4748
4749
4750
4751
4753
4754
4757
4758
4759
4760
4762
4763
4764
4765
4766
4767
4769
4770
4771
4773
4774
4775
4776
4777
4778
4780
4781
4782
4784
4785
4786
4787
4788
4789
4791
4792
4793
4794
4795
4796
4797
4800
4801
4802
4803
4804
4805
4806
4807
4808
4811
4812
4813
4814
4816
4817
4818
4819
4820
4821
4824
4825
4826
4827
4829
4831
4832
4833
4834
4835
4837
4838
4839
4840
4841
4842
4845
4846
4847
4850
4851
4852
4855
4856
4857
4859
4860
4863
4864
4867
4868
4869
4870
4871
4874
4875
4878
4879
4880
4883
4884
4887
4888
4889
4890
4892
4895
4896
4897
4898
4899
4900
4902
4905
4906
4907
4908
4909
4910
4912
4913
4914
4917
4918
4919
4920
4921
4922
4926
4927
4928
4929
4930
4931
4932
4933
4934
4936
4938
4939
4942
4943
4946
4947
4948
4949
4950
4951
4952
4953
4954
4955
4956
4957
4958
4959
4960
4961
4962
4963
4964
4965
4967
4969
4970
4971
4972
4973
4974
4975
4977
4979
4980
4981
4982
4983
4984
4985
4986
4987
4988
4991
4992
4998
5000
5001
5002
5003
5004
5005
5006
5009
5010
5012
5013
5015
5016
5018
5019
5020
5021
5023
5024
5025
5026
5028
5029
5030
5032
5033
5034
5035
5037
5038
5039
5040
5041
5042
5044
5045
5046
5047
5048
5051
5054
5055
5056
5059
5062
5063
5065
5066
5067
5068
5070
5071
5072
5074
5075
5076
5078
5079
5080
5081
5083
5084
5085
5086
5087
5088
5090
5092
5093
5094
5097
5098
5101
5102
5103
5106
5107
5108
5111
5112
5113
5114
5115
5116
5118
5119
5121
5122
5125
5126
5127
5128
5129
5131
5132
5135
5136
5137
5138
5139
5141
5142
5145
5146
5147
5148
5149
5151
5152
5154
5155
5158
5159
5160
5161
5162
5164
5165
5166
5167
5169
5170
5171
5173
5174
5175
5177
5178
5179
5180
5183
5184
5187
5188
5189
5190
5191
5193
5194
5196
5197
5199
5200
5202
5205
5206
5207
5208
5210
5211
5212
5213
5215
5216
5217
5219
5220
5221
5223
5224
5225
5227
5228
5229
5232
5233
5234
5235
5236
5239
5240
5241
5242
5244
5245
5247
5249
5250
5251
5252
5253
5255
5256
5257
5258
5260
5261
5262
5263
5265
5266
5267
5268
5270
5271
5272
5275
5276
5277
5278
5279
5280
5281
5283
5284
5285
5287
5288
5289
5291
5292
5293
5295
5296
5299
5300
5301
5302
5304
5305
5306
5307
5308
5309
5311
5312
5313
5315
5316
5317
5318
5319
5320
5322
5323
5324
5326
5327
5328
5329
5330
5331
5333
5334
5335
5336
5337
5338
5339
5342
5343
5344
5345
5346
5347
5348
5349
5350
5353
5354
5355
5356
5358
5359
5360
5361
5362
5363
5366
5367
5368
5369
5371
5373
5374
5375
5376
5377
5379
5380
5381
5382
5383
5384
5387
5388
5389
5392
5393
5394
5397
5398
5399
5401
5402
5403
5404
5407
5408
5411
5412
5413
5414
5415
5416
5418
5419
5420
5421
5422
5423
5424
5425
5426
5428
5429
5432
5433
5436
5437
5438
5441
5442
5445
5446
5447
5448
5450
5453
5454
5455
5456
5457
5458
5460
5463
5464
5465
5466
5467
5468
5470
5471
5472
5473
5475
5476
5478
5479
5480
5482
5483
5484
5486
5487
5488
5489
5491
5492
5493
5496
5497
5498
5499
5500
5501
5505
5506
5507
5508
5510
5511
5513
5514
5516
5517
5519
5520
5523
5524
5526
5528
5530
5532
5533
5535
5538
5541
5542
5543
5544
5545
5546
5547
5548
5549
5550
5551
5552
5553
5554
5555
5556
5557
5558
5559
5560
5562
5564
5565
5566
5567
5569
5570
5571
5573
5574
5575
5576
5578
5579
5580
5581
5583
5584
5585
5586
5588
5589
5590
5596
5598
5599
5600
5601
5602
5603
5605
5606
5607
5608
5609
5612
5613
5614
5615
5617
5618
5619
5620
5622
5623
5625
5626
5627
5628
5629
5630
5631
5633
5634
5636
5637
5638
5639
5640
5641
5642
5643
5645
5646
5647
5649
5650
5652
5653
5654
5655
5656
5657
5659
5660
5662
5663
5664
5665
5667
5668
5669
5670
5671
5674
5675
5676
5677
5678
5679
5680
5681
5682
5683
5685
5688
5689
5690
5691
5693
5694
5696
5697
5698
5699
5700
5702
5703
5704
5705
5706
5709
5710
5711
5712
5714
5715
5717
5718
5719
5720
5721
5723
5724
5725
5726
5727
5730
5731
5732
5733
5734
5735
5737
5738
5739
5740
5741
5744
5745
5746
5747
5749
5750
5751
5752
5754
5755
5757
5758
5759
5760
5761
5762
5763
5765
5766
5768
5769
5770
5771
5772
5773
5774
5775
5777
5778
5779
5781
5782
5784
5785
5786
5787
5788
5789
5791
5792
5794
5795
5796
5797
5799
5800
5801
5802
5803
5806
5807
5808
5809
5810
5811
5812
5813
5814
5815
5817
5820
5823
5824
5825
5828
5831
5832
5834
5835
5836
5838
5839
5840
5841
5842
5843
5845
5847
5848
5849
5852
5853
5856
5857
5858
5861
5862
5863
5866
5867
5868
5869
5870
5871
5873
5874
5877
5878
5880
5881
5882
5883
5885
5886
5887
5889
5890
5893
5894
5895
5896
5897
5899
5902
5903
5904
5905
5907
5908
5909
5910
5912
5913
5914
5917
5918
5919
5920
5921
5924
5925
5926
5927
5929
5930
5932
5934
5935
5936
5937
5938
5940
5941
5942
5945
5946
5947
5948
5949
5950
5951
5953
5954
5957
5958
5959
5960
5962
5963
5964
5965
5966
5967
5969
5970
5971
5973
5974
5975
5976
5977
5978
5980
5981
5982
5984
5985
5986
5987
5988
5989
5991
5992
5993
5994
5995
5996
5997
6000
6001
6002
6003
6004
6005
6006
6007
6008
6011
6012
6013
6014
6016
6017
6018
6019
6020
6021
6024
6025
6026
6027
6029
6031
6032
6033
6034
6035
6037
6038
6039
6040
6041
6042
6045
6046
6047
6050
6051
6052
6055
6056
6057
6059
6060
6063
6064
6067
6068
6069
6070
6071
6074
6075
6078
6079
6080
6083
6084
6087
6088
6089
6090
6092
6095
6096
6097
6098
6099
6100
6102
6105
6106
6107
6108
6109
6110
6112
6113
6114
6115
6118
6119
6120
6121
6122
6123
6127
6128
6129
6130
6132
6133
6136
6137
6139
6141
6144
6145
6146
6147
6148
6149
6150
6151
6152
6153
6154
6155
6156
6157
6158
6159
6160
6161
6162
6163
6165
6167
6168
6169
6170
6176
6178
6179
6180
6181
6183
6184
6186
6187
6188
6189
6190
6192
6193
6194
6195
6196
6199
6202
6203
6204
6207
6210
6211
6213
6214
6215
6216
6218
6219
6220
6222
6223
6224
6225
6226
6227
6229
6231
6232
6233
6236
6237
6240
6241
6242
6245
6246
6247
6250
6251
6252
6253
6254
6255
6257
6258
6260
6261
6264
6265
6266
6267
6268
6270
6271
6274
6275
6276
6278
6279
6280
6281
6283
6284
6285
6287
6288
6289
6291
6292
6295
6296
6297
6298
6299
6301
6302
6304
6307
6308
6309
6310
6312
6313
6314
6315
6317
6318
6319
6321
6322
6323
6326
6327
6328
6329
6330
6333
6334
6335
6336
6338
6339
6341
6343
6344
6345
6346
6347
6349
6350
6351
6352
6354
6355
6356
6359
6360
6361
6362
6363
6364
6365
6367
6368
6369
6371
6372
6375
6376
6377
6378
6380
6381
6382
6383
6384
6385
6387
6388
6389
6391
6392
6393
6394
6395
6396
6398
6399
6400
6402
6403
6404
6405
6406
6407
6409
6410
6411
6412
6413
6414
6415
6418
6419
6420
6421
6422
6423
6424
6425
6426
6429
6430
6431
6432
6434
6435
6436
6437
6438
6439
6442
6443
6444
6445
6447
6449
6450
6451
6452
6453
6455
6456
6457
6458
6459
6460
6463
6464
6465
6468
6469
6470
6473
6474
6475
6477
6478
6479
6482
6483
6486
6487
6488
6489
6490
6491
6493
6494
6495
6496
6499
6500
6503
6504
6505
6508
6509
6512
6513
6514
6515
6517
6520
6521
6522
6523
6524
6525
6527
6530
6531
6532
6533
6534
6535
6537
6538
6539
6540
6542
6543
6545
6546
6547
6548
6551
6552
6553
6554
6555
6556
6560
6561
6562
6563
6565
6566
6568
6569
6572
6573
6575
6577
6579
6581
6584
6585
6586
6587
6588
6589
6590
6591
6592
6593
6594
6595
6596
6597
6598
6599
6600
6601
6602
6603
6605
6607
6608
6609
6610
6612
6613
6614
6616
6617
6618
6619
6625
6627
6628
6629
6630
6631
6632
6634
6635
6636
6637
6638
6641
6642
6643
6644
6646
6647
6648
6649
6651
6652
6654
6655
6656
6657
6658
6659
6660
6662
6663
6665
6666
6667
6668
6669
6670
6671
6672
6674
6675
6676
6678
6679
6681
6682
6683
6684
6685
6686
6688
6689
6691
6692
6693
6694
6696
6697
6698
6699
6700
6703
6704
6705
6706
6707
6708
6709
6710
6711
6712
6714
6717
6718
6719
6720
6722
6723
6725
6726
6727
6728
6729
6731
6732
6733
6734
6735
6738
6741
6742
6743
6746
6749
6750
6752
6753
6754
6756
6757
6758
6760
6761
6762
6763
6764
6765
6767
6769
6770
6771
6774
6775
6778
6779
6780
6783
6784
6785
6788
6789
6790
6791
6792
6793
6795
6796
6799
6800
6801
6802
6803
6805
6806
6809
6810
6811
6813
6814
6815
6816
6818
6819
6820
6822
6823
6826
6827
6828
6829
6830
6832
6833
6835
6838
6839
6840
6841
6843
6844
6845
6846
6848
6849
6850
6852
6853
6854
6857
6858
6859
6860
6861
6864
6865
6866
6867
6869
6870
6872
6874
6875
6876
6877
6878
6880
6881
6882
6883
6885
6886
6887
6890
6891
6892
6893
6894
6895
6896
6898
6899
6900
6902
6903
6906
6907
6908
6909
6911
6912
6913
6914
6915
6916
6918
6919
6920
6922
6923
6924
6925
6926
6927
6929
6930
6931
6933
6934
6935
6936
6937
6938
6940
6941
6942
6943
6944
6945
6946
6949
6950
6951
6952
6953
6954
6955
6956
6957
6960
6961
6962
6963
6965
6966
6967
6968
6969
6970
6973
6974
6975
6976
6978
6980
6981
6982
6983
6984
6986
6987
6988
6989
6990
6991
6994
6995
6996
6999
7000
7001
7004
7005
7006
7008
7009
7012
7013
7016
7017
7018
7019
7020
7021
7022
7025
7026
7029
7030
7031
7034
7035
7038
7039
7040
7041
7043
7046
7047
7048
7049
7050
7051
7053
7056
7057
7058
7059
7060
7061
7063
7064
7065
7067
7068
7069
7070
7073
7074
7075
7076
7077
7078
7082
7083
7084
7085
7087
7088
7090
7091
7094
7095
7097
7099
7102
7103
7104
7105
7106
7107
7108
7109
7110
7111
7112
7113
7114
7115
7116
7117
7118
7119
7120
7121
7123
7125
7126
7127
7128
7130
7131
7132
7133
7139
7141
7142
7143
7144
7146
7147
7149
7150
7151
7152
7153
7155
7156
7157
7158
7159
7162
7163
7164
7165
7167
7168
7170
7171
7172
7173
7174
7176
7177
7178
7179
7180
7183
7186
7187
7188
7191
7194
7195
7197
7198
7199
7200
7202
7203
7204
7206
7207
7208
7209
7210
7211
7213
7215
7216
7217
7220
7221
7224
7225
7226
7229
7230
7231
7234
7235
7236
7237
7238
7239
7241
7242
7244
7245
7248
7249
7250
7251
7252
7254
7255
7258
7259
7260
7262
7263
7264
7265
7267
7268
7269
7271
7272
7273
7275
7276
7279
7280
7281
7282
7283
7285
7286
7288
7291
7292
7293
7294
7296
7297
7298
7299
7301
7302
7303
7305
7306
7307
7310
7311
7312
7313
7314
7317
7318
7319
7320
7322
7323
7325
7327
7328
7329
7330
7331
7333
7334
7335
7336
7338
7339
7340
7343
7344
7345
7346
7347
7348
7349
7351
7352
7353
7355
7356
7359
7360
7361
7362
7364
7365
7366
7367
7368
7369
7371
7372
7373
7375
7376
7377
7378
7379
7380
7382
7383
7384
7386
7387
7388
7389
7390
7391
7393
7394
7395
7396
7397
7398
7399
7402
7403
7404
7405
7406
7407
7408
7409
7410
7413
7414
7415
7416
7418
7419
7420
7421
7422
7423
7426
7427
7428
7429
7431
7433
7434
7435
7436
7437
7439
7440
7441
7442
7443
7444
7447
7448
7449
7452
7453
7454
7457
7458
7459
7461
7462
7463
7466
7467
7470
7471
7472
7473
7474
7475
7477
7478
7479
7480
7483
7484
7487
7488
7489
7492
7493
7496
7497
7498
7499
7501
7504
7505
7506
7507
7508
7509
7511
7514
7515
7516
7517
7518
7519
7521
7522
7523
7524
7526
7527
7529
7530
7531
7532
7535
7536
7537
7538
7539
7540
7544
7545
7546
7547
7549
7550
7552
7553
7556
7557
7559
7561
7563
7565
7568
7569
7570
7571
7572
7573
7574
7575
7576
7577
7578
7579
7580
7581
7582
7583
7584
7585
7586
7587
7589
7591
7592
7593
7594
7596
7597
7598
7600
7601
7602
7603
7609
7611
7612
7613
7614
7615
7616
7618
7619
7620
7621
7622
7625
7626
7627
7628
7630
7631
7632
7633
7635
7636
7638
7639
7640
7641
7642
7643
7644
7646
7647
7649
7650
7651
7652
7653
7654
7655
7656
7658
7659
7660
7662
7663
7665
7666
7667
7668
7669
7670
7672
7673
7675
7676
7677
7678
7680
7681
7682
7683
7684
7687
7688
7689
7690
7691
7692
7693
7694
7695
7696
7698
7701
7702
7703
7704
7706
7707
7709
7710
7711
7713
7714
7715
7716
7718
7719
7720
7721
7722
7725
7728
7729
7730
7733
7736
7737
7739
7740
7741
7742
7743
7744
7746
7748
7749
7750
7753
7754
7757
7758
7759
7762
7763
7764
7767
7769
7770
7771
7772
7774
7775
7778
7779
7780
7781
7784
7785
7786
7787
7789
7790
7791
7792
7795
7796
7797
7798
7799
7802
7803
7804
7805
7807
7808
7810
7812
7813
7814
7815
7818
7819
7820
7821
7822
7823
7826
7827
7828
7829
7831
7832
7833
7834
7835
7836
7838
7839
7840
7842
7843
7844
7845
7846
7847
7849
7850
7851
7853
7854
7855
7856
7857
7858
7860
7861
7862
7863
7864
7865
7866
7869
7870
7871
7872
7873
7874
7875
7876
7877
7880
7881
7882
7883
7885
7886
7887
7888
7889
7890
7893
7894
7895
7896
7898
7900
7901
7902
7903
7904
7906
7907
7908
7909
7910
7911
7914
7915
7916
7919
7920
7921
7924
7925
7926
7928
7929
7932
7933
7936
7937
7938
7941
7942
7945
7946
7947
7950
7951
7954
7955
7956
7957
7959
7962
7963
7964
7965
7966
7967
7969
7972
7973
7974
7975
7978
7979
7980
7981
7982
7983
7987
7988
7989
7990
7993
7994
7997
7998
7999
8000
8001
8002
8003
8004
8005
8006
8007
8008
8009
8010
8011
8012
8013
8014
8015
8016
8018
8025
8028
8029
8030
8033
8036
8037
8039
8040
8041
8042
8044
8045
8046
8048
8049
8050
8052
8053
8054
8055
8056
8057
8059
8061
8062
8063
8066
8067
8070
8071
8072
8075
8076
8077
8080
8081
8082
8083
8084
8085
8087
8088
8090
8091
8094
8095
8096
8097
8098
8100
8101
8104
8105
8106
8107
8108
8110
8111
8114
8115
8116
8117
8119
8120
8121
8122
8124
8125
8126
8128
8129
8130
8132
8133
8136
8137
8138
8139
8140
8142
8143
8145
8146
8148
8151
8152
8153
8154
8156
8157
8158
8159
8161
8162
8163
8165
8166
8167
8169
8170
8171
8174
8175
8176
8177
8178
8181
8182
8183
8184
8186
8187
8189
8191
8192
8193
8194
8195
8197
8198
8199
8200
8202
8203
8204
8205
8207
8208
8209
8212
8213
8214
8215
8216
8217
8218
8220
8221
8222
8224
8225
8226
8228
8229
8232
8233
8234
8235
8237
8238
8239
8240
8241
8242
8244
8245
8246
8248
8249
8250
8251
8252
8253
8255
8256
8257
8259
8260
8261
8262
8263
8264
8266
8267
8268
8269
8270
8271
8272
8275
8276
8277
8278
8279
8280
8281
8282
8283
8286
8287
8288
8289
8291
8292
8293
8294
8295
8296
8299
8300
8301
8302
8304
8306
8307
8308
8309
8310
8312
8313
8314
8315
8316
8317
8320
8321
8322
8325
8326
8327
8330
8331
8332
8334
8335
8336
8339
8340
8343
8344
8345
8346
8347
8348
8350
8351
8352
8353
8354
8355
8358
8359
8362
8363
8364
8367
8368
8371
8372
8373
8374
8376
8379
8380
8381
8382
8383
8384
8386
8389
8390
8391
8392
8393
8394
8396
8397
8398
8399
8401
8402
8404
8405
8406
8408
8409
8410
8411
8414
8415
8416
8417
8418
8419
8423
8424
8425
8426
8428
8429
8431
8432
8434
8435
8438
8439
8441
8443
8445
8447
8450
8451
8452
8453
8454
8455
8456
8457
8458
8459
8460
8461
8462
8463
8464
8465
8466
8467
8468
8469
8471
8473
8474
8475
8476
8478
8479
8480
8482
8483
8484
8485
8487
8488
8489
8490
8496
8498
8499
8500
8501
8502
8503
8505
8506
8507
8508
8509
8512
8513
8514
8515
8517
8518
8519
8520
8522
8523
8525
8526
8527
8528
8529
8530
8531
8533
8534
8536
8537
8538
8539
8540
8541
8542
8543
8545
8546
8547
8549
8550
8552
8553
8554
8555
8556
8557
8559
8560
8562
8563
8564
8565
8567
8568
8569
8570
8571
8574
8575
8576
8577
8578
8579
8580
8581
8582
8583
8585
8588
8589
8590
8591
8593
8594
8596
8597
8598
8599
8600
8602
8603
8604
8605
8606
8609
8610
8611
8612
8614
8615
8617
8618
8619
8621
8622
8623
8624
8626
8627
8628
8629
8630
8633
8636
8637
8638
8641
8644
8645
8647
8648
8649
8650
8651
8652
8654
8656
8657
8658
8661
8662
8665
8666
8667
8670
8671
8672
8675
8677
8678
8679
8680
8682
8683
8686
8687
8688
8689
8692
8693
8694
8695
8697
8698
8699
8700
8703
8704
8705
8706
8707
8710
8711
8712
8713
8715
8716
8718
8720
8721
8722
8723
8726
8727
8728
8729
8730
8731
8734
8735
8736
8737
8739
8740
8741
8742
8743
8744
8746
8747
8748
8750
8751
8752
8753
8754
8755
8757
8758
8759
8761
8762
8763
8764
8765
8766
8768
8769
8770
8771
8772
8773
8774
8777
8778
8779
8780
8781
8782
8783
8784
8785
8788
8789
8790
8791
8793
8794
8795
8796
8797
8798
8801
8802
8803
8804
8806
8808
8809
8810
8811
8812
8814
8815
8816
8817
8818
8819
8822
8823
8824
8827
8828
8829
8832
8833
8834
8836
8837
8840
8841
8844
8845
8846
8849
8850
8853
8854
8855
8858
8859
8862
8863
8864
8865
8867
8870
8871
8872
8873
8874
8875
8877
8880
8881
8882
8883
8886
8887
8888
8889
8890
8891
8895
8896
8897
8898
8901
8902
8905
8906
8907
8908
8909
8910
8911
8912
8913
8914
8915
8916
8917
8918
8919
8920
8921
8922
8923
8924
8926
8933
8936
8937
8938
8941
8944
8945
8947
8948
8949
8950
8952
8953
8954
8955
8957
8958
8959
8961
8962
8963
8964
8965
8966
8968
8970
8971
8972
8975
8976
8979
8980
8981
8984
8985
8986
8989
8990
8991
8992
8993
8994
8996
8997
8999
9000
9003
9004
9005
9006
9007
9009
9010
9012
9013
9016
9017
9018
9019
9020
9022
9023
9026
9027
9028
9029
9031
9032
9033
9034
9036
9037
9038
9040
9041
9042
9044
9045
9046
9048
9049
9050
9052
9053
9056
9057
9058
9059
9060
9062
9063
9065
9066
9068
9071
9072
9073
9074
9076
9077
9078
9079
9081
9082
9083
9085
9086
9087
9089
9090
9091
9094
9095
9096
9097
9098
9101
9102
9103
9104
9106
9107
9109
9111
9112
9113
9114
9115
9117
9118
9119
9120
9122
9123
9124
9125
9127
9128
9129
9132
9133
9134
9135
9136
9137
9138
9140
9141
9142
9144
9145
9146
9148
9149
9152
9153
9154
9155
9157
9158
9159
9160
9161
9162
9164
9165
9166
9168
9169
9170
9171
9172
9173
9175
9176
9177
9179
9180
9181
9182
9183
9184
9186
9187
9188
9189
9190
9191
9192
9195
9196
9197
9198
9199
9200
9201
9202
9203
9206
9207
9208
9209
9211
9212
9213
9214
9215
9216
9219
9220
9221
9222
9224
9226
9227
9228
9229
9230
9232
9233
9234
9235
9236
9237
9240
9241
9242
9245
9246
9247
9250
9251
9252
9254
9255
9256
9257
9260
9261
9264
9265
9266
9267
9268
9269
9271
9272
9273
9274
9275
9277
9278
9279
9280
9283
9284
9287
9288
9289
9292
9293
9296
9297
9298
9299
9301
9304
9305
9306
9307
9308
9309
9311
9314
9315
9316
9317
9318
9319
9321
9322
9323
9324
9326
9327
9329
9330
9331
9332
9334
9335
9337
9338
9339
9340
9343
9344
9345
9346
9347
9348
9352
9353
9354
9355
9357
9358
9360
9361
9363
9364
9367
9368
9370
9372
9374
9376
9378
9380
9382
9384
9387
9388
9389
9390
9391
9392
9393
9394
9395
9396
9397
9398
9399
9400
9401
9402
9403
9404
9405
9406
9408
9410
9411
9412
9413
9415
9416
9417
9419
9420
9421
9422
9424
9425
9426
9428
9429
9430
9431
9437
9439
9440
9441
9442
9443
9444
9446
9447
9448
9449
9450
9453
9454
9455
9456
9458
9459
9460
9461
9463
9464
9466
9467
9468
9469
9470
9471
9472
9474
9475
9477
9478
9479
9480
9481
9482
9483
9484
9486
9487
9488
9490
9491
9493
9494
9495
9496
9497
9498
9500
9501
9503
9504
9505
9506
9508
9509
9510
9511
9512
9515
9516
9517
9518
9519
9520
9521
9522
9523
9524
9526
9529
9530
9531
9532
9533
9534
9536
9537
9538
9539
9540
9543
9544
9545
9546
9548
9549
9550
9551
9553
9554
9556
9557
9558
9559
9560
9561
9562
9564
9565
9567
9568
9569
9570
9571
9572
9573
9574
9576
9577
9578
9580
9581
9583
9584
9585
9586
9587
9588
9590
9591
9593
9594
9595
9596
9598
9599
9600
9601
9602
9605
9606
9607
9608
9609
9610
9611
9612
9613
9614
9616
9619
9620
9621
9622
9624
9625
9627
9628
9629
9630
9631
9633
9634
9635
9636
9637
9640
9643
9644
9645
9648
9651
9652
9654
9655
9656
9657
9658
9659
9661
9663
9664
9665
9668
9669
9672
9673
9674
9677
9678
9679
9682
9684
9685
9686
9687
9689
9690
9693
9694
9695
9696
9699
9700
9701
9702
9704
9705
9706
9707
9710
9711
9712
9713
9714
9717
9718
9719
9720
9722
9723
9725
9727
9728
9729
9730
9733
9734
9735
9736
9737
9738
9741
9742
9743
9744
9746
9747
9748
9749
9750
9751
9753
9754
9755
9757
9758
9759
9760
9761
9762
9764
9765
9766
9768
9769
9770
9771
9772
9773
9775
9776
9777
9778
9779
9780
9781
9784
9785
9786
9787
9788
9789
9790
9791
9792
9795
9796
9797
9798
9800
9801
9802
9803
9804
9805
9808
9809
9810
9811
9813
9815
9816
9817
9818
9819
9821
9822
9823
9824
9825
9826
9829
9830
9831
9834
9835
9836
9839
9840
9841
9843
9844
9847
9848
9851
9852
9853
9856
9857
9860
9861
9862
9865
9866
9869
9870
9871
9872
9874
9877
9878
9879
9880
9881
9882
9884
9887
9888
9889
9890
9893
9894
9895
9896
9897
9898
9902
9903
9904
9905
9908
9909
9912
9913
9914
9915
9916
9917
9918
9919
9920
9921
9922
9923
9924
9925
9926
9927
9928
9929
9930
9931
9933
9940
9943
9944
9945
9948
9951
9952
9954
9955
9956
9957
9959
9960
9961
9962
9964
9965
9966
9968
9969
9970
9971
9972
9973
9975
9977
9978
9979
9982
9983
9986
9987
9988
9991
9992
9993
9996
9997
9998
9999
10000
10001
10003
10004
10006
10007
10010
10011
10012
10013
10014
10015
10017
10018
10020
10021
10024
10025
10026
10027
10028
10030
10031
10034
10035
10036
10037
10039
10040
10041
10042
10044
10045
10046
10048
10049
10050
10052
10053
10056
10057
10058
10059
10060
10062
10063
10065
10066
10068
10071
10072
10073
10074
10076
10077
10078
10079
10082
10083
10084
10085
10087
10088
10090
10091
10092
10094
10095
10096
10099
10100
10101
10102
10103
10106
10107
10108
10109
10111
10112
10114
10116
10117
10118
10119
10120
10122
10123
10124
10125
10126
10127
10129
10130
10131
10134
10135
10136
10137
10138
10139
10140
10142
10143
10144
10146
10147
10148
10150
10151
10154
10155
10156
10157
10159
10160
10161
10162
10163
10164
10166
10167
10168
10170
10171
10172
10173
10174
10175
10177
10178
10179
10181
10182
10183
10184
10185
10186
10188
10189
10190
10191
10192
10193
10194
10197
10198
10199
10200
10201
10202
10203
10204
10205
10208
10209
10210
10211
10213
10214
10215
10216
10217
10218
10221
10222
10223
10224
10226
10228
10229
10230
10231
10232
10234
10235
10236
10237
10238
10239
10242
10243
10244
10247
10248
10249
10252
10253
10254
10256
10257
10258
10261
10262
10265
10266
10267
10268
10269
10270
10272
10273
10274
10275
10276
10277
10280
10281
10284
10285
10286
10289
10290
10293
10294
10295
10296
10298
10301
10302
10303
10304
10305
10306
10308
10311
10312
10313
10314
10315
10316
10318
10319
10320
10321
10323
10324
10325
10327
10328
10329
10331
10332
10333
10334
10337
10338
10339
10340
10341
10342
10346
10347
10348
10349
10351
10352
10353
10354
10355
10356
10357
10359
10361
10362
10364
10365
10368
10369
10371
10373
10375
10377
10380
10381
10382
10383
10384
10385
10386
10387
10388
10389
10390
10391
10392
10393
10394
10395
10396
10397
10398
10399
10401
10403
10404
10405
10406
10408
10409
10410
10412
10413
10414
10415
10417
10418
10419
10420
10426
10428
10429
10430
10431
10432
10433
10435
10436
10437
10438
10439
10442
10443
10444
10445
10447
10448
10449
10450
10452
10453
10455
10456
10457
10458
10459
10460
10461
10463
10464
10466
10467
10468
10469
10470
10471
10472
10473
10475
10476
10477
10479
10480
10482
10483
10484
10485
10486
10487
10489
10490
10492
10493
10494
10495
10497
10498
10499
10500
10501
10504
10505
10506
10507
10508
10509
10510
10511
10512
10513
10515
10518
10519
10520
10521
10522
10523
10526
10527
10528
10530
10531
10533
10534
10536
10537
10538
10539
10541
10542
10543
10544
10546
10547
10548
10550
10551
10552
10553
10555
10556
10557
10558
10559
10560
10562
10563
10564
10565
10566
10569
10570
10571
10572
10574
10575
10577
10578
10579
10580
10581
10583
10584
10585
10586
10587
10590
10593
10594
10595
10598
10601
10602
10604
10605
10606
10607
10608
10609
10610
10611
10612
10614
10615
10616
10617
10618
10619
10621
10623
10624
10625
10628
10629
10632
10633
10634
10637
10638
10639
10642
10643
10644
10645
10646
10648
10649
10650
10652
10653
10655
10656
10658
10659
10660
10663
10664
10666
10667
10668
10669
10671
10672
10673
10674
10677
10678
10681
10682
10683
10684
10685
10687
10690
10691
10692
10693
10695
10696
10697
10698
10700
10701
10702
10705
10706
10707
10708
10709
10712
10713
10714
10715
10717
10718
10720
10722
10723
10724
10725
10726
10727
10730
10731
10732
10733
10734
10735
10736
10738
10739
10742
10743
10744
10745
10747
10748
10749
10750
10751
10752
10754
10755
10756
10758
10759
10760
10761
10762
10763
10765
10766
10767
10769
10770
10771
10772
10773
10774
10776
10777
10778
10779
10780
10781
10782
10785
10786
10787
10788
10789
10790
10791
10792
10793
10796
10797
10798
10799
10801
10802
10803
10804
10805
10806
10809
10810
10811
10812
10814
10816
10817
10818
10819
10820
10822
10823
10824
10825
10826
10827
10830
10831
10832
10835
10836
10837
10840
10841
10842
10844
10845
10846
10849
10850
10853
10854
10855
10856
10857
10858
10859
10861
10864
10865
10868
10869
10870
10873
10874
10877
10878
10879
10880
10882
10885
10886
10887
10888
10889
10890
10892
10895
10896
10897
10898
10899
10900
10901
10903
10904
10905
10907
10908
10911
10912
10913
10914
10915
10916
10920
10921
10922
10923
10924
10925
10926
10927
10928
10929
10931
10933
10934
10935
10936
10937
10938
10939
10940
10941
10942
10943
10944
10948
10949
10952
10953
10954
10956
10959
10962
10963
10964
10965
10966
10967
10968
10969
10970
10971
10972
10973
10974
10975
10976
10977
10978
10979
10980
10981
10983
10985
10986
10987
10988
10989
10995
10997
10998
10999
11000
11001
11002
11003
11007
11008
11010
11011
11012
11013
11014
11017
11018
11019
11020
11021
11024
11025
11026
11027
11028
11031
11032
11033
11034
11035
11037
11038
11039
11040
11041
11043
11045
11046
11047
11048
11049
11050
11051
11052
11054
11056
11057
11058
11059
11061
11062
11063
11064
11065
11067
11069
11070
11071
11072
11073
11075
11076
11077
11078
11079
11081
11083
11084
11085
11086
11087
11088
11089
11090
11092
11094
11095
11096
11097
11098
11099
11100
11101
11103
11105
11106
11107
11108
11109
11110
11111
11112
11114
11116
11117
11118
11119
11120
11121
11122
11124
11126
11127
11128
11129
11130
11131
11132
11134
11136
11137
11138
11140
11141
11142
11143
11144
11147
11148
11149
11150
11151
11152
11155
11156
11157
11159
11160
11161
11162
11164
11165
11166
11168
11169
11170
11171
11172
11173
11174
11175
11176
11177
11178
11180
11183
11186
11187
11188
11191
11194
11195
11197
11198
11199
11200
11201
11202
11204
11206
11207
11208
11211
11212
11215
11216
11217
11220
11221
11222
11225
11227
11228
11229
11230
11232
11233
11236
11237
11238
11239
11242
11243
11244
11245
11247
11248
11249
11250
11253
11254
11255
11256
11257
11260
11261
11262
11263
11265
11266
11268
11270
11271
11272
11273
11276
11277
11278
11279
11280
11281
11284
11285
11286
11287
11289
11290
11291
11292
11293
11294
11296
11297
11298
11300
11301
11302
11303
11304
11305
11307
11308
11309
11311
11312
11313
11314
11315
11316
11318
11319
11320
11321
11322
11323
11324
11327
11328
11329
11330
11331
11332
11333
11334
11335
11338
11339
11340
11341
11343
11344
11345
11346
11347
11348
11351
11352
11353
11354
11356
11358
11359
11360
11361
11362
11364
11365
11366
11367
11368
11369
11372
11373
11374
11377
11378
11379
11382
11383
11384
11386
11387
11390
11391
11394
11395
11396
11399
11400
11403
11404
11405
11408
11409
11412
11413
11414
11415
11417
11420
11421
11422
11423
11424
11425
11427
11430
11431
11432
11433
11436
11437
11438
11439
11440
11441
11445
11446
11447
11448
11451
11452
11455
11456
11457
11458
11459
11460
11461
11462
11463
11464
11465
11466
11467
11468
11469
11470
11471
11472
11473
11474
11476
11483
11486
11487
11488
11491
11494
11495
11497
11498
11499
11500
11501
11502
11504
11506
11507
11508
11511
11512
11515
11516
11517
11520
11521
11522
11525
11527
11528
11529
11530
11532
11533
11536
11537
11538
11539
11542
11543
11544
11545
11547
11548
11549
11550
11553
11554
11555
11556
11557
11560
11561
11562
11563
11565
11566
11568
11570
11571
11572
11573
11576
11577
11578
11579
11580
11581
11584
11585
11586
11587
11589
11590
11591
11592
11593
11594
11596
11597
11598
11600
11601
11602
11603
11604
11605
11607
11608
11609
11611
11612
11613
11614
11615
11616
11618
11619
11620
11621
11622
11623
11624
11627
11628
11629
11630
11631
11632
11633
11634
11635
11638
11639
11640
11641
11643
11644
11645
11646
11647
11648
11651
11652
11653
11654
11656
11658
11659
11660
11661
11662
11664
11665
11666
11667
11668
11669
11672
11673
11674
11677
11678
11679
11682
11683
11684
11686
11687
11690
11691
11694
11695
11696
11699
11700
11703
11704
11705
11708
11709
11712
11713
11714
11715
11717
11720
11721
11722
11723
11724
11725
11727
11730
11731
11732
11733
11736
11737
11738
11739
11740
11741
11745
11746
11747
11748
11751
11752
11755
11756
11757
11758
11759
11760
11761
11762
11763
11764
11765
11766
11767
11768
11769
11770
11771
11772
11773
11774
11776
11783
11786
11787
11788
11791
11794
11795
11797
11798
11799
11800
11802
11803
11804
11805
11806
11807
11809
11811
11812
11813
11816
11817
11820
11821
11822
11825
11826
11827
11830
11831
11832
11833
11834
11835
11837
11838
11840
11841
11844
11845
11847
11848
11849
11850
11852
11853
11856
11857
11858
11859
11860
11862
11865
11866
11867
11868
11870
11872
11873
11874
11875
11877
11878
11880
11881
11882
11885
11886
11887
11888
11889
11892
11893
11894
11895
11897
11898
11900
11902
11903
11904
11905
11906
11907
11910
11911
11912
11913
11914
11915
11916
11918
11919
11922
11923
11924
11925
11927
11928
11929
11930
11931
11932
11934
11935
11936
11938
11939
11940
11941
11942
11943
11945
11946
11947
11949
11950
11951
11952
11953
11954
11956
11957
11958
11959
11960
11961
11962
11965
11966
11967
11968
11969
11970
11971
11972
11973
11976
11977
11978
11979
11981
11982
11983
11984
11985
11986
11989
11990
11991
11992
11994
11996
11997
11998
11999
12000
12002
12003
12004
12005
12006
12007
12010
12011
12012
12015
12016
12017
12020
12021
12022
12024
12025
12028
12029
12032
12033
12034
12035
12036
12039
12040
12043
12044
12045
12048
12049
12052
12053
12054
12055
12057
12060
12061
12062
12063
12064
12065
12067
12070
12071
12072
12073
12074
12075
12077
12078
12079
12082
12083
12084
12085
12086
12087
12091
12092
12093
12094
12095
12096
12097
12098
12099
12101
12103
12104
12107
12108
12111
12112
12113
12114
12115
12116
12117
12118
12119
12120
12121
12122
12123
12124
12125
12126
12127
12128
12129
12130
12132
12134
12135
12136
12137
12143
12145
12146
12147
12148
12149
12150
12153
12154
12155
12157
12158
12160
12161
12163
12164
12165
12166
12168
12169
12170
12171
12173
12174
12175
12177
12178
12179
12180
12182
12183
12184
12185
12186
12187
12189
12190
12191
12192
12193
12196
12199
12200
12201
12204
12207
12208
12210
12211
12212
12214
12215
12216
12217
12218
12219
12221
12223
12224
12225
12228
12229
12232
12233
12234
12237
12238
12239
12242
12243
12244
12245
12246
12247
12249
12250
12251
12252
12253
12254
12255
12256
12257
12258
12260
12263
12264
12265
12266
12267
12268
12269
12270
12271
12275
12276
12278
12279
12280
12281
12283
12284
12285
12287
12288
12291
12292
12293
12294
12295
12297
12300
12301
12302
12303
12305
12306
12307
12308
12310
12311
12312
12315
12316
12317
12318
12319
12322
12323
12324
12325
12327
12328
12330
12332
12333
12334
12335
12336
12338
12339
12340
12343
12344
12345
12346
12347
12348
12349
12351
12352
12355
12356
12357
12358
12360
12361
12362
12363
12364
12365
12367
12368
12369
12371
12372
12373
12374
12375
12376
12378
12379
12380
12382
12383
12384
12385
12386
12387
12389
12390
12391
12392
12393
12394
12395
12398
12399
12400
12401
12402
12403
12404
12405
12406
12409
12410
12411
12412
12414
12415
12416
12417
12418
12419
12422
12423
12424
12425
12427
12429
12430
12431
12432
12433
12435
12436
12437
12438
12439
12440
12443
12444
12445
12448
12449
12450
12453
12454
12455
12457
12458
12461
12462
12465
12466
12467
12468
12469
12472
12473
12476
12477
12478
12481
12482
12485
12486
12487
12488
12490
12493
12494
12495
12496
12497
12498
12500
12503
12504
12505
12506
12507
12508
12510
12511
12512
12513
12516
12517
12518
12519
12520
12521
12525
12526
12527
12528
12530
12531
12534
12535
12537
12539
12542
12543
12544
12545
12546
12547
12548
12549
12550
12551
12552
12553
12554
12555
12556
12557
12558
12559
12560
12561
12563
12565
12566
12567
12568
12574
12576
12577
12578
12579
12581
12582
12583
12584
12585
12586
12587
12588
12591
12592
12593
12595
12596
12597
12598
12600
12601
12602
12603
12604
12606
12607
12608
12609
12612
12615
12616
12617
12620
12623
12624
12626
12627
12628
12629
12630
12631
12633
12635
12636
12637
12640
12641
12644
12645
12646
12649
12650
12651
12654
12656
12657
12658
12659
12661
12662
12665
12666
12667
12668
12671
12672
12673
12674
12676
12677
12678
12679
12682
12683
12684
12685
12686
12689
12690
12691
12692
12694
12695
12697
12699
12700
12701
12702
12705
12706
12707
12708
12709
12710
12713
12714
12715
12716
12718
12719
12720
12721
12722
12723
12725
12726
12727
12729
12730
12731
12732
12733
12734
12736
12737
12738
12740
12741
12742
12743
12744
12745
12747
12748
12749
12750
12751
12752
12753
12756
12757
12758
12759
12760
12761
12762
12763
12764
12767
12768
12769
12770
12772
12773
12774
12775
12776
12777
12780
12781
12782
12783
12785
12787
12788
12789
12790
12791
12793
12794
12795
12796
12797
12798
12801
12802
12803
12806
12807
12808
12811
12812
12813
12815
12816
12819
12820
12823
12824
12825
12828
12829
12832
12833
12834
12837
12838
12841
12842
12843
12844
12846
12849
12850
12851
12852
12853
12854
12856
12859
12860
12861
12862
12865
12866
12867
12868
12869
12870
12874
12875
12876
12877
12880
12881
12884
12885
12886
12887
12888
12889
12890
12891
12892
12893
12894
12895
12896
12897
12898
12899
12900
12901
12902
12903
12905
12912
12915
12916
12917
12920
12923
12924
12926
12927
12928
12929
12930
12931
12933
12935
12936
12937
12940
12941
12944
12945
12946
12949
12950
12951
12954
12956
12957
12958
12959
12961
12962
12965
12966
12967
12968
12971
12972
12973
12974
12976
12977
12978
12979
12982
12983
12984
12985
12986
12989
12990
12991
12992
12994
12995
12997
12999
13000
13001
13002
13005
13006
13007
13008
13009
13010
13013
13014
13015
13016
13018
13019
13020
13021
13022
13023
13025
13026
13027
13029
13030
13031
13032
13033
13034
13036
13037
13038
13040
13041
13042
13043
13044
13045
13047
13048
13049
13050
13051
13052
13053
13056
13057
13058
13059
13060
13061
13062
13063
13064
13067
13068
13069
13070
13072
13073
13074
13075
13076
13077
13080
13081
13082
13083
13085
13087
13088
13089
13090
13091
13093
13094
13095
13096
13097
13098
13101
13102
13103
13106
13107
13108
13111
13112
13113
13115
13116
13119
13120
13123
13124
13125
13128
13129
13132
13133
13134
13137
13138
13141
13142
13143
13144
13146
13149
13150
13151
13152
13153
13154
13156
13159
13160
13161
13162
13165
13166
13167
13168
13169
13170
13174
13175
13176
13177
13180
13181
13184
13185
13186
13187
13188
13189
13190
13191
13192
13193
13194
13195
13196
13197
13198
13199
13200
13201
13202
13203
13205
13212
13215
13216
13217
13220
13223
13224
13226
13227
13228
13229
13231
13232
13233
13235
13236
13237
13238
13239
13240
13242
13244
13245
13246
13249
13250
13253
13254
13255
13258
13259
13260
13263
13264
13265
13266
13267
13268
13270
13271
13273
13274
13277
13278
13279
13280
13281
13283
13284
13287
13288
13289
13291
13292
13293
13294
13296
13297
13298
13300
13301
13302
13304
13305
13308
13309
13310
13311
13312
13314
13315
13317
13320
13321
13322
13323
13325
13326
13327
13328
13330
13331
13332
13334
13335
13336
13339
13340
13341
13342
13343
13346
13347
13348
13349
13351
13352
13354
13356
13357
13358
13359
13360
13362
13363
13364
13365
13367
13368
13369
13372
13373
13374
13375
13376
13377
13378
13380
13381
13382
13384
13385
13388
13389
13390
13391
13393
13394
13395
13396
13397
13398
13400
13401
13402
13404
13405
13406
13407
13408
13409
13411
13412
13413
13415
13416
13417
13418
13419
13420
13422
13423
13424
13425
13426
13427
13428
13431
13432
13433
13434
13435
13436
13437
13438
13439
13442
13443
13444
13445
13447
13448
13449
13450
13451
13452
13455
13456
13457
13458
13460
13462
13463
13464
13465
13466
13468
13469
13470
13471
13472
13473
13476
13477
13478
13481
13482
13483
13486
13487
13488
13490
13491
13492
13495
13496
13499
13500
13501
13502
13503
13504
13506
13507
13508
13509
13512
13513
13516
13517
13518
13521
13522
13525
13526
13527
13528
13530
13533
13534
13535
13536
13537
13538
13540
13543
13544
13545
13546
13547
13548
13550
13551
13552
13553
13555
13556
13558
13559
13560
13561
13564
13565
13566
13567
13568
13569
13573
13574
13575
13576
13578
13579
13581
13582
13585
13586
13588
13590
13592
13594
13597
13598
13599
13600
13601
13602
13603
13604
13605
13606
13607
13608
13609
13610
13611
13612
13613
13614
13615
13616
13618
13620
13621
13622
13623
13625
13626
13627
13629
13630
13631
13632
13638
13640
13641
13642
13643
13644
13645
13647
13648
13649
13650
13651
13654
13655
13656
13657
13659
13660
13661
13662
13664
13665
13667
13668
13669
13670
13671
13672
13673
13675
13676
13678
13679
13680
13681
13682
13683
13684
13685
13687
13688
13689
13691
13692
13694
13695
13696
13697
13698
13699
13701
13702
13704
13705
13706
13707
13709
13710
13711
13712
13713
13716
13717
13718
13719
13720
13721
13722
13723
13724
13725
13727
13730
13731
13732
13733
13735
13736
13738
13739
13740
13741
13742
13744
13745
13746
13747
13748
13751
13754
13755
13756
13759
13762
13763
13765
13766
13767
13768
13770
13771
13772
13773
13774
13775
13777
13779
13780
13781
13784
13785
13788
13789
13790
13793
13794
13795
13798
13799
13800
13801
13802
13803
13805
13806
13808
13809
13812
13813
13815
13816
13817
13818
13820
13821
13822
13824
13825
13826
13828
13829
13832
13833
13834
13835
13836
13838
13841
13842
13843
13844
13846
13847
13848
13849
13851
13852
13853
13856
13857
13858
13859
13860
13863
13864
13865
13866
13868
13869
13871
13873
13874
13875
13876
13877
13879
13880
13881
13884
13885
13886
13887
13888
13889
13890
13892
13893
13896
13897
13898
13899
13901
13902
13903
13904
13905
13906
13908
13909
13910
13912
13913
13914
13915
13916
13917
13919
13920
13921
13923
13924
13925
13926
13927
13928
13930
13931
13932
13933
13934
13935
13936
13939
13940
13941
13942
13943
13944
13945
13946
13947
13950
13951
13952
13953
13955
13956
13957
13958
13959
13960
13963
13964
13965
13966
13968
13970
13971
13972
13973
13974
13976
13977
13978
13979
13980
13981
13984
13985
13986
13989
13990
13991
13994
13995
13996
13998
13999
14000
14003
14004
14007
14008
14009
14010
14011
14012
14014
14015
14018
14019
14022
14023
14024
14027
14028
14031
14032
14033
14034
14036
14039
14040
14041
14042
14043
14044
14046
14049
14050
14051
14052
14053
14054
14056
14057
14058
14059
14061
14062
14063
14066
14067
14068
14069
14070
14071
14075
14076
14077
14078
14080
14081
14084
14085
14087
14089
14091
14093
14096
14097
14098
14099
14100
14101
14102
14103
14104
14105
14106
14107
14108
14109
14110
14111
14112
14113
14114
14115
14117
14119
14120
14121
14122
14124
14125
14126
14132
14134
14135
14136
14137
14138
14139
14141
14142
14143
14144
14145
14148
14149
14150
14151
14153
14154
14155
14156
14158
14159
14161
14162
14163
14164
14165
14166
14167
14169
14170
14172
14173
14174
14175
14176
14177
14178
14179
14181
14182
14183
14185
14186
14188
14189
14190
14191
14192
14193
14195
14196
14198
14199
14200
14201
14203
14204
14205
14206
14207
14210
14211
14212
14213
14214
14215
14216
14217
14218
14219
14221
14224
14227
14228
14229
14232
14235
14236
14237
14239
14240
14241
14242
14243
14245
14246
14247
14248
14250
14251
14252
14253
14255
14256
14257
14258
14260
14261
14262
14263
14265
14266
14267
14268
14270
14271
14272
14273
14275
14276
14277
14278
14280
14281
14282
14283
14285
14286
14287
14288
14290
14291
14292
14293
14295
14296
14297
14298
14300
14301
14302
14303
14305
14306
14307
14308
14312
14313
14314
14315
14316
14317
14318
14319
14320
14323
14324
14325
14326
14327
14328
14331
14332
14333
14334
14335
14336
14339
14340
14341
14342
14343
14344
14347
14348
14349
14350
14351
14352
14355
14356
14357
14358
14359
14360
14363
14364
14365
14366
14367
14368
14371
14372
14373
14374
14375
14376
14379
14380
14381
14382
14383
14384
14387
14388
14389
14390
14391
14392
14395
14396
14397
14398
14399
14400
14403
14404
14405
14406
14407
14408
14411
14412
14413
14414
14415
14416
14419
14420
14421
14422
14423
14424
14430
14431
14432
14433
14434
14435
14438
14439
14440
14441
14442
14443
14444
14448
14449
14450
14451
14452
14453
14454
14455
14456
14457
14458
14459
14460
14461
14462
14463
14464
14465
14466
14467
14468
14469
14470
14471
14472
14473
14474
14475
14476
14477
14478
14482
14483
14484
14485
14486
14490
14491
14492
14493
14494
14495
14496
14497
14498
14499
14500
14501
14502
14503
14504
14505
14506
14507
14508
14509
14510
14511
14512
14513
14514
14515
14516
14517
14518
14519
14520
14524
14525
14526
14527
14528
14532
14533
14534
14535
14536
14537
14538
14539
14540
14541
14542
14543
14544
14545
14546
14547
14548
14549
14550
14551
14552
14553
14554
14555
14556
14557
14558
14559
14560
14561
14562
14569
14570
14571
14572
14574
14575
14576
14577
14579
14580
14581
14582
14584
14585
14586
14587
14589
14590
14591
14592
14594
14595
14596
14597
14599
14600
14601
14602
14604
14605
14606
14607
14609
14610
14611
14612
14614
14615
14616
14617
14619
14620
14621
14622
14624
14625
14626
14627
14629
14630
14631
14632
14634
14635
14636
14637
14639
14640
14641
14642
14644
14645
14646
14649
14650
14651
14652
14653
14654
14655
14656
14660
14661
14662
14663
14664
14665
14666
14667
14668
14669
14670
14671
14672
14673
14674
14675
14676
14677
14678
14679
14680
14681
14682
14683
14684
14685
14686
14687
14688
14689
14690
14691
14692
14693
14694
14695
14696
14697
14698
14699
14700
14701
14702
14703
14704
14705
14706
14707
14708
14709
14710
14711
14712
14713
14714
14715
14716
14717
14718
14719
14720
14721
14722
14723
14724
14725
14726
14727
14728
14729
14730
14731
14732
14736
14737
14738
14739
14740
14744
14745
14746
14747
14748
14749
14750
14751
14752
14753
14754
14755
14756
14757
14758
14759
14760
14761
14762
14763
14764
14765
14766
14767
14768
14769
14770
14771
14772
14773
14774
14778
14779
14780
14781
14782
14786
14787
14788
14789
14790
14791
14792
14793
14794
14795
14796
14797
14798
14799
14800
14801
14802
14803
14804
14805
14806
14807
14808
14809
14810
14811
14812
14813
14814
14815
14816
14820
14821
14822
14825
14826
14827
14830
14832
14833
14836
14837
14838
14839
14840
14841
14842
14843
14844
14845
14846
14847
14848
14851
14852
14853
14854
14855
14856
14857
14858
14859
14860
14861
14862
14863
14866
14867
14868
14869
14870
14871
14872
14873
14874
14875
14876
14877
14878
14881
14882
14883
14884
14885
14886
14887
14888
14889
14890
14891
14892
14893
14896
14897
14898
14899
14900
14901
14902
14903
14904
14905
14906
14907
14908
14911
14912
14913
14914
14915
14916
14917
14918
14919
14920
14921
14922
14923
14926
14927
14928
14929
14930
14931
14932
14933
14934
14935
14936
14937
14938
14941
14942
14943
14944
14945
14946
14947
14948
14949
14950
14951
14952
14953
14956
14957
14958
14959
14960
14961
14962
14963
14964
14965
14966
14967
14968
14971
14972
14973
14974
14975
14976
14977
14978
14979
14980
14981
14982
14983
14986
14987
14988
14989
14990
14991
14992
14993
14994
14995
14996
14997
14998
15001
15002
15003
15004
15005
15006
15007
15008
15009
15010
15011
15012
15013
15016
15017
15018
15019
15020
15021
15022
15023
15024
15025
15026
15027
15028
15031
15032
15033
15034
15035
15036
15037
15038
15039
15040
15041
15042
15043
15047
15048
15049
15052
15053
15054
15055
15056
15058
15059
15060
15061
15063
15064
15065
15066
15068
15069
15070
15071
15073
15074
15075
15076
15078
15079
15080
15081
15083
15084
15085
15086
15088
15089
15090
15091
15093
15094
15095
15096
15098
15099
15100
15101
15103
15104
15105
15106
15108
15109
15110
15111
15113
15114
15115
15116
15118
15119
15120
15121
15124
15125
15126
15129
15131
15132
15133
15134
15135
15136
15137
15138
15139
15143
15144
15145
15146
15147
15148
15149
15150
15151
15155
15156
15157
15158
15159
15160
15161
15162
15163
15167
15168
15169
15170
15171
15172
15173
15174
15175
15179
15180
15181
15182
15183
15184
15185
15186
15187
15191
15192
15193
15194
15195
15196
15197
15198
15199
15203
15204
15205
15206
15207
15208
15209
15210
15211
15215
15216
15217
15218
15219
15220
15221
15222
15223
15227
15228
15229
15230
15231
15232
15233
15234
15235
15239
15240
15241
15242
15243
15244
15245
15246
15247
15251
15252
15253
15254
15255
15256
15257
15258
15259
15263
15264
15265
15266
15267
15268
15269
15270
15271
15275
15276
15277
15278
15279
15280
15281
15282
15283
15287
15288
15289
15290
15291
15292
15293
15294
15295
15301
15302
15303
15304
15305
15306
15307
15308
15309
15310
15311
15312
15313
15314
15315
15316
15317
15318
15319
15320
15321
15322
15323
15324
15325
15326
15327
15328
15329
15330
15331
15332
15333
15334
15335
15336
15337
15338
15339
15340
15341
15342
15343
15344
15345
15346
15347
15348
15349
15350
15351
15352
15353
15354
15355
15356
15357
15358
15359
15360
15361
15362
15363
15364
15365
15366
15367
15368
15369
15370
15371
15372
15373
15374
15375
15376
15377
15378
15379
15380
15381
15382
15383
15384
15385
15386
15387
15388
15389
15390
15391
15392
15393
15394
15395
15396
15397
15398
15399
15400
15401
15402
15403
15404
15405
15406
15407
15408
15409
15410
15411
15412
15413
15414
15415
15416
15417
15418
15419
15420
15421
15422
15423
15424
15425
15426
15427
15428
15429
15430
15431
15432
15433
15434
15435
15436
15437
15438
15439
15440
15441
15442
15443
15444
15445
15447
15448
15449
15451
15452
15453
15454
15456
15458
15462
15463
15465
15466
15467
15468
15472
15473
15475
15477
15481
15482
15484
15486
15488
15489
15491
15492
15493
15494
15495
15497
15499
15500
15501
15502
15503
15505
15532
15533
15534
15535
15536
15537
15538
15539
15540
15541
15542
15543
15544
15545
15546
15547
15548
15549
15550
15551
15552
15553
15554
15555
15556
15557
15558
15559
15560
15561
15562
15563
15564
15565
15566
15567
15568
15569
15570
15571
15572
15573
15574
15575
15576
15577
15578
15579
15580
15581
15582
15583
15584
15585
15586
15587
15588
15589
15590
15591
15592
15593
15594
15595
15596
15597
15598
15599
15600
15601
15602
15603
15604
15605
15606
15607
15608
15609
15610
15611
15612
15613
15614
15615
15616
15617
15618
15619
15620
15621
15622
15623
15624
15625
15626
15627
15628
15629
15630
15631
15632
15633
15634
15635
15636
15637
15638
15639
15640
15641
15642
15643
15644
15645
15646
15647
15648
15649
15650
15651
15652
15653
15654
15655
15656
15657
15658
15659
15660
15661
15662
15663
15664
15665
15666
15667
15668
15669
15670
15671
15672
15673
15674
15675
15676
15677
15678
15679
15680
15681
15682
15683
15684
15685
15686
15687
15688
15689
15690
15691
15692
15693
15694
15695
15696
15697
15698
15699
15700
15701
15702
15703
15704
15705
15706
15707
15708
15709
15710
15711
15712
15713
15714
15715
15716
15717
15718
15719
15720
15721
15722
15723
15724
15725
15726
15727
15728
15729
15730
15731
15732
15733
15734
15735
15736
15737
15738
15739
15740
15741
15742
15743
15744
15745
15746
15747
15748
15749
15750
15751
15752
15753
15754
15755
15756
15757
15758
15759
15760
15761
15762
15763
15764
15765
15766
15767
15768
15769
15772
15773
15774
15775
15776
15777
15778
15781