1
2
3
4
5
6
7
8
9
10
11
12
13
14
15
16
17
18
19
20
22
23
24
25
27
28
29
30
31
32
33
34
35
36
37
38
39
40
41
42
43
44
45
46
47
48
49
50
51
52
53
55
56
58
59
60
61
62
63
64
65
66
67
68
69
71
73
75
76
77
78
79
80
81
82
83
84
85
86
87
88
89
90
91
92
93
94
95
96
97
98
99
100
102
103
106
107
108
109
110
111
112
113
114
115
119
120
121
122
125
127
129
131
133
135
137
139
142
143
144
145
146
147
148
149
150
154
155
156
157
158
159
160
161
162
163
164
165
166
167
168
169
170
171
172
173
175
177
178
179
180
181
182
183
184
185
186
188
189
190
191
194
195
198
199
200
204
205
206
207
208
209
210
211
214
215
216
221
222
223
224
225
226
227
228
230
231
232
233
234
235
236
237
238
239
240
241
242
245
246
247
248
255
256
257
258
259
260
261
262
263
264
265
266
267
268
269
270
271
274
275
276
277
278
284
285
286
287
288
289
290
291
292
293
297
298
299
300
301
302
303
304
308
309
310
314
316
317
319
320
323
325
326
327
328
330
331
332
333
334
335
339
340
341
342
343
344
345
346
347
348
349
350
351
352
353
354
355
356
357
358
359
360
361
362
363
364
365
366
367
368
369
370
371
373
374
375
376
377
381
382
384
385
386
387
388
389
390
393
394
396
397
398
399
400
401
402
405
406
410
411
412
413
414
415
416
417
418
419
421
422
423
424
425
427
430
431
432
433
434
438
439
440
441
442
445
446
447
448
449
450
451
452
453
456
459
460
461
462
463
464
469
470
471
472
473
475
476
477
480
481
482
485
486
487