1
2
3
4
5
6
7
8
9
10
11
12
13
14
15
16
17
18
20
22
23
24
25
26
27
28
29
30
31
32
34
35
36
37
38
39
40
41
42
43
44
45
46
47
48
49
50
51
52
53
54
55
56
57
58
59
60
61
62
63
64
66
67
69
70
71
72
73
74
75
76
77
78
80
82
84
86
89
90
91
92
93
94
95
96
98
99
102
103
104
105
106
107
108
109
110
111
112
113
116
117
118
119
120
121
122
123
124
125
126
128
131
132
133
134
135
136
138
139
140
141
143
144
145
146
147
148
150
151
152
153
154
155
156
157
158
159
160
161
162
166
167
170
171
172
173
174
175
176
177
178
179
180
181
182
184
185
186
187
188
189
191
192
193
194
195
196
197
201
202
203
204
205
206
207
208
209
210
211
215
216
217
218
219
220
221
222
223
224
227
228
229
230
231
232
233
234
235
236
237
240
241
242
243
244
245
246
247
248
249
251
252
253
254
256
257
258
259
262
263
264
265
266
268
269
270
271
272
273
277
278
279
280
281
282
283
284
285
286
287
290
293
294
295
296
297
298
299
300
301
302
303
304
305
308
311
312
313
314
315
316
317
318
319
320
321
324
327
328
329
330
331
332
333
334
335
336
337
338
340
341
342
343
345
349
350
351
352
354
355
356
357
358
359
360
361
362
363
364
365
366
367
368
370
371
373
374
375
376
379
380
383
384
387
388
389
390
391
395
396
397
400
401
404
405
408
409
412
413
416
417
420
421
424
425
428
429
430
433
434
435
438
439
440
443
444
445
446
447
450
451
452
455
456
457
460
461
464
465
468
469
472
473
476
477
478
481
482
485
486
487
490
491
492
495
496
497
498
501
502
503
504
507
508
509
510
513
514
515
516
519
520
521
524
525
526
529
530
531
532
533
536
537
538
539
540
543
544
545
548
549
550
553
554
555
558
559
560
563
564
565
569
570
571
572
573
574
575
576
577
578
579
581
582
583
584
585
586
587
588
589
590
591
592
595
596
597
598
599
600
601
602
603
604
606
607
608
612
613
614
615
616
617
618
619
620
622
623
624
626
627
628
629
630
631
632
633
638
639
640
643
644
645
648
649
650
653
654
655
656
659
660
661
662
665
666
667
670
671
672
673
674
675
676
677
678
682
683
684
685
686
687
688
689
692
693
694
695
696
701
702
703
704
705
706
707
708
709
710
711
712
713
714
715
716
717
718
719
720
722
723
724
725
726
727
728
729
730
731
732
733
734
735
736
737