1
2
3
4
5
6
7
8
9
10
11
12
13
14
15
16
17
18
20
22
23
24
25
26
27
28
29
31
32
33
34
36
37
38
39
40
42
43
44
45
46
47
48
49
50
51
52
53
54
55
56
57
58
59
60
61
62
63
64
65
66
67
68
70
71
72
73
74
75
77
79
80
81
82
83
85
86
87
88
89
90
91
92
93
94
95
96
97
98
99
100
101
102
103
104
105
106
107
108
109
110
111
112
114
115
118
119
120
122
123
127
128
129
130
131
132
134
135
136
138
139
140
142
145
146
147
148
149
150
151
153
154
155
156
157
159
160
162
163
165
168
169
170
171
172
173
174
175
176
177
179
181
184
185
186
187
188
189
190
191
192
195
196
197
200
201
202
203
204
205
206
209
210
211
212
213
214
215
216
219
220
221
222
223
224
225
226
227
228
229
230
233
234
237
238
239
242
243
246
247
248
249
250
251
252
253
254
255
256
257
258
259
260
261
262
263
264
265
266
269
272
273
276
277
278
279
280
281
283
284
285
286
288
289
290
294
295
296
297
299
301
302
303
304
307
308
311
312
315
317
320
321
322
323
324
325
326
327
328
329
330
332
333
334
336
337
338
339
340
341
342
345
348
349
350
351
354
355
356
357
358
359
360
361
362
364
367
368
369
370
371
372
373
374
375
376
377
378
379
380
381
382
383
384
385
386
387
390
393
394
395
397
398
399
400
401
402
403
404
405
407
408
412
413
414
415
416
417
418
420
423
424
425
426
427
428
429
430
431
432
433
434
435
436
437
438
439
440
441
444
447
448
449
450
451
452
453
454
455
456
457
458
459
460
461
462
465
468
469
470
474
475
478
480
482
483
484
485
486
487
489
490
491
492
493
494
495
496
497
498
499
500
501
502
503
504
505
506
507
508
511
514
515
516
517
518
519
520
521
522
523
524
525
526
527
528
529
530
531
532
533
534
535
536
537
540
543
544
545
546
547
549
552
554
556
557
558
559
560
564
565
566
569
570
571
572
573
574
575
576
578
581
582
583
588
589
590
593
594
595
596
597
598
604
605
608
609
610
611
614
615
616
617
618
621
622
625
626
629
630
631
632
634
635
636
637
638
639
640
642
643
644
645
646
647
648
649
650
651
652
653
654
656
657
658
661
664
665
666
667
668
669
670
671
672
673
674
675
677
678
679
680
681
682
683
684
685
686
687
688
689
691
692
693
696
699
700
703
704
707
708
709
712
713
714
717
718
719
722
723
724
727
728
729
730
733
734
735
736
739
740
741
744
745
746
747
748
751
752
753
754
755
758
759
760
763
764
765
768
769
770
773
774
775
778
779
780