1
2
3
4
5
6
7
8
9
10
11
12
13
14
15
16
17
18
20
21
22
23
24
25
26
27
28
29
30
32
33
34
35
36
37
38
39
40
41
42
43
44
45
46
47
48
49
50
51
52
53
54
55
56
57
58
59
60
61
62
63
64
65
66
67
68
69
70
71
72
73
74
75
76
78
79
80
81
82
83
84
85
86
87
88
89
90
92
93
95
96
97
98
99
100
101
102
103
104
105
106
108
109
111
112
113
114
115
117
118
120
121
122
123
124
126
127
129
130
132
133
135
136
137
138
140
141
143
144
145
146
147
148
150
151
152
153
154
155
157
158
160
161
162
163
164
165
166
167
169
170
172
173
174
175
176
178
179
180
181
182
184
185
186
189
190
191
192
193
194
195
196
197
198
199
201
202
204
205
206
209
210
211
212
213
214
215
218
219
220
221
222
223
224
225
226
227
228
230
231
232
235
236
237
238
239
240
241
242
243
244
246
247
248
249
250
251
252
253
254
255
259
262
263
264
265
266
267
268
269
270
271
272
276
277
278
279
280
281
282
284
285
286
287
290
291
292
295
296
297
298
299
301
302
303
306
307
308
313
314
315
316
317
318
319
320
321
322
323
324
328
330
331
332
334
335
337
338
339
340
341
342
343
344
345
348
349
352
353
354
355
356
357
358
359
360
361
362
364
365
368
369
370
371
372
373
375
378
379
380
381
382
383
384
385
386
389
390
391
392
393
394
395
396
397
398
399
400
402
403
404
405
406
408
411
412
413
414
415
417
420
421
422
423
425
426
427
428
430
431
432
433
434
438
439
440
441
442
443
444
445
446
448
449
451
452
453
454
457
458
459
460
461
462
463
464
465
467
468
469
470
473
474
475
476
477
478
479
480
481
482
483
484
485
486
487
488
489
490
491
492
493
495
496
497
499
500
504
505
506
507
508
509
510
511
512
513
514
515
518
520
521
523
524
525
526
527
528
529
530
531
532
533
534
536
537
538
541
542
543
545
546
547
548
551
552
553
554
555
556
557
559
560
561
562
563
564
565
567
569
572
573
574
578
579
580
581
582
583
584
585
586
587
588
589
590
591
592
593
597
598
599
600
601
604
605
606
607
608
609
610
611
612
613
614
615
616
617
618
619
620
621
625
626
627
628
629
630
631
632
633
634
636
637
638
641
642
643
646
647
648
649
650
651
652
653
654
655
659
660
661
662
663
664
665
666
667
669
670
671
672
675
676
677
678
679
681
682
684
685
686
687
688
689
694
695
696
698
699
701
702
704
705
706
707
709
710
712
713
718
719
720
721
722
723
724
725
726
727
729
730
731
734
735
736
739
740
741
742
743
744
745
746
747
748
749
753
754
755
756
757
758
759
760
761
764
765
766
767
768
769
770
771
772
773
774
775
777
778
780
781
782
785
786
787
789
790
792
793
794
796
799
800
801
803
806
807
808
809
810
811
812
813
814
815
816
817
820
821
822
823
826
827
828
831
832
833
836
839
840
841
842
843
844
845
846
847
848
851
852
853
854
855
856
857
858
859
860
861
862
863
864
866
871
872
873
875
876
877
878
879
880
881
882
883
886
887
888
890
891
892
893
897
898
899
902
903
904
905
906
907
908
909
911
915
916
917
918
919
920
921
922
923
924
925
926
927
928
929
930
932
933
934
935
937
938
939
941
942
943
944
945
946
947
950
951
952
953
954
955
956
957
959
960
961
962
963
964
965
966
967
968
970
971
972
973
974
978
979
981
982
983
984
985
986
987
988
989
990
991