1
2
3
4
5
6
7
8
9
10
11
12
13
14
15
16
17
18
20
21
22
23
24
25
26
27
28
29
30
32
33
34
35
36
37
38
39
40
41
43
44
45
47
48
49
50
51
52
53
55
56
57
58
59
60
61
62
63
64
65
67
68
69
70
71
72
74
76
77
79
80
81
83
84
86
87
89
90
91
93
94
97
99
101
102
103
104
105
109
110
111
114
115
117
118
119
120
121
122
123
124
126
128
129
131
132
133
134
135
138
139
142
143
144
146
147
148
149
150
151
152
155
156
157
158
159
161
162
163
164
165
166
167
169
172
173
174
175
176
177
178
179
183
187
188
190
191
192
196
197
200
201
202
203
204
210
211
212
213
214
215
216
217
218
219
220
221
222
223
224
228
229
230
231
232
233
234
236
237
238
239
242
243
244
246
247
248
249
250
251
252
253
254
260
261
262
263
264
265
266
268
270
271
274
275
276
277
278
281
282
283
284
285
286
289
292
293
296
297
300
301
302
303
307
308
309
311
312
314
316
319
320
322
324
326
328
330
332
334
336
340
341
342
343
344
345
347
348
349
350
351
352
355
356
357
360
361
364
365
368
369
370
371
373
374
375
376
377
378
379
380
381
382
383
384
385
386
388
390
393
394
395
396
397
398
399
400
401
402
403
404
405
406
407
408
409
410
411
412
413
415
416
417
418
419
420
421
423
424
425
426
427
428
430
431
433
436
437
438
439
440
441
442
443
444
445
446
447
448
449
450
451
452
453
454
455
456
457
459
462
463
464
465
466
467
468
470
473
474
475
476
477
478
479
480
481
482
483
484
485
486
487
488
489
490
491
492
493
494
496
497
498
499
500
503
504
506
507
510
511
512
513
515
516
517
518
519
520
521
522
524
525
526
527
528
529
530
531
532
533
534
535
536
537
538
539
540
544
545
546
547
550
553
554
555