1
2
3
4
5
6
7
8
9
10
11
12
13
14
15
16
17
18
20
21
22
23
24
25
27
28
29
30
31
32
33
34
35
37
39
40
41
42
43
44
45
46
47
48
49
50
51
52
53
54
55
56
57
58
59
60
61
62
63
64
65
66
67
68
69
70
71
73
74
75
77
78
79
80
82
83
84
85
86
87
88
89
90
91
92
94
95
96
98
99
100
102
103
104
106
107
108
109
110
112
113
114
115
116
117
118
119
120
121
122
123
124
125
126
127
128
129
130
131
132
133
135
136
137
138
139
142
143
144
145
146
147
148
149
150
151
152
153
154
155
156
157
158
159
160
163
164
167
168
169
170
171
172
173
174
176
179
180
181
182
183
184
187
188
189
190
191
192
193
194
195
196
197
199
200
201
202
203
204
206
207
208
209
211
212
214
215
217
218
219
220
221
222
224
225
226
227
228
229
230
232
233
234
238
239
240
241
242
243
244
245
246
247
248
249
250
251
252
253
257
258
259
260
261
262
263
264
265
266
267
268
269
273
274
275
276
277
278
279
280
281
282
283
287
288
289
291
292
293
294
295
296
298
299
300
301
302
305
306
307
312
313
314
315
316
317
318
319
320
321
322
325
326
327
329
330
335
336
337
338
339
340
341
342
343
346
347
348
349
350
351
354
355
356
357
358
359
360
361
362
363
364
365
366
367
368
369
370
371
373
374
375
376