1
2
3
4
5
6
7
8
9
10
11
12
13
14
15
16
17
19
21
22
23
24
26
27
28
29
30
31
32
33
34
35
36
37
38
39
41
42
44
45
46
47
48
49
50
51
52
53
54
55
56
57
58
60
61
63
64
65
66
67
68
69
70
71
74
75
76
77
78
79
80
81
82
83
84
85
86
87
88
89
90
93
94
95
96
97
98
99
100
101
102
103
104
106
109
110
111
112
113
114
115
116
117
118
119
120
122
123
125
128
129
130
131
132
133
134
135
136
137
138
139
140
141
142
143
144
145
146
147
149
150
151
152
153
154
155
156
157
159
160
161
162
163
164
165
168
170
173
174
175
176
177
178
179
180
181
182
183
186
187
188
191
192
193
194
195
196
197
198
199
200
201
202