1
2
3
4
5
6
7
8
9
10
11
12
13
14
15
16
17
18
20
22
23
24
25
26
27
28
29
30
31
32
34
35
37
38
39
40
41
42
45
46
47
50
51
52
53
56
57
58
59
62
63
64
67
68
69
72
73
74
75
78
79
80
81
84
85
86
89
90
91
92
95
96
97
98
101
102
103
106
107
110
111
114
115
118
119
122
123
126
127
130
131
132
135
136
137
140
141
142
143
146
147
148
149
152
153
154
157
158
159
162
163
164
165
168
169
170
171
174
175
176
179
180
181
184
185
186
187
190
191
192
193
197
198
199
202
203
204
207
208
209
210
213
214
215
216
219
220
221
224
225
226
229
230
231
232
235
236
237
238
241
242
243
246
247
248
251
252
253
256
257
258
261
262
263
266
267
268
271
272
273
276
277
278
281
282
283
284
287
288
289
292
293
294
297
298
299
302
303
304
307
308
311
312
315
316
317
318
321
322
323
324
327
328
329
330
333
334
335
336
339
340
341
342
345
346
347
348
351
352
353
354
357
358
359
360
363
364
365
368
369
370
373
374
375
376
379
380
381