1
2
3
4
5
6
7
8
9
10
11
12
13
14
15
16
17
19
21
22
23
24
25
26
27
28
29
30
31
33
34
35
36
37
38
39
40
41
42
43
44
45
46
47
48
49
50
51
52
53
54
55
56
57
58
59
60
61
62
63
65
66
67
69
70
71
72
73
74
75
76
77
78
79
80
81
82
83
84
85
86
87
88
89
90
91
92
93
94
95
96
97
98
99
101
103
104
105
106
107
108
109
110
111
114
115
116
117
118
119
120
121
123
125
126
127
128
129
130
131
135
136
137
138
139
140
141
142
143
144
145
146
148
149
150
153
154
155
157
158
159
160
161
164
165
166
167
168
169
173
174
175
176
177
178
179
180
181
182
183
184
185
186
187
188
189
191
192
194
195
196
197
198
199
200
204
205
206
207
208
209
211
212
215
216
217
218
219
220
224
225
226
227
228
229
231
232
235
236
237
238
239
240
244
245
246
247
248
250
251
252
255
256
257
259
260
262
263
264
265
266
268
269
270
271
272
273
276
277
280
281
282
283
285
287
288
292
293
294
295
296
297
298
299
301
304
305
306
307
308
309
310
311
312
313
315
316
317
318
322
325
326
327
328
329
330
333
334
335
336
337
340
341
342
343
344
345
346
347
348
349
350
352
353
356
357
359
361
362
364
365
366
368
369
371
372
373
374
375
376
378
379
380
381
382
383
386
387
389
390
393
394
395
399
402
403
404
405
406
407
408
409
411
413
414
416
417
418
419
420
421
422
423
424
426
427
428
431
434
435
436
439
440
441
444
445
446
447
448
449
450
451
452
453
454
455
457
458
459
460
461
462
463
464
465
466
467
468
469
471
472
475
478
479
480
481
482
483
484
487
488
489
492
493
494
495
496
498
500
501
502
503
504
506
509
510
511
512
513
515
516
518
519
520
521
525
528
529
530
531
533
534
537
538
539
540
541
542
545
546
547
549
550
551
552
555
556
557
558
559
560
561
562
563
564
565
566
567
568
572
573
576
577
578
579
580
581
582
583
584
587
588
589
590
591
592
593
594
595
596
597
598
599
600
601
602
604
605
606
607
608
609
610
611
612
613
615
616
618
622
623
624
625
626
627
628
631
632
633
634
635
636
637
640
643
644
647
648
651
652
655
656
657
658
661
662
663
664
665
668
669
670
671
673