1
2
3
4
5
6
7
8
9
10
11
12
13
14
15
16
17
18
20
22
23
24
26
27
28
29
30
31
32
33
34
35
36
38
39
40
41
42
43
44
45
46
47
48
49
50
51
53
54
55
57
58
60
61
62
64
65
66
67
68
69
70
71
72
73
74
75
76
77
79
82
83
84
85
86
87
89
90
91
92
93
94
95
96
98
99
100
101
102
103
104
105
106
107
109
110
111
112
114
115
116
117
118
119
120
121
122
123
124
126
127
128
129
130
131
132
133
137
138
139
140
141
143
144
145
146
147
148
149
151
152
153
154
155
156
157
159
160
161
162
163
164
165
166
167
168
172
173
174
175
176
177
180
181
182
183
184
185
186
187
190
191
192
193
194
195
196
197
198
200
201
202
203
205
206
207
208
209
210
211
212
214
215
216
217
219
220
221
222
223
226
227
228
231
232
233
234
235
236
237
238
239
240
241
242
243
244
245
246
251
252
253
254
255
256
257
258
260
261
262
263
264
265
266
267
269
270
271
272
274
275
276
278
279
280
282
283
284
285
287
288
289
290
291
292
294
295
296
297
299
300
301
302
303
304
305
306
307
308
309
313
314
315
316
317
318
319
320
322
325
326
327
328
329
330
332
335
336
337
338
339
340
341
342
344
347
348
349
350
351
352
354
357
358
359
360
362
363
364
365
366
368
369
370
371
372
374
375
376
377
378
379
380
382
383
384
385
386
390
391
392
393
394
395
396
397
399
400
401
402
403
404
405
406
407
409
412
413
414
415
416
417
418
419
420
421
422
423
424
425
426
429
430
431
432
435
436
437
438
439
440
443
444
445
446
447
448
449
450
451
452
453
456
457
458
459
460
461
462
464
465
466
467
470
471
472
473
474
476
477
478
479
481
482
483
484
485
486
487
488
489
493
494
495
496
497
498
499
500
501
502
503
504
505
506
507
508
510
511
512
513
515
516
517
518
521
522
523
524
525
526
527
528
529
530
533
534
535
536
537
538
539
542
543
544
545
546
547
549
550
551
552
554
555
556
557
558
559
560
561
562
563