1
2
3
4
5
6
7
8
9
10
11
12
13
14
15
16
17
19
21
22
23
24
25
26
27
28
29
30
31
32
33
35
36
37
38
39
40
41
42
43
44
46
47
48
49
50
51
52
53
54
55
57
58
59
60
61
62
63
64
65
67
68
69
70
71
72
75
76
79
80
83
84
87
88
91
92
95
96
99
100
103
104
107
108
109
110
111
112
113
114
115
118
119
120
121
122
123
124
125
126
127
128
133
134
135
136
137
139
140
141
142
145
146
147
148
149
153
154
155
156
157
158
159
161
162
164
166
167
168
169
170
171
172
174
177
178
179
180
182
185
186
187
188
191
192
194
198
199
200
201
203
204
208
209
210
213
214
216
218
220
221
222
223
224
225
226
227
228
229
231
232
233
234
235
237
238
239
242
243
244
245
246
247
248
251
254
255
258
259
260
261
262
263
264
265
266
267
269
270
271
272
274
275
276
277
278
279
280
281
282
286
291
292
293
294
295
296
297
298
299
300
302
303
304
305
306
307
308
309
310
311
312
313
314
315
317
318
322
323
324
326
327
329
330
333
334
336
337
339
340
342
343
345
346
348
349
351
352
354
355
358
359
362
363
366
367