1
2
3
4
5
6
7
8
9
10
11
12
13
14
15
16
17
19
21
22
23
24
25
26
27
28
29
30
31
32
34
35
36
37
38
39
40
42
43
44
45
46
47
48
49
50
51
52
53
54
55
56
57
58
59
60
61
62
63
64
65
66
67
68
69
71
72
75
76
77
78
79
81
82
83
85
87
88
90
91
92
93
94
97
98
99
100
101
102
103
105
107
108
109
110
111
113
114
116
117
118
119
120
121
122
123
124
125
126
129
131
132
134
135
136
137
138
140
141
143
144
145
147
148
149
150
153
155
156
157
158
159
160
161
162
163
164
166
167
168
171
172
173
174
176
177
178
179
180
181
182
184
185
186
187
188
189
190
192
193
195
196
197
198
200
201
202
203
204
205
206
207
208
210
211
214
215
216
219
222
223
224
225
226
227
230
231
232
233
234
237
238
241
242
243
244
246
247
248
249
250
251
252
253
254
255
258
259
260
261
262
265
267
269
270
271
272
274
275
276
279
280
281
282
283
286
287
288
291
292
293
294
297
298
299
301
302
304
305
306
307
309
312
313
314
315
317
319
322
323
324
325
326
327
328
329
330
331
332
333
334
335
336
337
339
340
342
346
347
350
351
352
353
354
355
356
357
358
359
360
361
362
364
365
366
367
368
369
370
372
373
374
375
377
378
379
380
383
384
385
386
388
389
390
391
396
397
399
400
402
403
404
405
406
408
409
412
413
414
415
416
417
418
419
420
421
424
425
426
427
428
429
434
435
436
438
439
440
441
445
448
449
450
451
452
453
454
455
456
457
458
459
461
464
465
466
467
468
469
470
473
474
475
476
477
478
479
480
482
487
488
489
490
491
492
493
497
498
499
500
501
502
503
508
511
512
513
514
515
516
521
522
523
524
526
527
528
529
530
531
532
533
537
538
539
540
543
544
545
546
547
548
549
550
551
555
556
557
558
559
560
561
562
564
565
566
567
568
569
570
571
572
573
574
575
576
577
580
584
585
586
587
589
590
592
593
594
595
598
599
600
601
602
603
604
606
609
612
613
614
617
619
620
621
624
625
626
627
628
629
630
631
632
635
636
637
638
639
640
641
642
645
646
649
650
651
652
653
657
658
659
660
661
664
665
666
667
669
671
672
673
674
675
676
677
678
682
683
684
685
686
687
688
689
690
692
693
696
697
699
700
702
703
705
706
709
710
711
713
714
715
718
719
720
721
722
725
726
727
728
729
730
731
732
733
736
737
739
742
744
745
746
747
749
750
751
753
754
755
756
757
758
759
760
761
762
763
767
769
772
773
774
775
776
777
778
779
780
781
783
785
786
789
792
793
794
795
796
797
798
799
800
802
805
806