1
2
3
4
5
6
7
8
9
10
11
12
13
14
15
16
17
19
21
22
23
24
25
26
27
28
29
30
31
32
34
36
37
38
39
40
41
42
43
45
46
47
48
50
51
52
53
54
55
57
59
60
61
62
65
66
67
68
69
72
73
74
75
76
77
79
80
84
85
86
87
88
89
90
91
92
93
94
95
96
97
98
99
100
101
102
103
104
105
106
107
108
109
110
111
112
113
114
115
116
117
118
119
120
121
122
123
124
125
126
127
128
129
130
131
132
133
134
135
136
137
140
141
142
143
144
145
146
147
148
149
150
151
154
155
156
157
158
159
160
161
162
163
164
165
166
167
168
169
170
171
172
173
174
175
176
177
178
179
180
181
182
183
184
185
186
187
188
189
190
191
192
193
194
195
196
197
198
199
200
201
202
203
204
206
207
208
209
210
211
212
213
214
215
216
218
219
220
221
222
223
224
225
226
227
228
229
230
231
232
233
234
235
236
237
238
240
241
242
243
244
245
246
247
248
250
251
252
253
254
255
256
257
258
259
261
262
263
264
265
266
267
268
269
270
271
272
273
274
275
276
277
278
279
280
281
282
283
284
286
288
290
291
293
294
295
298
300
302
304
305
306
307
308
309
310
311
312
313
314
315
316
317
318
319
320
321
322
323
324
325
326
327
331
332
333
334
335
337
339
341
342
343
344
345
347
348
349
350
352
353
354
355
357
359
361
362
363
364
366
367
369
370
372
373
374
375
377
378
379
381
382
383
384
386
387
388
389
390
391
392
393
394
395
396
397
398
399
400
401
402
403
404
405
406
407
408
410
411
413
414
415
416
417
419
420
422
423
425
426
428
429
430
432
434
435
437
438
439
440
442
443
445
446
448
449
451
452
453
454
455
457
458
459
460
461
462
464
465
467
469
470
471
472
473
474
476
477
478
479
480
481
482
483
484
485
487
489
491
493
494
495
496
497
499
500
502
504
505
506
507
508
509
510
511
512
513
514
515
516
517
518
519
520
521
523
524
525
526
528
529
531
532
533
534
535
536
538
539
540
541
542
543
544
545
546
547
548
549
550
551
552
553
554
555
556
557
558
559
560
561
562
563
564
565
566
567
569
570
571
572
573
574
575
577
578
579
580
581
583
584
586
587
589
590
592
594
595
597
598
600
601
602
604
606
608
609
611
613
616
618
619
621
622
625
626
628
630
632
633
634
635
636
637
638
639
641
642
643
644
646
647
648
649
650
651
652
653
654
656
657
658
659
660
662
663
664
665
667
668
669
670
672
673
675
676
677
679
681
682
686
687
688
689
690
691
692
694
696
697
698
699
700
701
702
703
704
707
708
709
710
711
712
713
714
715
718
719
720
721
722
723
724
725
726
729
730
731
732
733
734
735
736
737
740
741
742
743
744
745
746
747
748
751
752
755
756
759
760
761
764
765
766
767
768
770
771
772
773
774
777
778
779
780
781
782
783
784
785
786
787
789
790
791
793
794
798
799
800
801
802
803
804
805
806
807
808
809
810
811
812
813
814
816
818
819
820
821
822
823
824
827
830
831
832
835
836
837
840
841
844
845
848
849
850
853
854
857
858
859
862
863
866
867
870
871
872
875
876
879
880
881
884
885
888
889
892
893
894
897
898
901
902
903
906
907
910
911
914
915
916
919
920
923
924
925
928
929
932
933
936
937
940
941
942
946
947
948
951
952
953
956
957
958
961
962
963
964
965
966
967
968
971
972
975
976
977
978
979
980
982
985
986
988
989
991
992
994
995
996
999
1000
1002
1003
1008
1009
1010
1011
1014
1015
1019
1020
1021
1022
1023
1024
1025
1026
1030
1031
1032
1033
1034
1035
1037
1038
1039
1040
1045
1048
1049
1050
1051
1052
1053
1054
1055
1057
1058
1059
1061
1065
1066
1067
1069
1070
1071
1072
1073
1076
1079
1080
1083
1084
1087
1088
1089
1090
1091
1094
1095
1096
1097
1098
1099
1102
1103
1104
1105
1106
1107
1108
1109
1110
1111
1112
1116
1117
1120
1121
1122
1123
1124
1125
1126