1
2
3
4
5
6
7
8
9
10
11
12
13
14
15
16
17
19
21
22
23
24
25
26
28
29
30
31
32
33
34
35
36
37
38
39
40
41
42
43
45
46
47
48
49
51
53
54
56
57
58
60
61
63
64
65
66
67
70
71
74
75
76
77
78
79
80
81
82
83
84
86
87
88
89
90
92
93
94
95
98
99
101
102
103
104
105
107
108
109
111
113
114
115
119
120
121
124
125
126
127
128
129
130
131
132
133
136
137
138
139
142
143
144
145
146
149
150
151
154
155
156
158
159
160
161
162
163
166
167
169
170
171
172
173
175
176
177
179
180
183
184
185
188
189
190
193
194
195
196
197
198
199
200
202
203
204
205
208