1
2
3
4
5
6
7
8
9
10
11
12
13
14
15
16
17
19
21
23
24
25
26
27
28
29
30
31
32
33
34
35
36
37
39
40
41
42
43
44
45
47
48
49
50
51
52
53
54
55
56
57
58
59
60
61
62
63
64
65
66
67
68
69
70
71
72
73
74
75
76
77
78
79
80
81
82
83
84
85
86
87
88
89
90
91
92
93
94
95
96
97
98
99
100
101
102
103
104
105
106
107
108
109
110
111
112
113
114
115
116
117
118
119
120
122
123
124
125
126
127
128
129
130
131
133
134
136
137
140
141
142
143
144
145
146
147
148
149
150
151
154
155
156
157
158
159
161
164
165
168
169
170
171
172
173
174
175
176
177
178
179
180
181
182
183
185
186
187
190
191
192
193
194
195
196
197
199
201
202
204
205
207
208
212
214
215
216
220
221
222
223
224
225
226
229
230
231
232
233
234
235
237
238
239
240
241
242
243
244
245
250
251
252
253
257
260
261
262
263
264
265
266
267
268
269
270
271
272
273
274
276
277
281
282
285
288
289
290
291
294
295
296
300
301
302
303
304
305
307
308
309
310
311
312
313
314
315
316
318
321
322
323
324
325
326
327
328
329
330
332
333
334
337
338
342
343
344
345
347
350
351
352
353
354
355
356
358
361
362
363
364
365
366
368
369
370
371
372
373
377
378
379
380
381
382
383
384
385
386
387
388
389
390
395
396
397
398
399
400
401
402
403
404
405
406
407
408
409
410
413
414
416
419
420
421
422
423
424
425
426
427
428
431
432
433
434
435
436
439
440
441
442
443
444
445
446
447
448
450
451
452
453
454
455
456
457
458
459
460
461
462
465
468
469
470
471
472
473
475
476
477
478
479
480
481
483
485
486
487
488
491
495
496
497
498
499
500
501
502
503
504
505
506
507
508
510
511
513
515
516
517
518
519
520
521
523
524
525
526
529
532
533
536
537
538
539
540
541
544
547
548
549
550
551
552
555
556
557
558
559
560
563
564
565
566
567
568
569
570
571
572
573
574
577
580
581
582
583
584
585
586
587
588
589
590
591
593
594
595
596
599
602
603
604
605
606
607
608
609
610
611
612
614
615
616
617
618
619
620
623
626
627
628
629
630
631
632
633
634
635
637
638
640
641
643
644
646
647
648
649
650
655
656
657
658
659
660
661
662
663
664
665
666
667
668
669
670
671
672
673
674
675
676
678
679
680
681
682
688
689
690
691
692
693
694
695
696
697
698
699
701
702
703
704
707
708
709
712
713
714
715
717
718
719
720
721
722
725
726
727
729
730
731
732
735
738
739
740
741
742
743
744
745
746
747
750
753
754
755
756
757
758
759
760
761
762
763
766
767
768
769
770
772
773
775
777
778
779
780
781
782
783
784
786
787
788
789
792
795
796
799
800
801
802
803
804
805
806
807
808
809
810
811
812
813
814
817
820
821
822
823
824
825
827
828
829
830
831
832
833
834
837
838
839
841
842
843
844
845
846
848
849
850
851
854
857
858
859
861
862
863
864
865
866
867
868
869
872
873
874
875
876
877
880
881
882
883
885
886
887
888
889
890
894
895
896
897
898
899
900
903
904
905
909
910
911
912
913
914
915
918
919
920
921
922
923
924
927
930
931
932
933
934
935
936
939
942
943
944
945
946
947
950
953
954
955
956
957
958
961
964
965
966
968
969
972
973
974
976
977
980
981
982
983
984
985
986
987
989
992
993
994
995
996
997
998
1000
1002
1003
1004
1005
1006
1007
1008
1009
1010
1011
1012
1015
1016
1017
1020
1021
1022
1023
1024
1025
1026
1027
1028
1029
1030
1031
1034
1037
1038
1039
1040
1041
1042
1045
1048
1049
1050
1051
1052
1053
1054
1055
1056
1057
1058
1059
1062
1065
1066
1067
1068
1069
1070
1071
1072
1073
1074
1075
1076
1079
1084
1085
1086
1087
1088
1089
1090
1091
1092
1093
1094
1096
1097
1100
1101
1102
1103
1104
1105
1106
1107
1108
1109
1110
1111
1112
1114
1115
1116
1117
1118
1119
1120
1121
1122
1123
1124
1127
1128
1129
1130
1131
1132
1133
1134
1135
1136
1137
1138
1139
1141
1142
1143
1145
1146
1147
1148
1149
1150
1151
1152
1153
1157
1158
1159
1160
1161
1162
1163
1166
1167
1171
1172
1173
1174
1175
1178
1181
1182
1183
1184
1185
1186
1187
1188
1190
1191
1194
1195
1196
1197
1198
1199
1200
1201
1202
1203
1204
1205
1207
1208
1209
1210
1211
1213
1214
1215
1216
1217
1218
1219
1220
1223
1226
1227
1228
1229
1230
1231
1232
1233
1234
1235
1236
1237
1238
1239
1240
1242
1243
1244
1248
1249
1250
1251
1252
1253
1254
1255
1256
1257
1258
1259
1260
1263
1264
1265
1266
1269
1270
1271
1273
1274
1275
1276
1279
1280
1281
1282
1284
1285
1286
1289
1290
1291
1292
1293
1294
1295
1296
1297
1298
1299
1300
1301
1304
1307
1308
1309
1310
1311
1312
1313
1314
1315
1316
1317
1318
1319
1320
1321
1322
1323
1324
1325
1326
1328
1330
1331
1332
1333
1335
1336
1339
1340
1341
1342
1343
1344
1347
1348
1350
1351
1352
1353
1354
1357
1358
1360
1361
1362
1363
1366
1369
1370
1371
1372
1373
1374
1377
1378
1379
1380
1381
1382
1383
1384
1385
1386
1387
1388
1389
1390
1392
1393
1394
1395
1396
1397
1401
1402
1403
1404
1405
1410
1411
1412
1413
1414
1415
1416
1417
1418
1419
1420
1421
1423
1424
1425
1426
1427
1428
1429
1430
1431
1434
1435
1436
1437
1438
1444
1445
1446
1447
1448
1450
1453
1454
1455
1456
1457
1459
1462
1463
1464
1465
1466
1467
1468
1469
1470
1471
1472
1476
1477
1479
1480
1482
1483
1484
1486
1487
1488
1489
1492
1495
1496
1497
1498
1499
1500
1501
1502
1503
1504
1505
1506
1507
1508
1509
1510
1511
1512
1513
1514
1515
1517
1518
1521
1522
1523
1524
1527
1528
1529
1530
1531
1532
1533
1534
1535
1536
1539
1540
1541
1542
1543
1544
1547
1548
1549
1551
1552
1555
1558
1559
1560
1561
1562
1563
1564
1565
1566
1567
1568
1569
1570
1571
1572
1573
1574
1575
1576
1577
1578
1579
1581
1583
1584
1585
1586
1589
1592
1593
1594
1595
1596
1597
1598
1599
1600
1601
1602
1603
1605
1606
1607
1608
1611
1614
1615
1616
1618
1619
1620
1621
1622
1623
1624
1625
1627
1628
1629
1630
1632
1633
1634
1635
1636
1637
1638
1639
1642
1645
1646
1647
1649
1650
1651
1653
1655
1656
1657
1658
1659
1660
1661
1662
1663
1665
1666
1668
1670
1672
1673
1675
1676
1677
1679
1680
1681
1682
1683
1684
1685
1686
1687
1688
1693
1694
1695
1696
1697
1698
1699
1700
1701
1704
1705
1706
1708
1709
1711
1713
1714
1715
1716
1719
1720
1723
1726
1727
1728
1729
1730
1731
1732
1733
1735
1736
1737
1738
1739
1742
1743
1744
1746
1747
1748
1749
1750
1752
1754
1755
1756
1757
1760
1763
1764
1765
1766
1769
1770
1771
1772
1773
1775
1778
1779
1780
1781
1782
1783
1784
1785
1787
1790
1791
1792
1793
1794
1795
1796
1797
1798
1800
1801
1802
1803
1805
1806
1807
1809
1810
1812
1813
1814
1817
1818
1820
1821
1823
1824
1825
1827
1829
1830
1831
1832
1833
1834
1835
1838
1841
1842
1843
1844
1845
1846
1847
1848
1849
1850
1851
1852
1853
1854
1855
1856
1857
1859
1860
1861
1862
1863
1865
1866
1867
1868
1869
1870
1871
1872
1874
1875
1876
1877
1879
1880
1881
1884
1887
1888
1889
1890
1891
1892
1893
1894
1895
1896
1898
1899
1900
1901
1902
1904
1905
1906
1907
1909
1911
1912
1913
1916
1917
1918
1920
1921
1923
1924
1925
1926
1928
1929
1930
1931
1934
1935
1936
1937
1938
1939
1942
1945
1946
1947
1948
1949
1950
1951
1952
1953
1954
1957
1958
1959
1962
1963
1964
1965
1966
1967
1968
1969
1970
1971
1972
1973
1974
1975
1977
1978
1979
1980
1981
1986
1987
1988
1989
1990
1991
1992
1993
1994
1995
1996
1999
2000
2001
2004
2005
2007
2008
2009
2010
2011
2016
2017
2018
2019
2020
2021
2022
2023
2025
2026
2027
2028
2029
2030
2032
2033
2037
2038
2039
2040
2041
2042
2043
2044
2045
2046
2047
2048
2054
2055
2056
2057
2058
2059
2060
2061
2062
2064
2065
2066
2067
2068
2069
2075
2076
2077
2078
2079
2080
2081
2082
2083
2084
2085
2086
2087
2088
2090
2093
2094
2095
2096
2097
2098
2099
2100
2101
2102
2103
2104
2105
2106
2107
2108
2109
2110
2113
2114
2115
2116
2117
2118
2119
2120
2123
2124
2125
2126
2127
2128
2129
2130
2131
2133
2134
2135
2136
2137
2142
2143
2144
2145
2146
2147
2148
2149
2150
2153
2154
2155
2156
2157
2158
2161
2162
2163
2164
2165
2166
2167
2168
2169
2170
2171
2172
2173
2174
2176
2177
2178
2179
2181
2182
2183
2184
2185
2186
2187
2188
2191
2194
2195
2196
2197
2198
2199
2200
2201
2202
2203
2204
2205
2206
2207
2212
2213
2215
2216
2217
2220
2221
2222
2223
2227
2228
2229
2233
2234
2235
2238
2239
2240
2241
2242
2243
2244
2245
2246
2248
2249
2250
2251
2254
2257
2258
2259
2260
2261
2262
2263
2264
2265
2266
2267
2270
2272
2273
2274
2275
2276
2277
2278
2279
2282
2285
2286
2287
2288
2289
2290
2291
2292
2295
2296
2297
2300
2301
2302
2303
2304
2305
2306
2307
2308
2309
2310
2314
2315
2316
2317
2318
2319
2320
2321
2322
2323
2325
2326
2327
2328
2329
2334
2335
2336
2337
2338
2339
2340
2341
2342
2343
2345
2346
2347
2348
2349
2350
2351
2352
2353
2356
2359
2360
2361
2362
2363
2364
2365
2366
2367
2368
2369
2373
2374
2375
2376
2377
2379
2380
2381
2382
2385
2388
2389
2390
2391
2392
2393
2394
2395
2396
2397
2399
2400
2401
2402
2403
2404
2405
2406
2407
2410
2413
2414
2415
2416
2417
2418
2419
2420
2421
2422
2423
2424
2426
2427
2428
2430
2431
2432
2433
2434
2435
2436
2437
2438
2439
2440
2443
2446
2447
2448
2449
2450
2451
2452
2453
2454
2455
2456
2457
2460
2463
2464
2465
2466
2467
2468
2469
2470
2471
2472
2473
2474
2475
2476
2477
2480
2483
2484
2485
2486
2487
2488
2489
2490
2491
2492
2493
2494
2495
2496
2498
2499
2500
2501
2503
2504
2505
2506
2507
2509
2510
2511
2512
2514
2515
2516
2517
2519
2520
2521
2522
2524
2525
2526
2527
2529
2530
2531
2532
2534
2535
2537
2538
2539
2540
2543
2546
2547
2548
2549
2550
2552
2553
2554
2557
2560
2561
2562
2563
2564
2565
2566
2567
2568
2569
2570
2571
2573
2574
2575
2576
2577
2578
2579
2580
2581
2582
2583
2584
2587
2590
2591
2592
2593
2594
2595
2596
2597
2598
2600
2601
2602
2603
2604
2605
2606
2607
2608
2609
2610
2611
2614
2617
2618
2619
2620
2622
2623
2624
2627
2628
2629
2630
2631
2632
2633
2634
2635
2636
2637
2638
2639
2640
2643
2646
2647
2648
2649
2650
2651
2652
2653
2654
2655
2656
2658
2659
2660
2661
2662
2667
2668
2669
2670
2671
2672
2673
2674
2675
2676
2677
2678
2679
2680
2681
2682
2683
2685
2686
2689
2690
2691
2692
2693
2694
2695
2696
2697
2698
2699
2701
2704
2706
2707
2708
2709
2712
2715
2716
2717
2718
2720
2721
2722
2723
2724
2725
2726
2727
2728
2729
2730
2732
2735
2739
2740
2741
2742
2743
2744
2746
2747
2748
2749
2750
2751
2752
2753
2755
2756
2757
2758
2759
2761
2763
2764
2765
2766
2767
2768
2769
2771
2773
2774
2775
2776
2779
2782
2783
2784
2785
2786
2787
2788
2789
2791
2792
2793
2794
2795
2796
2797
2799
2800
2801
2802
2803
2805
2807
2808
2809
2810
2811
2812
2813
2815
2817
2818
2819
2820
2823
2826
2827
2828
2829
2830
2831
2832
2833
2835
2836
2837
2838
2839
2840
2841
2843
2844
2845
2846
2847
2849
2851
2852
2853
2854
2855
2856
2857
2859
2861
2862
2863
2864
2867
2870
2871
2872
2873
2874
2875
2876
2877
2879
2880
2881
2882
2883
2884
2885
2886
2887
2889
2890
2891
2892
2893
2895
2897
2898
2899
2900
2901
2902
2903
2905
2907
2908
2909
2910
2913
2916
2917
2918
2920
2921
2923
2924
2925
2926
2927
2928
2929
2930
2931
2932
2933
2934
2937
2940
2943
2944
2947
2948
2949
2950
2952
2953
2954
2955
2956
2957
2958
2959
2960
2961
2962
2963
2965
2968
2971
2972
2973
2975
2976
2977
2979
2980
2981
2982
2983
2984
2985
2986
2987
2988
2989
2990
2992
2994
2995
2996
2997
2998
2999
3000
3001
3002
3003
3004
3005
3007
3010
3013
3014
3015
3016
3017
3018
3019
3020
3022
3024
3025
3026
3027
3028
3029
3030
3031
3032
3033
3034
3035
3036
3037
3039
3040
3041
3042
3043
3044
3045
3049
3050
3051
3052
3054
3055
3056
3058
3059
3060
3061
3062
3063
3064
3065
3066
3070
3071
3072
3074
3076
3077
3078
3081
3082
3083
3084
3085
3086
3087
3088
3089
3090
3091
3092
3096
3097
3098
3100
3101
3103
3104
3105
3106
3109
3110
3111
3112
3113
3114
3115
3116
3117
3118
3119
3120
3121
3122
3126
3127
3128
3130
3131
3132
3134
3135
3136
3137
3140
3141
3142
3143
3144
3145
3146
3147
3148
3149
3150
3152
3153
3154
3155
3157
3158
3159
3160
3164
3165
3166
3168
3169
3170
3171
3173
3174
3175
3176
3177
3180
3181
3182
3183
3184
3186
3187
3188
3189
3193
3194
3195
3197
3198
3199
3201
3202
3203
3204
3205
3212
3213
3215
3216
3217
3218
3221
3224
3225
3226
3227
3228
3229
3230
3232
3235
3236
3238
3239
3240
3241
3242
3243
3245
3246
3247
3249
3250
3251
3252
3253
3254
3255
3256
3257
3258
3259
3260
3263
3264
3265
3270
3271
3272
3273
3274
3275
3276
3277
3278
3279
3280
3281
3282
3283
3286
3287
3288
3289
3293
3294
3295
3296
3297
3298
3299
3300
3301
3302
3303
3304
3307
3308
3309
3310
3313
3315
3316
3317
3318
3319
3321
3322
3323
3324
3325
3326
3327
3328
3329
3330
3333
3334
3335
3336
3339
3341
3342
3343
3344
3345
3346
3349
3350
3351
3352
3353
3354
3355
3356
3357
3358
3359
3360
3361
3364
3365
3366
3367
3368
3369
3373
3374
3375
3376
3377
3378
3379
3380
3381
3382
3383
3384
3385
3388
3389
3390
3392
3393
3403
3404
3406
3407
3408
3409
3412
3415
3416
3417
3418
3419
3420
3421
3422
3423
3425
3426
3427
3428
3429
3430
3431
3432
3433
3434
3435
3438
3441
3442
3443
3444
3445
3446
3447
3448
3449
3451
3453
3454
3455
3457
3458
3459
3460
3463
3466
3467
3468
3469
3470
3471
3472
3474
3475
3476
3477
3479
3480
3481
3482
3483
3484
3485
3486
3487
3488
3491
3494
3495
3496
3497
3498
3499
3500
3501
3502
3504
3505
3506
3507
3508
3509
3510
3511
3512
3513
3516
3519
3520
3521
3522
3523
3524
3525
3526
3527
3528
3529
3530
3531
3532
3533
3534
3536
3537
3538
3539
3540
3541
3542
3543
3544
3545
3548
3551
3552
3553
3554
3555
3556
3557
3558
3559
3560
3561
3562
3563
3564
3566
3567
3568
3569
3570
3571
3572
3573
3574
3575
3578
3581
3582
3583
3584
3585
3586
3587
3589
3590
3591
3592
3593
3594
3595
3596
3597
3598
3599
3600
3601
3602
3603
3606
3609
3610
3611
3612
3613
3614
3616
3617
3618
3619
3620
3621
3622
3623
3624
3625
3626
3627
3628
3629
3630
3631
3634
3637
3638
3639
3640
3641
3642
3644
3645
3646
3647
3648
3649
3650
3652
3653
3654
3655
3656
3657
3658
3659
3660
3663
3666
3667
3668
3670
3671
3672
3673
3674
3676
3677
3678
3679
3680
3681
3682
3683
3684
3685
3686
3691
3692
3693
3694
3695
3697
3698
3699
3700
3701
3702
3704
3706
3707
3708
3709
3710
3711
3712
3713
3714
3717
3720
3721
3722
3723
3724
3725
3727
3728
3729
3730
3731
3732
3733
3735
3737
3738
3739
3740
3741
3742
3743
3744
3745
3746
3749
3752
3753
3754
3755
3756
3757
3758
3759
3761
3762
3763
3764
3765
3766
3769
3772
3773
3774
3776
3777
3778
3779
3780
3781
3784
3787
3788
3789
3790
3791
3792
3793
3794
3795
3796
3797
3798
3799
3800
3802
3803
3804
3806
3807
3808
3809
3810
3811
3812
3813
3814
3815
3818
3821
3822
3823
3824
3825
3826
3827
3828
3830
3831
3832
3833
3834
3835
3836
3839
3840
3843
3844
3845
3846
3847
3849
3850
3851
3852
3853
3854
3857
3860
3861
3862
3863
3864
3865
3866
3867
3868
3870
3871
3872
3873
3874
3875
3876
3877
3878
3879
3880
3881
3884
3887
3888
3889
3890
3891
3892
3893
3894
3895
3897
3898
3899
3900
3901
3902
3903
3904
3905
3906
3907
3908
3911
3914
3915
3916
3917
3918
3919
3920
3921
3922
3924
3925
3926
3927
3928
3929
3930
3931
3932
3933
3934
3937
3940
3941
3942
3943
3944
3945
3946
3947
3948
3950
3951
3952
3953
3954
3955
3956
3957
3958
3959
3960
3963
3966
3967
3968
3969
3971
3972
3973
3974
3975
3976
3977
3978
3979
3980
3982
3983
3984
3985
3986
3987
3988
3991
3995
3996
3997
3999
4000
4001
4002
4003
4004
4005
4006
4008
4009
4010
4011
4012
4013
4016
4019
4020
4021
4022
4024
4025
4026
4027
4028
4030
4032
4035
4036
4037
4038
4039
4040
4041
4042
4043
4044
4046
4047
4048
4049
4050
4051
4052
4053
4054
4056
4057
4058
4063
4064
4065
4066
4067
4068
4069
4070
4071
4072
4074
4075
4076
4077
4078
4079
4080
4081
4082
4084
4085
4086
4091
4092
4093
4094
4095
4096
4097
4098
4099
4100
4102
4103
4104
4105
4106
4108
4109
4111
4112
4113
4114
4115
4117
4118
4119
4124
4125
4126
4128
4129
4131
4132
4134
4135
4136
4137
4140
4141
4142
4143
4145
4146
4149
4150
4151
4152
4154
4155
4157
4160
4161
4162
4164
4165
4166
4169
4170
4173
4174
4177
4178
4181
4182
4186
4187
4188
4189
4190
4191
4192
4193
4194
4195
4196
4197
4199
4200
4201
4202
4203
4205
4206
4207
4208
4209
4210
4211
4212
4213
4215
4216
4217
4218
4219
4220
4221
4222
4227
4228
4229
4231
4232
4233
4234
4239
4240
4241
4243
4244
4245
4246
4249
4250
4253
4254
4257
4258
4261
4262
4266
4267
4268
4269
4270
4271
4272
4273
4274
4275
4276
4277
4278
4280
4281
4282
4283
4284
4286
4287
4288
4289
4290
4291
4292
4293
4294
4295
4297
4298
4299
4300
4301
4302
4303
4304
4305
4306
4307
4313
4314
4315
4317
4318
4319
4320
4325
4326
4327
4329
4330
4331
4332
4335
4336
4339
4340
4343
4344
4347
4348
4352
4353
4354
4355
4356
4357
4358
4359
4360
4361
4362
4363
4364
4366
4367
4368
4369
4370
4372
4373
4374
4375
4376
4377
4378
4379
4380
4382
4383
4384
4385
4386
4387
4388
4389
4394
4395
4396
4398
4399
4400
4401
4406
4407
4408
4410
4411
4412
4415
4416
4419
4420
4423
4424
4427
4428
4432
4433
4434
4435
4436
4437
4438
4439
4440
4441
4442
4443
4444
4446
4447
4448
4449
4450
4452
4453
4454
4455
4456
4457
4458
4459
4460
4461
4463
4464
4465
4466
4467
4468
4469
4470
4476
4477
4478
4480
4481
4482
4483
4488
4489
4490
4491
4493
4494
4497
4498
4499
4501
4502
4506
4507
4508
4509
4510
4511
4512
4514
4515
4516
4517
4518
4519
4520
4521
4522
4523
4524
4525
4526
4527
4528
4529
4530
4531
4532
4533
4535
4538
4539
4540
4541
4542
4543
4545
4546
4547
4548
4549
4550
4551
4552
4553
4554
4555
4556
4557
4558
4559
4560
4561
4562
4563
4564
4565
4566
4567
4568
4569
4570
4571
4572
4573
4574
4575
4576
4577
4578
4579
4581
4582
4585
4586
4587
4588
4589
4590
4591
4594
4595
4597
4598
4601
4602
4603
4604
4606
4607
4608
4609
4612
4613
4614
4616
4617
4620
4622
4623
4626
4627
4628
4629
4630
4631
4632
4633
4635
4636
4637
4638
4639
4640
4641
4642
4643
4644
4645
4646
4647
4648
4649
4650
4651
4652
4653
4654
4656
4659
4660
4662
4663
4664
4666
4667
4669
4670
4672
4673
4674
4678
4679
4681
4682
4683
4684
4688
4689
4690
4694
4696
4697
4698
4699
4700
4701
4702
4703
4704
4705
4706
4707
4708
4709
4713
4715
4716
4717
4718
4719
4721
4722
4723
4724
4725
4726
4727
4728
4729
4730
4731
4732
4733
4734
4735
4736
4737
4738
4739
4740
4741
4742
4743
4744
4745
4746
4747
4748
4749
4750
4751
4752
4753
4754
4755
4757
4758
4761
4762
4763
4764
4765
4766
4767
4768
4769
4772
4773
4774
4776
4777
4778
4779
4781
4782
4784
4785
4787
4788
4789
4793
4794
4796
4797
4798
4802
4803
4805
4806
4807
4808
4812
4813
4814
4818
4819
4820
4821
4822
4823
4824
4825
4826
4827
4828
4829
4830
4831
4832
4833
4837
4838
4840
4842
4843
4844
4845
4847
4848
4849
4851
4852
4853
4854
4855
4860
4861
4863
4865
4866
4867
4868
4870
4871
4872
4873
4875
4876
4877
4878
4879
4884
4885
4887
4889
4890
4893
4894
4898
4899
4900
4901
4902
4904
4905
4909
4910
4912
4913
4914
4915
4919
4920
4924
4925
4927
4928
4929
4931
4932
4933
4934
4935
4936
4937
4938
4939
4944
4945
4947
4948
4950
4951
4952
4955
4956
4959
4960
4961
4963
4964
4965
4967
4968
4969
4971
4972
4975
4977
4978
4981
4982
4983
4984
4986
4987
4988
4989
4992
4993
4994
4996
4997
4999
5000
5003
5004
5008
5009
5010
5011
5013
5014
5018
5019
5021
5022
5023
5027
5028
5030
5031
5032
5033
5037
5038
5042
5043
5045
5046
5048
5050
5051
5052
5053
5054
5055
5057
5058
5059
5064
5065
5066
5068
5070
5071
5074
5075
5078
5079
5080
5081
5082
5084
5085
5086
5090
5091
5093
5094
5095
5099
5100
5101
5103
5104
5106
5108
5109
5110
5113
5114
5115
5117
5118
5119
5120
5121
5123
5124
5125
5126
5127
5129
5130
5131
5132
5134
5135
5136
5137
5138
5141
5142
5143
5144
5145
5146
5147
5150
5153
5154
5156
5158
5159
5162
5163
5166
5167
5168
5169
5170
5172
5173
5174
5178
5179
5180
5182
5183
5184
5185
5186
5187
5190
5191
5192
5194
5195
5196
5197
5198
5200
5201
5202
5203
5204
5206
5207
5208
5210
5211
5212
5213
5214
5217
5218
5219
5220
5221
5222
5223
5226
5229
5230
5231
5232
5233
5234
5235
5236
5237
5238
5239
5240
5241
5243
5244
5245
5247
5249