1
2
3
4
5
6
7
8
9
10
11
12
13
14
15
16
17
19
21
22
23
24
25
26
27
28
29
30
31
32
33
35
37
38
39
40
41
42
43
44
45
46
47
48
49
50
51
52
53
54
55
56
57
58
59
60
61
62
63
64
65
66
67
68
69
70
71
73
74
75
76
77
79
80
81
82
84
86
87
89
90
91
92
93
94
95
96
97
98
99
100
101
102
103
104
105
106
108
110
111
113
114
115
116
117
118
120
121
123
124
126
127
128
129
130
131
132
133
134
135
136
137
138
139
141
142
143
144
145
146
147
148
150
151
152
153
154
156
157
158
159
160
161
162
164
165
166
169
170
173
174
178
179
180
182
183
184
186
187
188
189
190
191
192
194
195
196
197
198
199
201
202
204
207
208
209
210
211
213
214
215
216
217
218
220
222
223
225
226
227
228
229
230
231
232
233
236
237
238
239
240
242
243
244
245
247
248
252
253
254
255
256
257
258
259
260
261
262
263
264
265
266
267
268
269
270
271
272
273
274
275
281
282
283
284
285
286
287
288
289
290
291
292
293
294
295
296
297
298
299
300
301
302
303
304
305
306
307
308
309
310
311
312
313
315
316
318
319
320
321
322
324
325
328
329
330
331
334
335
336
339
340
341
342
343
345
346
347
348
353
354
355
356
357
358
361
362
363
364
365
367
368
369
370
373
374
375
376
377
378
379
380
381
382
383
384
385
387
388
389
390
391
392
393
397
399
400
403
404
405
406
408
409
410
411
412
413
415
416
418
419
421
423
424
425
426
427
428
430
431
432
433
436
437
438
439
440
441
442
443
444
445
446
447
448
451
452
453
454
456
457
458
459
460
461
462
463
464
465
466
467
468
469
470
471
472
473
474
475
476
477
478
479
480
481
482
483
484
485
486
487
488
492
493
494
495
496
497
498
499
500
501
502
503
504
505
506
507
508
509
510
511
512
513
514
515
518
519
522
523
524
525
526
527
528
532
533
534
537
538
541
544
545
546
547
548
549
550
551
552
553
555
558
559
560
561
562
563
564
565
566
568
570
571
572
573
576
577
578
579
581
582
583
584
585
586
591
592
593
594
595
597
600
601
602
606
607
608
609
610
611
612
613
614
615
616
617
618
619
620
621
622
623
624
625
626
627
628
629
630
631
632
633
636
637
638
639
640
642
643
644
646
647
648
649
650
651
652
653
657
658
661
664
665
666
667
669
670
671
672
673
674
676
679
680
681
682
683
684
685
688
689
690
692
693
694
696
697
698
699
700
701
702
703
704
711
712
713
714
715
716
717
719
722
723
724
725
726
727
728
730
735
736
737
740
741
742
743
747
748
749
750
751
752
753
756
758
759
760
761
765
766
767
768
769
770
771
772
773
774
775
776
777
778
779
780
781
782
783
784
785
786
787
792
793
794
796
797
798
799
800
803
804
805
808
809
810
811
812
815
816
818
819
821
822
823
824
828
829
830
831
832
834
835
836
837
838
839
840
841
844
845
846
847
848
849
850
853
854
856
857
858
860
861
862
863
864
865
866
870
871
872
873
874
875
876
877
878
880
881
883
884
885
886
889
890
891
892
893
894
897
898
900
901
902
906
908
909
911
914
915
916
917
918
919
920
921
922
923
925
926
927
928
929
930
931
932
934
935
936
937
938
939
940
941
942
943
944
945
946
947
948
949
950
951
952
953
958
959
960
961
964
965
966
967
969
970
971
972
973
975
976
979
980
984
986
987
988
989
990
993
994
995
997
1000
1002
1004
1005
1007
1008
1009
1010
1011
1012
1014
1015
1016
1017
1020
1021
1022
1023
1024
1025
1026
1027
1028
1029
1030
1031
1032
1037
1039
1040
1041
1042
1043
1044
1045
1046
1047
1049
1050
1051
1054
1055
1057
1058
1061
1064
1065
1066
1067
1068
1069
1070
1071
1072
1073
1074
1075
1078
1079
1080
1082
1083
1084
1085
1087
1088
1089
1090
1091
1092
1095
1096
1097
1099
1102
1103
1104
1105
1106
1107
1108
1109
1110
1111
1113
1114
1116
1117
1118
1119
1120
1122
1123
1124
1125
1126
1127
1130
1131
1132
1137
1138
1139
1140
1141
1144
1145
1146
1147
1148
1149
1150
1153
1154
1155
1156
1157
1161
1164
1165
1166
1167
1168
1169
1172
1173
1176
1177
1178