1
2
3
4
5
6
7
8
9
10
11
12
13
14
15
16
17
19
21
22
24
25
26
27
28
29
30
32
33
34
35
37
38
40
42
44
45
47
48
52
53
54
55
56
60
63
64
65
66
67
71
74
75
76
79
80
81
82
84
85
86
87
89
90
92
93
94
95
96
97
101
105
106
107
108
109
112
113
114
115
116
117
120
121
122
123
124
127
128
129
130
131
132
133
134
137
138
139
140
141
143
144
145
148
151
152
153
154
155
156
159
160
161
162
163
166
167
168
169
170
171
174
175
176
179
180
181
184
185
186
187
188
189
190
191
192
193
194
195
198
201
202
203
204
205
210
211
212