1
2
3
4
5
6
7
8
9
10
11
12
13
14
15
16
17
19
21
22
23
25
26
27
28
30
31
32
33
34
36
37
38
39
40
42
43
44
45
46
47
49
50
51
53
54
56
60
61
62
63
64
65
66
67
70
71
72
75
76
79
80
83
84
85
90
91
93
94
95
96
97
98
102
105
106
107
108
110
111
112
113
114
115
116
117
118
119
120
121
122
123
124
125
126
127
131
132
133
134
135
136
137
138
139
140
141
142
145
146
147
149
152
153
154
155
157
160
161
162
163
167
168
169
170
171
173
174
175
176
177
178
179
180
181
183
184
185
186
187
188
189
190
192
193
194
195
196
197
198
199
201
202
203
204
205
206
207
208
210
211
212
216
217
218
220
221
222
223
226
227
228
231
232
234
235
236
237
238
239
240
242
243
244
246
247
248
253
254
255
256
258
260
261
262
264