1
2
3
4
5
6
7
8
9
10
11
12
13
14
15
16
17
19
21
22
23
24
26
27
28
29
31
32
33
34
36
37
38
39
40
41
42
43
44
45
46
47
48
49
51
52
53
54
55
56
57
58
59
60
61
62
63
64
65
66
67
68
69
70
71
72
74
75
76
77
78
79
80
81
82
83
84
85
86
87
88
89
90
91
92
93
94
95
97
98
99
100
101
102
103
105
107
109
110
112
114
115
116
117
118
120
122
124
126
129
131
132
134
135
136
137
138
139
140
142
143
144
145
146
147
149
150
152
153
154
155
156
157
159
160
161
162
164
165
167
169
172
173
175
176
177
178
179
181
183
185
187
188
189
190
191
193
194
196
197
198
199
200
201
202
203
204
207
210
213
214
216
217
219
220
221
222
223
228
236
241
244
246
248
249
250
251
252
253
257
258
259
261
263
265
267
270
273
276
279
283
286
292
295
296
298
300
303
307
311
315
319
324
326
328
330
332
333
336
337
338
340
341
342
343
344
345
347
348
349
351
352
353
358
359
360
361
362
363
364
365
368
369
370
371
374
375
376
377
378
379
380
383
384
385
386
387
388
391
392
393
396
397
400
403
404
405
406
407
408
409
410
411
414
417
418
419
420
421
422
423
424
425
426
427
428
429
430
431
434
435
436
439
440
441
442
445
446
447
450
453
454
455
458
461
462
463
464
465
467
470
471
472
473
474
475
476
477
478
479
482
483
484
485
486
487
488
489
490
491
492
493
494
495
496
497
501
502
503
504
505
508
509
512
513
516
517
520
521
524
525
528
529
532
533
536
537
540
541