1
2
3
4
5
6
7
8
9
10
11
12
13
14
15
16
17
19
21
22
23
25
26
27
28
29
30
31
32
33
34
35
36
37
38
39
40
42
43
44
45
46
48
50
51
52
54
55
56
57
58
59
60
61
63
64
65
66
67
68
69
70
71
72
73
74
75
76
77
78
79
80
81
82
83
84
85
86
87
88
89
90
91
92
93
94
95
96
97
98
99
100
101
102
103
104
105
106
107
108
109
110
111
112
113
114
115
116
117
118
119
120
121
122
123
124
125
126
127
128
129
130
131
132
133
134
135
136
137
138
139
140
141
142
143
144
145
146
147
148
149
150
151
152
153
154
155
156
157
158
159
160
161
162
163
164
165
166
168
169
170
171
172
174
175
176
177
179
180
181
182
183
184
185
187
188
189
190
191
193
194
195
196
197
200
201
204
206
207
208
211
214
215
216
217
218
219
220
221
222
223
224
225
226
227
228
229
231
232
235
236
238
239
240
241
242
245
249
250
251
252
253
255
257
258
259
262
263
264
267
268
269
271
274
275
276
278
279
280
281
282
283
284
285
286
287
290
293
294
299
300
301
302
303
305
307
308
309
312
313
314
316
319
320
321
322
325
326
327
329
332
333
334
335
336
337
338
339
342
346
347
348
350
351
352
353
356
357
358
359
360
361
362
363
364
365
366
367
368
369
370
371
372
373
374
377
378
380
383
384
389
390
391
392
393
394
395
396
397
398
399
400
401
402
403
404
405
409
410
413
414
415
416
417
418
419
420
421
422
423
424
425
426
427
428
430
431
432
433
435
436
437
438
439
440
441
444
445
446
447
448
449
452