1
2
3
4
5
6
7
8
9
10
11
12
13
14
15
16
17
18
20
21
22
23
24
25
26
27
28
30
31
32
33
34
36
37
38
39
40
41
43
44
45
46
47
48
50
51
52
53
55
56
58
61
62
65
66
69
70
73
74
77
78
81
82
85
86
89
90
93
94
97
98
101
102
105
106
110
113
114
115
116
118
119
120
121
122
123
125
126
127
128
129
130
131
132
133
135
139
142
143
144
145
146
147
148
150
151
152
153
155
159
160
161
162
163
165
166
168
169
170
171
172
175
176
177
178
179
180
181
182
183
184
185
187
188
189
190
191
192
193
194
196
200
201
203
204
206
207
208
209
210
211
212
213
214
215
216
217
218
219
220
222
225
226
227
228
229
230
232
233
234