1
2
3
4
5
6
7
8
9
10
11
12
13
14
15
16
17
18
20
21
22
23
24
25
26
27
29
30
31
32
33
34
35
36
37
38
39
40
41
42
43
44
45
46
47
48
49
50
51
53
54
55
56
57
59
61
62
64
65
67
68
69
70
72
73
74
75
76
77
79
82
83
86
87
88
90
92
94
95
97
98
99
100
101
104
106
107
108
109
110
111
113
114
115
116
117
118
119
120
121
122
123
124
125
126
127
129
131
132
133
135
139
140
141
142
145
146
147
148
150
151
152
154
155
156
158
159
160
162
163
165
166
167
168
170
172
173
177
178
179
180
181
182
184
185
187
190
191
192
193
196
199
200
201
202
205
206
208
209
210
211
212
214
215
216
217
218
220
221
225
226
227
228
229
230
235
237
238
239
240
241
242
243
246
247
248
249
250
251
252
253
257
258
260
261
262
263
264
265
266
267
268
269
271
274
275
278
279
280
281
282
283
284
286
287
288
289
290
291
292
293
296
297
298
299
301
302
303
306
307
308
309
310
311
314
315
316
317
318
319
325
326
327
328
329
331
333
336
337
338
339
340
341
342
343
344
345
346
347
351
354
355
356
357
358
359
360
362
363
364
365
368
369
371
372
373
374
376
379
380
381
382
383
384
385
386
387
388
390
392
393
394
397
398
399
400
402
404
405
409
410
411
412
413
414
415
418
419
421
422
423
424
427
428
429
430
431
432
433
434
435
437
438
439
442
445
446
447
448
449
450
454
455
456
458
459
460
461
463
464
465
466
468
469
470
473
476
477
478
479
480
481
482
483
484
485
486
487
489
493
494
496
498
499
500
502
503
505
506
508
509
511
514
515
516
518
519
520
521
522
523
524
526
527
528
529
530
532
533
534
535
536
537
542
543
544
545
546
548
550
551
552
553
554
555
557
558
559
560
563
566
568
569
570
571
573
576
578
579
580
581
582
583
584
588
589
590
593
594
595
596
597
598
599
600
603
604
607
608
609
612
613
614
615
617
618
619
621
622
624
625
626
628
629
630
632
633
634
635
638
639
640
641
642
643
644
645
646
647
648
649
651
653
654
655
656
659
662
663
664
665
666
667
668
669
671
672
674
677
678
679
680
681
687
688
691
692
693
695
696
697
698
700
701
704
705
706
707
708
712
713
714
715
716
717
721
722
723
724
725
726
730
731
732
733
734
735
736
738
739
740
741
743
744
745
746
748
749