1
2
3
4
5
6
7
8
9
10
11
12
13
14
15
16
17
19
21
22
23
24
25
26
27
28
29
31
32
33
34
35
36
37
38
39
40
41
42
43
44
45
46
47
48
49
50
51
52
53
54
55
56
57
58
59
60
61
63
64
65
66
67
69
70
73
74
75
76
77
78
79
80
81
82
83
84
85
86
87
88
89
90
91
92
93
94
95
96
97
98
99
100
101
102
103
104
105
106
107
108
109
111
112
113
114
117
119
120
121
123
124
125
126
127
128
129
130
131
132
133
134
135
138
139
142
143
144
145
146
148
149
150
151
152
154
155
156
157
158
160
161
162
163
164
166
167
170
171
172
173
174
175
176
177
179
180
181
182
183
184
185
186
187
189
190
191
194
195
196
197
198
200
201
202
203
204
205
208
209
210
212
213
214
215
216
217
218
219
220
222
223
224
226
227
230
231
233
234
235
237
238
239
240
241
243
244
245
246
247
248
249
250
251
254
255
256
257
258
259
261
263
264
265
266
267
272
273
276
277
279
280
281
283
284
285
286
287
288
289
290
292
293
294
295
297
298
299
301
302
303
304
305
306
309
311
312
313
314
315
316
317
318
319
321
323
324
326
327
328
329
330
331
332
333
334
335
338
339
340
341
342
343
344
345
346
347
348
350
351
352
353
357
360
362
363
366
367
370
371
372
373
375
378
381
382
383
384
385
387
388
389
392
393
394
397
398
399
400