1
2
3
4
5
6
7
8
9
10
11
12
13
14
15
16
17
19
21
22
23
24
25
26
27
28
29
30
31
32
33
35
36
37
38
39
40
41
42
43
44
45
46
47
48
49
50
52
53
54
55
56
57
59
61
62
63
64
65
66
69
70
72
73
74
75
76
77
78
79
80
81
83
84
85
87
88
89
90
92
93
94
95
98
99
100
102
103
104
105
106
107
108
109
111
113
116
117
118
119
120
121
122
123
124
125
126
127
128
129
130
131
134
137
138
139
140
141
142
143
144
145
146
147
148
149
150
151
152
156
157
158
159
160
161
162
164
165
166
167
168
169
170
171
174
175
176
177
178
181
182
183
184
185
186
188
189
191
192
193
194
195
196
197
199
200
201
202
203
204
205
207
208
209
210
211
213
215
217
221
222
223
225
226
228
229
231
232
233
234
236
237
238
239
241
243
244
245
246
250
251
252
253
254
256
259
260
263
264
265
266
268
271
272
273
274
275
276
277
279
280
282
283
284
285
286
287
289
292
293
294
295
296
297
298
300
301
302
303
304
306
307
308
309
310
311
313
315
316
317
318
319
320
322
323
325
326
327
328
330
331
332
334
335
336
337
339
340
343
344
345
346
347
348
351
352
353
354
358
359
362
363
364
365
366
367
368
369
370
371
372
373
374
375
376
377
378
379
381
382
387
388
390
391
392
393
395
396
397
398
399
401
402
403
404
405
406
408
411
412
413
415
416
417
419
420
421
422
423
426
428
429
430
431
432
433
434
435
436
437
439
440
441
442
443
445
446
447
448
449
450
451
455
456
457
458
460
461
462
465
466
467
469
470
471
474
475
476
478
479
480
483
485
486
490
491
493
496
497
498
500
501
504
505
506
507
508
509
511
514
518
519
520
521
522
523
524
525
526
527
529
531
532
533
536
538
539
541
542
543
544
547
548
549
550
551
552
553
554
557
558
560
561
562
565
568
573
575
576
577
579
580
581
582
583
586
587
588
589
591
592
594
595
597
599
601
602
603
604
605
606
607
608
609
611
612
613
615
617
618
620
621
627
628
629
630
631
632
633
636
637
638
639
640
642
643
645
648
650
651
652
653
655
656
657
658
659
660
661
662
663
664
665
666
667
668
669
671
672
673
674
675
676
678
679
680
681
685
686
687
688
689
690
691
693
694
697
700
701
702
705
706
709
710
711