1
2
3
4
5
6
7
8
9
10
11
12
13
14
15
16
17
18
20
21
22
23
24
25
26
28
29
30
31
32
33
34
35
36
37
38
39
40
41
42
43
44
45
46
47
48
49
50
51
52
55
56
57
58
60
61
62
63
64
65
66
67
68
69
70
71
72
74
75
76
78
80
81
82
83
84
85
86
88
90
91
92
93
94
95
96
97
98
99
100
101
102
103
104
105
106
108
110
111
112
113
115
116
118
119
120
121
123
124
125
126
127
129
130
131
132
133
134
135
136
137
138
141
142
143
144
145
148
149
150
151
152
155
156
159
160
165
166
169
170
173
176
177
181
182
183
184
185
186
188
189
191
193
195
196
197
198
200
201
203
204
205
206
207
208
209
211
212
213
214
215
216
217
219
220
221
222
223
225
226
227
228
229
230
231
233
234
235
236
237
239
241
244
245
246
248
250
251
252
253
255
256
257
260
261
262
263
266
267
269
275
276
277
278
279
280
281
282
283
284
286
288
292
293
294
295
296
298
299
300
301
304
305
306
307
308
309
310
311
312
313
314
316
317
319
320
321
323
324
325
328
329
331
332
334
335
336
337
339
340
341
344
345
346
348
349
350
351
352
355
358
359
360
364
365
370
371
372
373
375
377
378
379
380
381
382
384
385
387
388
391
392
393
394
395
396
397
398
399
400
401
402
403
405
406
408
410
411
412
413
414
415
416
417
418
419
420
421
422
424
428
429
430
431
435
436
437
438
439
440
441
442
445
446
449
450
451