1
2
3
4
5
6
7
8
9
10
11
12
13
14
15
16
17
19
21
22
23
24
25
27
28
29
30
31
32
33
34
35
36
37
40
41
42
43
44
46
47
49
50
52
55
56
57
58
61
62
63
64
65
68
69
70
71
73
74
75
76
77
80
83
84
85
90
91
93
95
96
98
99
100
101
102
104
106
108
109
112
114
116
117
118
119
121
123
125
128
129
130
131
132
133
134
135
136
137
138
139
141
144
145
147
148
149
151
152
153
154
157
160
161
163
164
165
167
168
169
171
172
173
176
179
180
181
184
185
187
188
189
190
191
192
193
194
195
198
199
200
201
204
205
206
209
210
211
212
213
217
218
219
223
224
225
226
227
228
229
230
231
232
234
236
237
238
242
243
244
245
246
247
248
249
250
251
253
254
255
259
260
261
262
263
264
268
269
270
273
274
275
276
278
281
282
283
284
285
287
289
292
293
294
295
298
299
300
301
302
305
306
309
310
311
312