1
2
3
4
5
6
7
8
9
10
11
12
13
14
15
16
17
19
21
22
23
24
25
26
27
28
29
31
32
33
34
35
36
37
38
39
40
41
42
43
44
45
46
47
48
49
50
51
52
53
54
55
56
57
58
59
60
61
62
63
64
65
66
67
68
69
70
71
72
73
74
75
76
77
78
79
81
82
83
84
85
86
87
89
91
93
94
95
96
97
100
101
102
103
104
105
108
109
110
111
112
113
114
115
116
117
118
119
120
122
123
124
125
127
128
129
130
132
133
134
135
136
137
138
139
141
142
145
146
147
148
149
151
152
153
154
155
156
158
159
160
161
162
163
164
165
166
167
169
170
171
172
176
177
178
181
182
183
184
186
187
188
189
190
191
193
194
195
197
198
199
200
202
203
205
206
207
210
211
212
213
214
215
216
218
221
222
223
224
225
226
227
228
229
230
231
232
233
234
235
237
239
240
241
246
247
248
249
250
251
252
253
254
255
256
257
258
259
260
261
262
263
264
265
266
268
269
272
273
274
275
276
278
279
280
281
283
284
285
286
287
288
289
290
292
293
294
295
296
297
298
299
300
301
304
305
306
307
308
309
310
311
313
314
315
317
320
321
322
323
324
325
326
328
329
330
333
334
335
336
338
339
340
341
342
343
344
345
346
347
348
350
351
352
353
354
355
356
357
358
363
366
367
368
369
371
372
373
374
375
377
378
379
380
381
382
383
384
386
387
389
394
396
397
398
399
402
403
404
405
408
409
411
412
414
415
416
417
418
419
420
421
423
424
425
426
430
431
432
435
436
437
438
440
441
443
444
445
446
448
449
450
452
453
454
455
456
457
459
460
462
463
465
466
468
469
470
471
472
475
476
477
478
480
483
484
485
486
487
488
491
492
493
494
495
496
497
500
501
502
503
504
505
506
507
508
509
510
511
512
513
514
515
516
517
518
519
520
521
522
524
525
526
528
529
530
531
532
533
535
536
537
538
539
540
541
542
543
544
545
548
549
550
551
552
553
554
555
557
558
559
560
561
562
563
565
566
567
573
576
577
579
580
582
585
586
587
589
590
591
593
594
595
596
598
600
601
602
603
604
605
606
607
608
609
610
613
615
616
618
620
621
622
623
627
628
629
630
631
632
633
634
635
636
637
638
639
640
641
642
643
644
645
647
648
649
650
651
653
656
659
660
661
662
663
664
668
671
672
673
674
675
676
677
678
679
680
682
683
684
685
686
687
688
691
692
693
694
695
696
697
698
699
700
701
702
703
707
708
711
712
714
715
716
717
718
719
720
721
722
723
724
725
726
727
728
729
731
732
733
734
736
737
738
739
741
742
745
746
747
748
749
751
752
753
754
755
756
758
759
760
761
762
763
764
765
766
767
769
770
771
772
774
775
777
780
781
782
783
784
786
787
788
789
790
791
792
795
798
799
800
801
804
808
809
810
811
812
813
815
819
820
821
822
824
825
826
827
829
830
832
835
836
837
838
839
840
842
843
844
845
847
848
851
852
855
858
859
860
861
862
864
865
866
867
868
869
871
872
873
874
876
877
878
880
881
885
886
887
888
889
891
892
893
894
895
896
897
898
899
900
904
905
906
907
908
910
911
912
913
914
915
916
920
921
924
925
928
929
932
933
936
937
938
939
940
942
943
944
945
947
948
949
950
951
952
953
954
955
956
959
960
961
962
963
966
967
968
969
970
971
972
975
976
977
978
979
982
983
984
985
986
987
990
991
992
993
994
997
998
999
1000
1001
1002
1003
1006
1007
1010
1011