1
2
3
4
5
6
7
8
9
10
11
12
13
14
15
16
17
19
21
22
23
24
25
27
28
29
30
31
32
33
34
35
36
37
38
39
40
41
42
43
44
45
46
47
48
49
50
52
53
54
55
56
57
58
59
60
61
62
64
65
67
69
71
72
73
74
76
77
78
80
82
84
85
88
91
92
93
94
95
96
97
98
99
100
101
102
103
104
105
108
111
112
113
114
115
116
117
118
119
120
121
122
124
125
126
128
129
132
133
136
137
140
141
144
145
148
149
152
153
156
157
160
161
164
165
169
171
172
173
174
175
176
177
178
179
180
182
183
185
186
187
188
189
190
192
193
195
196
197
198
199
201
202
203
204
208
209
210
211
212
213
214
215
216
217
218
219
220
221
222
225
226
227
229
230
231
232
234
236
237
238
240
241
242
243
244
246
247
248
249
251
252
253
257
260
261
263
264
266
267
268
269
270
271
272
273
274
275
276
278
279
280
281
282
283
284
285
286
287
288
291
292
293
296
297
298
299
300
303
304
305
306
307
308
309
312
313
315
316
317
318
319
320
321
322
323
324
325
326
327
329
330
332
335
336
337
338
339
340
341
342
344
345
347
348
349
350
351
353
354
355
357
358
359
360
362
365
368
369
370
371
372
373
374
375
378
379
380
381
382
383
384
388
389
390
391
392
393
394
395
396
397
398
399
400
401
402
403
404
405
406
407
408
409
410
411
412
413
414
415
416
418
419
420
423
424
425
426
427
428
429
430
431
432
433
434
435
436
437
438
439
440
441
443
444
447
448
449
450
451
452
453
454
455
456
457
458
459
460
461
462
463
465
466
467
468
469
472
473
474
475
476
477
478
479
480
481
482
483
485
486
487
490
491
492
493
494
495
496
497
498
499
500
501
502
503
504
506
507
508
511
512
515
516
517
519
520
521
523
524
525
526
528