1
2
3
4
5
6
7
8
9
10
11
12
13
14
15
16
17
19
20
21
22
23
24
25
26
27
28
29
30
31
32
33
34
35
36
37
38
39
40
42
43
45
46
47
48
49
50
51
52
53
54
56
57
58
59
60
61
62
63
65
66
67
68
71
72
73
74
75
76
77
78
79
80
81
82
83
86
87
88
89
92
93
94
97
98
99
100
101
104
105
106
107
110
111
112
113
114
115
116
119
120
121
122
123
124
125
127
128
129
130
131
134
135
136
137
138
139
140
141
144
145
146
147
148
152
153
154
155
156
160
161
164
165
166
167
168
169
172
173
176
179
180
181
182
183
184
185
188
189
190
191
192
195
196
199
202
203
204
205
206
207
208
211
214
215
216
217
218
219
222
223
224
225
226
227
228
229
230
231
232
233
235
236
238
239
241
242
244
245
247
248
249
251
252
253
255
258
259
260
262
263
265
266
268
271
272
273
274
275
276
277
278
279
280
284
285
286
287
288
289
290
291
292
293
294
295
296
300
301
302
303
304
305
306
307
308
309
313
314
315
316
317
318
319
320
321
322
323
324
325
329
330
331
332
333
334
335
336
339
340
341
342
343
344
345
346
347
348
349
350
351
352
356
357
358
359
360
361
362
363
365
366
368
371
372
373
374
375
376
377
378
379
380
381
382
384
385
387
390
391
392
394
395
396
398
399
400
402
405
406
407
409
412
413
414
416
419
420
421
422
424
427
428
429
430
431
432
433
434
435
436
437
438
439
440
441
442
446
449
450
451
452
453
454
455
456
457
458
459
460
461
464
465
466
467
468
469
470
471
472
473
474
475
476
477
478
481
482
483
484
485
486
487
488
489
490
491
492
493
494
495
497
498
501
502
503
506
507
510
511
513
515
516
517
519
520
521
522
523
524
525
526
527
528
529
530
533
534
535
536
537
538
540
541
542
545
546
547
550
551
555
556
560
561
562
563
564
565
566
567
568
569
570
571
572
573
574
575
578
581
582
583
584
585
586
587
588
589
590
591
592
593
594
595
597
601
602
603
604
605
606
607
608
609
610
611
612
613
614
617
618
619
620
621
622
623
624
625
626
627
628
629
630
631
632
636
639
640
641
642
643
644
647
648
649
650
651
654
655
656
657
658
659
660
661
665
666
667
668
669
670
671
672
673
676
677
678
679
680
681
682
683
684
685
688
689
690
691
692
693
694
695
696
697
698
699
701
702
703
704
705
707
708
709
711
712
713
716
717
718
722
726
727
728
729
730
731
732
733
734
735
736
737
738
739
740
741
742
743
744
745
746
747
748
749
750
751
752
753
754
755
756
757
758
759
760
761
762
763
764
765
766
769
772
773
774
775
776
777
778
779
780
781
782
783
786
787
788
789
790
791
795
798
799
800
801
802
803
804
805
806
808
809
810
812
813
816
819
820
821
822
823
824
825
826
827
829
830
831
833
834
837
840
841
842
843
844
845
846
847
848
849
850
851
852
853
854
855
859
860
861
862
863
864
865
866
867
868
869
870
871
873
874
875
876
880
881
884
887
888
889
890
891
892
893
894
895
896
899
900
901
902
903
904
905
906
907
908
909
910
911
912
913
914
915
918
919
920
923
924
925
926
927
928
929
930
931
932
933
934
936
937
938
939
940
945
948
949
950
951
952
953
954
955
956
957
958
959
960
961
962
964
965
967
968
972
973
974
975
976
977
978
979
980
981
984
985
986
987
988
989
990
991
992
993
994
995
996
997
998
999
1000
1001
1002
1003
1004
1007
1010
1011
1012
1013
1014
1017
1018
1019
1020
1021
1022
1023
1024
1026
1029
1030
1031
1032
1033
1034
1035
1038
1041
1042
1043
1044
1045
1046
1047
1048
1049
1052
1053
1054
1055
1056
1057
1058
1059
1060
1061
1062
1063
1067
1068
1069
1070
1071
1072
1073
1074
1075
1076
1077
1080
1081
1082
1083
1084
1088
1089
1090
1091
1092
1093
1094
1095
1096
1097
1098
1102
1103
1104
1105
1106
1107
1108
1109
1110
1111
1112
1113
1117
1118
1119
1120
1121
1122
1123
1124
1127
1130
1131
1132
1133
1134
1135
1137
1138
1139
1141
1142
1143
1144
1147
1149
1152
1153
1154
1155
1156
1159
1160
1161
1162
1163
1164
1165
1166
1167
1168
1169
1170
1172
1173
1174
1175
1176
1177
1178
1179
1181
1184
1185
1186
1187
1188
1189
1190
1191
1192
1193
1194
1195
1196
1200
1201
1202
1203
1204
1205
1206
1207
1208
1209
1210
1211
1212
1216
1217
1218
1219
1220
1221
1222
1223
1224
1225
1226
1227
1228
1229
1232
1235
1236
1237
1238
1239
1240
1241
1242
1243
1246
1247
1248
1249
1250
1251
1252
1253
1254
1255
1256
1257
1258
1259
1260
1261
1264
1265
1266
1267
1268
1269
1273
1274
1277
1278
1279
1280
1281
1282
1283
1284
1285
1286
1287
1288
1291
1293
1294
1295
1296
1297
1298
1299
1300
1301
1302
1304
1305
1306
1307
1310
1311
1312
1313
1314
1318
1319
1322
1325
1326
1329
1330
1331
1332
1333
1334
1335
1336
1337
1338
1341
1342
1343
1344
1345
1346
1347
1352
1355
1356
1357
1359
1360
1361
1362
1363
1364
1367
1368
1369
1372
1373
1376
1377
1380
1381