1
2
3
4
5
6
7
8
9
10
11
12
13
14
15
16
17
19
20
21
22
24
25
26
27
28
29
30
31
32
33
34
35
36
37
39
40
41
42
43
44
45
47
49
52
53
56
57
58
59
60
61
62
63
64
66
69
70
71
72
73
74
76
77
78
80
81
82
84
86
88
89
91
92
93
96
97
98
99
102
103
104
105
109
110
113
114
115
116
119
120
121
122
123
124
125
126
127
128
129
130
133
134
135
136
137
138
139
140
141
142
143
144
147
148
151
155
156
157
158
159
160
161
162
163
164
165
166
170
171
172
176
177
178
183
184
187
188
191
192
195
196
199
200
201
202
203
204
205
206
207
208
209
210
211
213
214
215
216
217
218
219
220
221
222
225
226
227
228
229
230
233
234
235
236
237
238
239
240
241
242
243
244
247
248
249
250
251
252
253
254
255
256
257
258
259
260
261
263
264
267
270
271
272
273
274
275
276
277
278
279
280
281
282
283
286
287
288
289
290
291
292
293
294
295
296
297
298
299
300
301
302
303
304
308
309
310
311
312
313
314
315
316
317
318
319
320
321
322
323
324
325
328
329
330
331
332
333
334
335
336
337
338
339
340
341
342
343
344
345
346
347
349
350
351
352
356
357
358
359
360
361
362
363
364
365
366
367
368
369
372