1
2
3
4
5
6
7
8
9
10
11
12
13
14
15
16
17
19
20
21
22
23
24
25
26
27
28
29
30
32
33
34
35
36
37
38
39
40
41
42
43
44
45
46
47
48
49
50
51
52
53
54
55
56
57
58
59
60
61
62
63
64
65
66
67
68
69
70
71
72
73
74
75
76
77
78
79
80
81
82
83
84
86
87
88
89
90
91
92
93
94
96
97
98
99
100
101
102
103
104
106
109
110
113
114
117
118
121
122
124
126
127
128
129
130
131
132
133
134
135
136
137
138
139
140
141
142
144
145
146
147
148
149
150
151
152
153
154
155
156
162
163
164
165
166
167
168
171
172
174
175
176
177
178
179
182
183
185
186
189
190
191
192
193
194
195
196
197
198
199
200
201
203
204
205
206
209
212
213
214
215
216
217
218
219
220
221
222
223
226
227
228
229
230
231
232
233
237
238
241
242
243
244
246
247
248
249
250
252
253
257
258
259
260
261
262
263
264
266
267
268
269
270
274
275
276
277
279
280
281
282
283
287
288
289
290
291
292
293
294
295
296
297
298
299
300
303
304
305
308
309
310
311
312
314
315
316
320
321
322
323
326
327
328
329
330
334
335
336
337
338
339
340
343
344
346
347
348
351
352
353
354
357
358
359
360
363
364
365
366
370
371
372
373
376
377
378
379
380
381
386
387
388
389
390
393
395
396
397
398
399
400
401
402
403
404
406
407
408
409
410
411
412
413
414
415
416
417
418
419
420
421
422
423
424
425
426
429
430
431
432
433
434
435
439
440
441
442
443
444
445
446
449
450
451
452
453
454
455
456
457
458
463
466
467
469
470
471
472
473
474
475
478
479
480
483
485
486
487
488
491
492
493
494
495
496
497
498
502
503
504
505
506
507
512
513
514
515
518
519
521
522
523
524
527
528
529
530
535
536
537
538
541
543
544
545
546
549
550
551
552
556
557
559
560
561
564
566
567
568
569
572
573
574
575
579
580
581
584
585
586
587
589
590
591
592
594
595
596
599
600
601
604
605
606
608
609
610
611
614
615
616
619
620
621
622
623
624
625
627
628
629
630
633
634
635
636
637
638
639
641
642
643
645
646
647
649
650
651
653
654
655
658
659
660
663
664
667
668
669
672
673
674
677
678
679
680
681
682
683
684
685
686
687
691
692
693
694
695
696
697
698
699
700
702
705
706
707
708
709
710
711
712
713
714
715
716
717
718
719
720
723
725
726
727
730
731
732
733
736
737
738
741
742
743
744
745
748
751
752
753
755
756
757
758
759
760
761
762
766
767
768
769
770
771
774
775
776
777
778
779
781
782
783
784
785
786
788
789
790
793
794
797
798
799
800
803
804
807
808
811
812
815
816
819
820
823
824