1
2
3
4
5
6
7
8
9
10
11
12
13
14
15
16
17
19
20
21
22
23
25
26
27
28
29
30
32
33
34
35
36
37
38
39
40
41
42
43
44
45
46
47
49
52
53
54
57
58
59
62
63
64
67
68
69
72
73
75
76
77
78
79
80
81
82
83
86
87
88
89
90
91
92
93
94
97
98
99
100
101
102
103
104
105
106
107
110
111
112
113
114
115
116
117
118
119
120
121
124
125
126
127
128
129
130
131
132
133
134
135
136
137
140
141
144
145
148
149
152
153
156
157
160
161
164
165
166
169
170
173
174
177
178
179
182
183
186
187
190
191
192
196
197
198
199
201
202
203
205
206
208
210
213
214
215
216
217
218
219
220
221
223