1
2
3
4
5
6
7
8
9
10
11
12
13
14
15
16
17
19
20
21
22
23
24
25
26
27
28
29
30
32
33
34
35
36
37
38
39
40
41
42
43
44
45
46
47
48
50
51
52
53
54
55
56
57
58
59
60
61
62
63
64
65
66
67
68
69
70
71
72
73
74
75
76
77
78
79
80
81
82
83
84
85
86
87
88
89
90
91
92
94
97
98
101
102
103
106
107
108
111
112
113
116
117
118
121
122
125
126
127
130
131
132
135
136
137
138
139
140
141
142
143
144
145
146
147
148
149
150
151
152
153
154
155
156
160
161
162
163
164
165
166
167
170
171
172
173
175
176
177
180
181
183
184
185
186
187
188
189
191
192
193
194
197
198
199
200
201
204
205
207
209
210
211
214
215
216
219
222
223
224
227
228
229
232
233
234
237
238
239
240
241
242
247
248
250
251
252
253
256
257
258
259
260
261
262
263
264
267
268
269
270
271
272
273
274
275
278
279
280
281
282
283
284
285
286
289
290
291
292
293
294
295
296
297
298
299
302
303
304
305
306
307
308
309
310
311
312
315
316
317
318
319
320
321
322
323
324
325
328
329
330
331
332
333
334
335
336
337
338
339
342
343
344
345
346
347
348
349
350
351
352
355
356
357
358
359
360
361
362
363
364
365
368
369
370
371
372
373
374
375
376
377
378
381
382
383
384
385
386
387
388
389
392
393
394
395
396
397
398
399
400
403
404
405
406
407
408
409
410
411
414
415
416
417
418
419
420
421
422
425
426
427
428
429
430
431
432
433
436
437
438
439
440
441
442
443
444
447
448
449
450
451
452
453
454
455
458
459
460
461
462
463
464
465
466
469
470
471
472
473
474
475
476
477
480
481
482
483
484
485
486
487
488
491
492
493
494
495
496
499
500
501
502
503
504
507
508
509
510
511
512
515
516
517
518
519
520
523
524
525
526
527
528
531
532
533
534
535
536
539
540
541
542
543
544
547
548
549
550
551
552
555
556
557
558
559
560
563
564
565
566
567
568
571
572
573
574
575
576
579
580
581
582
583
584
587
588
589
590
591
592
593
594
595
596
597
598
599
600
603
604
605
606
607
608
609
610
611
612
613
614
615
616
619
620
621
622
623
624
625
626
629
630
631
632
633
634
635
636
639
640
641
642
643
644
645
646
647
650
651
652
653
654
655
656
657
658
661
662
663
664
665
666
667
668
669
672
673
674
675
676
677
678
679
680
683
684
685
686
687
688
689
690
693
694
695
696
697
698
699
700
701
702
703
704
705
706
707
708
709
710
713
714
715
716
717
718
719
720
723
724
726
727
730
731
734
735
738
739
742
743
746
747
750
751
754
755
758
759
762
763
766
767
770
771
774
775
778
779
782
783
786
787
790
791
794
795
798
799
802
803
806
807
810
811
814
815
818
819
822
823
826
827
830
831
834
835
838
839
842
843
846
847
850
851
854
855
858
859
862
863
864
866
869
870
872
873
874
876
879
880
881
882
883
884
886
889
890
891
895
896
897
901
902
903
907
908
909
910
911
912