1
2
3
4
5
6
7
8
9
10
11
12
13
14
15
16
17
19
20
21
22
23
24
25
26
27
28
29
30
31
33
34
35
36
37
38
39
40
41
42
43
44
45
46
47
48
49
50
51
52
53
55
57
58
59
60
61
62
63
64
65
66
67
68
69
70
71
72
73
74
75
76
78
79
80
81
82
83
84
85
86
87
88
92
93
96
97
98
99
101
103
104
105
106
107
108
111
113
114
115
116
117
118
119
122
123
126
127
130
131
132
133
134
135
136
139
142
143
144
145
147
150
151
152
153
155
156
158
159
160
161
164
165
166
167
168
169
170
171
173
174
175
176
177
178
179
181
182
183
185
186
188
189
190
195
196
197
199
200
202
203
204
207
208
211
212
213
214
215
216
217
218
219
221
223
224
225
226
227
228
230
231
232
235
236
237
238
239
243
244
245
249
250
251
252
253
254
255
256
257
258
260
262
263
264
265
266
267
269
272
274
275
276
277
278
279
280
281
282
285
286
287
288
291
292
295
296
298
302
303
304
305
306
307
308
309
310
311
312
313
314
318
321
322
323
325
326
328
329
331
332
333
336
337
338
339
340
342
343
344
345
346
347
348
349
350
351
352
353
354
355
356
357
358
360
361
362
363
364
367
370
371
374
375
376
377
378
380
381
384
385
386
387
388
390
391
393
394
396
397
402
403
404
405
406
407
408
409
410
411
412
413
414
415
416
418
419
420
421
422
424
425
426
427
428
429
430
431
432
433
436
437
438
441
442
443
444
445
446
447
448
449
452
453
454
456
457
458
459
460
461
462
466
467
470
471
472
473
474
475
476
477
478
479
482
483
484
485
486
487
488
489
492
493
494
495
496
497
498
499
500
505
506
509
510
513
514
515
516
518
519
520
521
522
523
524
525
526
528
529
530
531
532
533
534
537
538
539
540
541
543
544
545
548
549
551
552
553
554
555
557
558
559
560
561
562
564
565
568
569
572
573
574
575
576
577
578
579
580
581
582
583
584
588
589
590
593
594
595
598
601
602
603
604
605
606
607
608
609
610
612
613
614
615
619
622
623
624
625
626
627
628
629
630
631
632
636
637
639
642
643
644
645
646
647
648
649
651
652
653
654
655
658
659
662
663
664
665
666
667
668
669
670
671
672
673
674
675
676
677
678
679
680
681
682
683
684
685
686
687
688
689
690
691
696
699
700
701
702
703
707
710
711
712
713
714
715
716
717
718
719
724
725
726
727
728
729
730
735
736
737
740
741
744
745
746
747
750
751
752
755
756
757
758
759
760
761
762
764
765
766
768
769
771
772
773
776
777
778
779
782
783
784
785
786
789
790
791
795
796
797
798
802
803
806
807
808
809
810
813
816
817
818
819
820
821
822
823
824
825
826
829
830
831
832
833
834
835
836
837
838
839
840
841
843
844
845
848
851
852
853
854
855
856
857
858
861
862
863
866
867
868
869
872
875
876
877
878
879
880
881
882
883
884
885
886
887
890
891
892
895
896
897
898
899
900
901
906