1
2
3
4
5
6
7
8
9
10
11
12
13
14
15
16
17
19
20
21
22
23
24
25
27
28
29
30
31
32
33
35
36
37
38
39
40
41
42
43
45
46
47
48
49
50
51
52
53
54
56
59
60
63
64
65
68
69
72
73
74
77
78
79
82
83
84
86
87
88
89
90
94
95
96
98
100
101
104
105
106
107
108
110
113
114
115
116
119
122
123
124
125
126
127
128
129
130
131
132
135
136
137
138
139
140
141
142
143
146
147
148
149
150
151
152
153
154
155
156
159
160
161
162
163
164
165
166
169
170
171
174
175
176
179
180
182
183
186
187
190
191
194
195
198
199
202
203
206
207
210
211
214
215
218
219