1
2
3
4
5
6
7
8
9
10
11
12
13
14
15
16
17
19
20
21
22
23
25
26
27
28
29
31
32
33
34
36
39
40
41
42
43
44
45
46
47
48
49
52
53
54
55
56
57
58
59
60
61
62
63
64
66
69
70
71
72
73
74
75
76
77
78
81
82
85
86
89
92
93
94
95
96
97
98
99
100
101
104
105
106
107
108
109
110
111
115
116
117
118
119
120
121
122
123
126
127
128
129
132
133
134
135
136
141
142
143
144
147
148
149
152
153
154
155
156
159
160
161
162
163
164
167
168
169
170
174
175
176
180
181
182
183
184
185
186
187
188
189
190
191
192
194
195
197
198
199
200
202
203
206
209
210
211
212
213
214
215
216
217
218
219
220
221
222
223
224
225
226
227
228
229
230
231
232
234
235
236
237
238
239
240
241
242
244
245
247
250
253
254
255
256
257
258
259
260
261
262
263
264
265
266
267
268
269
270
271
272
273
274
275
276
277
279
280
281
282
283
285
286
287
288
289
290
291
292
295
296
298
301