1
2
3
4
5
6
7
8
9
10
11
12
13
14
15
16
17
19
20
21
23
24
25
26
27
28
29
30
31
32
33
35
36
37
38
39
40
41
42
44
45
46
47
48
50
51
54
55
58
59
62
63
66
67
68
69
72
73
76
77
78
80
81
82
83
84
85
86
87
88
91
92
93
94
95
96
97
98
99
101
102
105
107
108
109
110
111
112
113
115
116
117
118
119
120
121
122
123
124
125
127
128
129
130
131
132
136
137
138
141
142
143
144
145
146
147
149
150
151
152
153
154
157
158
161
162
163
165
166
167
168
169
170
171
172
173
176
177
178
179
180
181
182
183
184
185
188
189
190
191
192
193
194
195
196
197
198
199
203
204
207
208
211
212
215
216
218
219
222
223
226
227
230
231
234
235
238
239
240
241
242
245
246
249
250
251
252
253
254
255
256
259
260
261
262
265
266