1
2
3
4
5
6
7
8
9
10
11
12
13
14
15
16
17
19
20
21
22
23
24
25
27
28
29
30
31
32
33
34
35
36
37
38
39
40
41
42
43
45
46
48
49
50
51
52
53
54
55
56
57
58
60
62
64
65
67
68
70
71
73
74
75
76
77
78
80
81
83
84
85
86
87
88
89
90
91
92
93
94
96
99
100
101
102
103
104
105
106
107
108
110
111
112
113
116
117
118
119
122
123
124
127
128
129
132
135
136
137
138
139
140
141
142
143
144
146
147
148
149
152
153
154
155
156
159
160
161
164
165
166
169
172
173
174
176
177
178
179
182
183
184
185
186
187
188
189
191
194
195
196
199
200
201
202
205
208
209
210
211
212
213
214
215
217
218
219
220
223
224
225
226
229
230
231
234
235
236
239
242
243
244
245
246
247
248
249
251
252
253
254
257
258
259
260
261
264
265
266
269
270
271
274
277
278
279
280
281
282
283
284
285
286
287
288
289
290
291
293
294
295
296
299
300
301
302
303
306
307
308
309
311
314
315
316
317
320
321
322
325
326
327
330
331
332
335
338
339
340
341
342
343
344
345
346
347
348
349
351
352
353
354
357
358
361
362
363
366
367
368
371
374
375
376
377
378
379
380
381
382
383
384
385
386
387
388
390
391
392
393
396
397
398
399
402
403
406
407
408
411
412
413
416
419
420
421
422
423
424
425
426
427
428
429
430
431
432
434
435
436
437
439
440
443
444
445
446
448
451
452
453
454
456
459
460
463
464
465
466
467
470
471
472
475
478
479
480
481
482
483
484
485
486
487
488
489
490
491
492
494
495
496
497
500
501
504
505
506
509
510
511
514
517
518
519
520
521
522
523
524
525
526
527
528
530
531
532
533
536
537
540
541
542
545
546
547
550
553
554
555
556
557
558
559
560
561
562
563
565
566
567
568
571
572
573
574
577
578
581
582
583
586
587
588
591
594
595
596
597
598
599
600
601
602
603
604
605
607
608
609
610
613
614
617
618
619
622
623
624
627
630
631
632
633
634
635
636
637
638
640
641
642
643
646
647
650
651
652
655
656
657
660
663
664
665
666
667
668
669
670
673
674
675
676
677
678
679
680
683
684
685
687
688
689
690
692
695
696
697
698
700
703
704
705
706
708
711
712
715
716
717
720
721
722
723
724
725
729
732
733
734
735
736
737
738
739
742
743
744
745
746
747
748
749
752
753
754
756
757
758
759
761
764
765
766
767
769
772
773
774
775
777
780
781
784
785
786
789
790
791
792
793
794
798
801
802
803
804
805
806
807
808
809
810
811
812
813
814
815
818
819
820
821
822
823
824
825
826
827
828
829
830
831
832
835
836
837
839
840
841
842
844
847
848
849
850
852
855
856
857
858
860
863
864
865
866
867
869
870
871
875
876
877
878
879
883
884
885
888
889
890
891
892
893
897
900
901
902
903
904
905
906
907
908
909
910
911
912
913
914
917
918
919
920
921
922
923
924
925
926
927
928
929
930
931
934
935
937
939
940
941
942
944
947
948
949
950
952
955
956
957
958
960
963
964
965
966
967
969
970
971
975
976
977
978
979
983
984
985
988
989
990
991
992
993
997
1000
1001
1002
1003
1004
1005
1006
1007
1008
1009
1010
1011
1012
1013
1016
1017
1018
1019
1020
1021
1022
1023
1024
1025
1026
1027
1028
1029
1032
1033
1034
1035
1036
1037
1038
1039
1040
1041
1042
1043
1044
1047
1048
1049
1050
1051
1052
1053
1054
1055
1056
1057
1058
1059
1062
1063
1064
1065
1067
1068
1069
1070
1072
1075
1076
1077
1078
1080
1083
1084
1085
1086
1088
1091
1092
1094
1095
1096
1099
1100
1101
1104
1105
1106
1107
1108
1112
1113
1114
1115
1118
1119
1120
1121
1122
1123
1127
1130
1131
1132
1133
1134
1135
1136
1137
1140
1141
1142
1143
1144
1145
1146
1147
1150
1151
1152
1153
1154
1155
1156
1157
1160
1161
1162
1163
1164
1165
1166
1167
1168
1169
1170
1173
1174
1175
1176
1177
1178
1179
1180
1181
1182
1184
1187
1188
1189
1190
1191
1192
1193
1194
1195
1196
1197
1198
1199
1201
1202
1203
1204
1206
1209
1210
1211
1212
1213
1214
1215
1216
1217
1218
1219
1220
1221
1222
1223
1224
1225
1227
1228
1229
1230
1231
1232
1237
1238
1239
1242
1245
1246
1247
1248
1249
1250
1252
1253
1256
1257
1258
1259
1260
1261
1263
1265
1266
1269
1270
1271
1272
1273
1274
1277
1278
1279
1280
1281
1283
1284
1285
1286
1287
1288
1291
1292
1295
1296
1297
1300
1301
1302
1305
1306
1307
1308
1310
1311
1312
1313
1314
1315
1316
1317
1318
1321
1322
1325
1326
1329
1330
1331
1335
1336
1337
1341
1342
1343
1347
1348
1349
1353
1354
1355
1357
1358
1359
1360
1361
1362
1363
1364
1365
1367
1368
1369
1371
1372
1373
1374
1375
1376
1377
1382
1383
1384
1385
1386
1387
1392
1393
1394
1395
1396
1397
1400
1401
1405
1406
1409
1411
1412
1413
1414
1415
1416
1418
1419
1420
1421
1423
1424
1425
1426
1428
1429
1430
1431
1432
1433
1434
1436
1437
1438
1439
1440
1441
1442
1444
1445
1446
1447
1448
1449
1450
1452
1453
1454
1455
1456
1457
1458
1459
1460
1463
1465
1466
1469
1470
1473
1474
1477
1478
1481
1482
1485
1486
1487
1488
1491
1492
1496
1497
1498
1499
1500
1501
1503
1504
1505
1508
1509
1512
1513
1516
1517
1520
1521
1522
1526
1527
1528
1529
1531
1533
1534
1537
1538
1541
1542
1543
1544
1545
1546
1547
1550
1553
1554
1555
1556
1560
1561
1562
1563
1564
1565
1566
1569
1572
1573
1574
1575
1576
1577
1578
1581
1584
1585
1586
1587
1588
1589
1590
1593
1596
1597
1598
1599
1600
1601
1602
1603
1606
1609
1610
1611
1612
1613
1614
1616
1618