1
2
3
4
5
6
7
8
9
10
11
12
13
14
15
16
17
19
20
21
22
23
24
25
26
28
29
30
31
32
33
34
35
36
37
38
39
40
41
43
44
45
46
47
48
49
51
53
54
55
56
57
58
59
60
61
63
64
65
66
67
68
71
72
75
76
79
80
83
84
87
88
91
92
93
94
95
96
97
100
101
104
105
108
109
110
111
112
113
114
118
120
121
123
125
126
128
129
130
131
134
135
136
137
138
139
140
141
144
147
148
149
152
153
157
158
159
161
162
163
165
166
167
168
172
173
177
179
180
182
183
184
185
189
190
191
192
194
195
196
197
199
201
202
203
204
205
208
209
210
211
214
215
217
218
220
221
224
225
226
227
228
229
230
231
232
233
238
239
240
243
245
246
247
248
251
252
253
254
255
256
257
258
264
265
267
268
269
270
271
272
278
279
280
281
282
284
285
289
290
291
292
293
295
296
297
298
300
304
305
306
307
308
310
311
312
313
314
315
316