1
2
3
4
5
6
7
8
9
10
11
12
13
14
15
16
17
19
20
21
22
24
25
26
27
28
29
30
31
32
33
34
35
36
37
38
39
40
41
42
43
44
45
47
48
49
50
51
52
53
54
55
56
58
59
60
61
62
63
64
65
66
67
68
69
70
72
73
74
75
76
77
78
79
80
81
83
84
85
86
87
88
89
90
91
94
95
96
97
98
99
101
102
103
105
106
107
108
111
112
113
115
116
118
119
122
123
125
126
127
128
129
130
131
132
133
135
136
138
139
140
141
142
145
146
149
150
151
152
153
154
156
157
158
161
162
164
165
166
167
168
170
171
176
180
181
182
184
185
187
188
189
190
191
192
193
194
195
196
197
200
201
204
205
206
207
209
212
213
216
217
218
219
221
222
223
225
226
228
229
230
231
233
234
235
238
239
240
241
244
245
246
247
248
250
251
252
253
254
255
256
259
260
261
263
264
265
266
267
270
271
272
274
275
277
278
279
280
282
283
284
285
287
288
289
291
293
294
295
296
297
298
299
300
301
302
303
304
305
306
311
312
314
315
317
318
321
322
323
324
325
326
329
330
332
333
334
335
338
339
340
344
345
346
348
350
351
352
353
354
357
361
362
363
364
365
366
367
368
369
370
371
372
373
374
375
376
377
378
379
380
381
383
386
387
388
389
390
391
392
393
394
395
396
397
399
400
403
404
405
406
409
410
411
412
413
415
416
417
418
419
420
421
424
425
426
428
429
430
431
432
435
436
437
438
439
440
442
443
444
445
446
447
449
450
451
452
457
458
459
460
461
462
463
464
465
466
467
468
472
473
474
475
476
477
478
481
482
483
484
485
487
488
489
490
491
492
493
496
497
500
501
502
503
504
506
507
508
509
510
513
514
517
518
519
520
521
524
525
526
527
528
529
532
533
536
537
540
541
544
545
548
549
550
553
554
556
557
558
559
560
561
563
564
565
566
567
568
570
571
572
573
575
576
579
580
581
583
584
586
587
589
590
592
593
595
596
597
598
600
601
602
603
604
606
607
608
610
611
613
614
618
619
621
622
624
625
626
627
628
629
630
631
632
634
635
636
637
638
639
640
641
642
643
644
646
647
650
651
652
653
657
658
659
660
661
664
667
668
669
670
671
672
673
676
677
678
681
682
683
684
685
687
690
691
692
693
694
695
697
699
700
701
703
704
705
706
707
708
709
710
711
712
713
714
717
718
720
721
722
723
724
725
726
727
731
732
734
736
737
739
740
741
742
743
744
745
746
747
748
749
750
751
752
756
757
758
759
760
761
762
766
767
768
769
770
773
774
776
779
780
781
783
784
785
786
787
788
789
790
791
792
793
794
796
799
800
801
802
803
804
805
806
807
808
809
810
811
812
816
817
818
821
822
823
824
825
828
829
830
833
834
835
838
839
840
844
845
846
847
848
849
850
851
852
853
854
856
857
860
861
862
863
864
866
867
868
869
870
871
873
874
875
876
880
881
882
883
884
885
886
887
888
889
890
891
892
893
894
895
897
898
899
901
902
903
906
907
908
909
910
911
912
913
914
915
917
918
921
922
923
924
925
926
927
928
929
930
932
933
936
937
938
939
940
941
942
943
944
945
947
948
949
950
951
953
956
957
958
959
960
961
962
963
964
965
966
967
968
969
970
974
975
976
977
978
979
980
981
982
983
984
985
987
988
991
992
993
994
996
997
998
999
1000
1001
1002
1004
1005
1006
1007
1008
1012
1013
1018
1021
1022
1023
1024
1025
1026
1027
1028
1029
1030
1031
1032
1034
1035
1037
1038
1039
1043
1044
1045
1046
1050
1051
1052
1053
1054
1057
1058
1059