1
2
3
4
5
6
7
8
9
10
11
12
13
14
15
16
17
19
20
21
22
23
24
25
26
27
28
29
30
31
32
33
34
35
36
37
38
39
41
42
43
44
45
46
47
48
49
50
51
52
53
54
55
56
57
58
59
60
61
62
63
64
65
66
67
68
69
70
71
72
73
74
75
76
77
78
79
80
81
82
83
84
85
86
87
88
89
90
91
92
93
94
95
96
97
98
99
100
101
102
103
104
105
106
107
108
109
110
111
112
113
114
115
116
117
118
119
120
121
122
123
124
125
126
127
128
130
131
132
133
134
135
136
137
138
139
140
141
142
143
144
145
146
147
148
149
150
151
152
153
154
155
156
157
158
159
160
161
163
164
165
166
167
168
169
170
171
172
173
174
175
176
177
178
179
180
181
182
183
184
185
186
187
188
189
190
191
192
193
194
195
196
197
198
199
200
201
202
203
204
206
207
208
210
211
213
214
215
216
217
218
222
223
224
225
226
227
228
229
232
233
234
235
236
237
238
239
242
243
246
247
248
249
250
251
252
253
256
257
260
261
264
265
268
269
272
273
276
277
278
279
280
282
283
284
285
290
291
292
293
294
295
296
297
298
299
300
301
302
303
307
308
311
315
316
317
318
319
320
321
325
326
327
328
329
330
333
337
338
340
341
344
345
346
347
349
352
353
356
357
359
360
361
362
364
365
366
369
372
373
374
375
376
377
378
379
380
381
382
383
386
387
391
392
393
394
398
401
402
404
406
407
408
409
410
413
414
416
418
419
420
421
422
423
424
425
426
427
429
430
431
432
434
435
440
441
442
445
446
447
449
450
454
455
456
459
462
463
464
465
467
468
470
471
472
473
474
478
479
480
481
482
483
484
485
486
492
493
494
495
496
497
498
499
500
501
503
504
506
507
510
511
512
513
514
515
516
517
518
519
520
521
523
526
527
528
529
530
531
532
533
536
537
538
539
540
541
542
543
544
545
546
547
548
552
553
555
556
557
558
559
560
561
562
563
564
567
568
569
572
573
574
577
578
579
580
583
586
587
588
591
592
593
597
598
599
602
603
607
608
609
610
613
614
615
616
617
620
621
623
624
627
628
629
630
631
632
633
634
635
636
639
642
643
644
646
647
648
652
653
656
657
658
659
660
661
662
663
664
665
666
667
668
671
674
675
676
677
681
682
683
684
687
688
689
690
692
695
696
697
698
699
700
701
703
704
705
706
707
708
709
713
714
715
718
719
722
723
724
725
729
730
731
732
733
736
737
738
742
743
744
745
747
748
749
750
751
752
753
755
757
760
761
762
763
764
765
767
768
769
773
774
775
776
777
778
780
781
782
786
787
788
789
790
791
793
794
795
799
800
801
802
803
804
806
807
808
812
813
814
815
816
817
818
819
820
821
822
823
824
825
828
829
830
833
836
837
838
839
840
843
844
845
846
847
849
850
851
855
856
857
858
861
862
863
864
865
867
868
869
873
875
876
877
878
881
882
884
885
886
887
888
889
893
894
895
896
897
899
900
901
902
903
908
909
910
911
912
916
917
918
919
921
924
925
926
927
928
929
930
934
935
937
938
939
940
942
943
944
945
946
950
951
952
953
957
958
961
962
964
965
966
967
971
972
974
975
976
977
981
982
983
984
985
987
988
989
990
991
994
995
996
997
998
999
1003
1004
1007
1008
1010
1011
1012
1013
1014
1015
1016
1017
1018
1019
1023
1026
1027
1030
1031
1032
1033
1034
1036
1037
1040
1043
1044
1047
1048
1049
1051
1054
1055
1058
1059
1060
1062
1065
1066
1069
1070
1071
1073
1076
1077
1080
1081
1082
1084
1087
1088
1091
1092
1095
1096
1099
1100
1101
1102
1104
1107
1108
1109
1110
1111
1112
1113
1114
1117
1118
1119
1120
1122
1125
1126
1129
1130
1133
1134
1137
1138
1141
1142
1143
1144
1147
1150
1151
1154
1155
1158
1159
1161
1163
1164
1165
1166
1167
1168
1169
1170
1174
1175
1178
1179
1182
1183
1186
1187
1190
1191
1194
1195
1198
1199
1202
1203
1206
1207
1208
1211
1212
1213
1214
1215
1216
1217
1218
1220
1223
1224
1225
1228
1229
1230
1231
1232
1233
1234
1235
1237
1240
1241
1244
1245
1248
1249
1252
1253
1256
1257
1258
1259
1261
1262
1265
1266
1267
1269
1270
1272
1273
1274
1275
1276
1277
1281
1282
1283
1284
1285
1286
1287
1289
1292
1293
1294
1296
1297
1298
1299
1300
1301
1305
1306
1307
1310
1313
1314
1315
1316
1318
1319
1321
1322
1324
1325
1326
1327
1328
1329
1333
1334
1335
1336
1339
1340
1342
1343
1344
1345
1349
1350
1351
1352
1354
1355
1357
1358
1359
1360
1361
1362
1363
1364
1365
1366
1367
1371
1372
1373
1374
1375
1376
1377
1380
1381
1383
1386
1387
1389
1390
1391
1392
1393
1394
1395
1396
1400
1401
1402
1403
1404
1405
1409
1410
1411
1414
1415
1416
1419
1420
1421
1422
1423
1427
1428
1429
1430
1431
1432
1436
1437
1438
1439
1440
1441
1442
1445
1446
1448
1449
1450
1451
1452
1453
1454
1455
1456
1457
1458
1459
1460
1461
1465
1466
1467
1468
1469
1470
1473
1474
1478
1479
1481
1483
1484
1485
1486
1487
1488
1489
1490
1491
1493
1495
1496
1498
1499
1500
1503
1504
1506
1509
1510
1511
1512
1514
1515
1516
1517
1518
1520
1522
1523
1525
1526
1528
1530
1531
1533
1534
1536
1537
1539
1540
1541
1543
1544
1547
1548
1549
1551
1552
1554
1555
1556
1559
1560
1561
1562
1564
1565
1567
1568
1569
1570
1573
1574
1577
1578
1579
1580
1581
1582
1583
1584
1585
1586
1587
1588
1589
1590
1591
1592
1594
1595
1596
1597
1598
1599
1600
1601
1602
1603
1606
1607
1611
1612
1613
1614
1617
1618
1619
1620
1624
1625
1626
1627
1629
1632
1633
1635
1636
1637
1638
1639
1640
1642
1643
1644
1645
1649
1650
1651
1654
1655
1656
1657
1658
1659
1662
1663
1667
1668
1669
1670
1671
1672
1675
1678
1679
1680
1681
1686
1687
1688
1689
1690
1691
1692
1693
1694
1698
1699
1700
1701
1706
1707
1708
1709
1710
1711
1712
1713
1716
1717
1718
1719
1720
1721
1722
1723
1724
1725
1726
1727
1728
1729
1730
1734
1735
1736
1741
1742
1743
1744
1745
1746
1747
1748
1749
1750
1751
1752
1753
1754
1759
1760
1761
1763
1764
1765
1766
1767
1772
1773
1774
1775
1776
1781
1782
1783
1784
1785
1786
1791
1792
1793
1794
1795
1796
1797
1798
1799
1800
1801
1802
1803
1804
1805
1806
1807
1808
1810
1811
1812
1813
1814
1815
1817
1820
1821
1823
1824
1825
1826
1827
1828
1829
1830
1834
1835
1838
1839
1840
1841
1842
1843
1846
1847
1848
1849
1850
1851
1852
1855
1856
1857
1860
1861
1863
1864
1865
1866
1867
1868
1870
1871
1872
1873
1874
1875
1876
1877
1880
1883
1884
1885
1886
1887
1888
1889
1890
1891
1892
1893
1897
1898
1901
1902
1905
1906
1908
1909
1910
1911
1913
1914
1915
1916
1917
1920
1921
1922
1924
1925
1926
1927
1930
1931
1932
1933
1934
1935
1938
1939
1940
1941
1942
1943
1944
1945
1947
1948
1951
1953
1954
1955
1956
1957
1958
1959
1962
1963
1967
1968
1969
1970
1971
1976
1977
1978
1979
1980
1983
1984
1985
1988
1989
1990
1993
1996
1997
1998
1999
2000
2001
2002
2003
2004
2007
2008
2009
2010
2011
2012
2013
2014
2017
2018
2019
2020
2021
2022
2023
2024
2025
2027
2028
2031
2032
2033
2034
2035
2036
2037
2038
2039
2040
2044
2045
2046
2047
2048
2051
2052
2053
2054
2055
2058
2059
2060
2061
2062
2065
2066
2067
2068
2069
2070
2071
2072
2073
2074
2075
2076
2077
2078
2079
2080
2082
2085
2086
2087
2088
2089
2090
2091
2092
2093
2094
2098
2099
2100
2101
2102
2105
2106
2107
2108
2109
2110
2111
2112
2113
2116
2117
2118
2119
2120
2123
2126
2127
2130
2131
2134
2135
2138
2139
2142
2143
2144
2146
2149
2150
2153
2154
2155
2156
2157
2158
2160
2164
2165
2168
2169
2172
2173
2176
2177
2180
2181
2182
2183
2184
2186
2190
2191
2192
2193
2194
2196
2200
2201
2204
2205
2208
2209
2210
2211
2213
2217
2218
2219
2220
2223
2224
2228
2229
2230
2232
2235
2236
2239
2240
2243
2244
2247
2248
2251
2252
2255
2256
2259
2260
2263
2264
2267
2268
2271
2272
2275
2276
2279
2280
2283
2284
2287
2288
2291
2292
2295
2296
2299
2300
2303
2304
2305
2306
2307
2309
2312
2313
2314
2315
2316
2317
2321
2322
2325
2326
2329
2330
2333
2334
2337
2338
2341
2342
2345
2346
2349
2350
2351
2352
2353
2356
2357
2360
2361
2364
2365
2368
2369
2372
2373
2376
2377
2380
2381
2384
2385
2388
2389
2392
2393
2394
2397
2398
2399
2400
2401
2402
2403
2406
2407
2408
2409
2410
2411