1
2
3
4
5
6
7
8
9
10
11
12
13
14
15
16
17
19
21
22
23
24
25
27
28
29
30
31
32
33
34
35
37
38
39
40
41
42
43
44
45
46
47
48
49
50
51
52
53
54
55
56
57
58
59
60
61
62
63
64
65
66
68
71
72
75
76
79
80
81
84
85
86
89
90
91
94
95
96
97
98
99
100
101
104
105
106
108
109
112
114
115
116
117
118
119
121
124
125
126
127
129
132
133
135
136
137
138
139
140
141
142
145
146
147
148
149
150
151
152
153
156
157
158
159
160
161
162
163
166
167
168
169
170
171
172
173
174
177
178
179
180
181
182
183
184
185
186
187
188
189
190
191
192
195
196
197
200
201
202
205
206
207
208
209
210
211
212
213
214
215
218
219
220
221
222
223
224
225
226
227
228
231
232
233
234
235
236
237
238
239
242
243
244
245
246
247
248
249
250
253
254
256
257
260
261
264
265
268
269
272
273
276
277
280
281
284
285
286
287
288
289
290
291
292
295
296
299
300
303
304
307
308
311
312
315
316
319
320
323
324
327
328
331
332
335
336
339
340
343
344
347
348
351
352
355
356
359
360
363
364