1
2
3
4
5
6
7
8
9
10
11
12
13
14
15
16
17
20
21
22
23
24
25
26
27
28
29
30
31
33
34
35
36
37
38
39
40
41
42
43
44
45
46
47
48
49
50
51
52
53
55
57
58
59
60
61
62
63
65
66
67
68
69
70
71
72
73
74
75
76
78
79
80
81
82
84
85
88
89
90
91
92
93
94
95
99
100
101
105
106
107
108
109
110
111
112
113
114
116
117
118
121
122
123
124
125
126
127
128
129
130
131
135
136
137
138
139
140
141
142
143
144
145
149
150
152
154
155
156
157
158
159
160
162
163
164
167
168
169
170
173
174
175
178
179
180
183
184
185
186
187
192
193
194
195
196
197
198
201
204
205
208
209
210
211
212
215
216
219
220
221
222
223
225
226
227
228
229
230
233
234
235
237
239
240
241
242
244
245
246
247
248
249
251
252
253
255
256
257
258
261
264
265
268
269
274
275
278
279
282
283
284
285
286
287
288
289
290
293
294
297
298
301
302
303
305
306
309
310
311
314
315
318
319
322
323
326
327
330
331
334
335
338
339
340
341
342
346
347
348
350
351
352
353
354
356
357
358
359
360
361
362
363
366
367
368
369
370
371
372
373
374
377
378
379
380
381
382
384
385
386
387
388
389
390
392
393
394
395
396
397
398
399
400
403
404
405
406
410
411
412
416
419
420
421
422
423
424
425
426
427
428
429
430
431
432
434
435
436
437
438
439
440
442
443
444
445
446
447
448
452
453
454
455
456
457
458
459
462
464
465
466
467
470
471
472
473
474
475
476
479
480
481
482
484
485
486
487
488
490
491
497
500
501
502
503
504
506
507
508
509
510
511
512
513
515
516
518
519
522
525
526
527
533
534
535
536
537
538
539
540
541
542
543
545
546
547
548
549
550
553
554
555
556
559
562
563
564
565
566
567
568
569
570
573
574
575
576
577
578
579
580
581
582
583
585
586
587
588
589
590
591
592
593
594
595
596
597
598
604
607
608
609
610
611
612
616
617
618
619
620
621
622
623
624
625
627
628
631
635
636
637
638
639
640
641
642
645
648
649
650
651
654