1
2
3
4
5
6
7
8
9
10
11
12
13
14
15
16
17
19
20
21
23
24
25
26
27
28
30
31
32
33
34
35
37
38
39
40
41
42
43
44
45
46
48
49
52
53
54
55
56
57
58
59
60
61
62
63
64
66
67
68
69
70
71
72
73
74
75
76
78
79
82
83
84
85
86
87
88
89
90
91
94
95
96
97
98
100
101
102
103
104
105
106
107
110
111
112
113
114
116
119
120
121
122
123
124
125
126
127
128
129
131
132
133
134
135
136
139
140
142
143
145
146
151
152
155
156
159
160
161
162
163
164
165
166
168
169
171
172
174
175
176
177
178
179
180
181
182
185
186
190
191
192
194
195
196
197
198
201
202
203
204
205
206
207
208
209
212
213
214
215
216
217
218
222
223
226
227
230
231
234
235
238
239
242
243
246
247
250
251
254
255
256
257
258
259
262
263
266
267
270
271
274
275
276
277
278
279
280
281
282
283
285
288
289
290
292
295
296
299
300
303
304
307
308
311
312
315
316
319
320
323
324
327
328
331
332
333
334
335
336
338
339
340
343
344
345