1
2
3
4
5
6
7
8
9
10
11
12
13
14
15
16
17
19
20
21
22
24
25
26
27
28
29
31
33
36
37
38
39
40
41
42
43
44
45
46
49
50
51
52
53
56
59
60
61
64
65
68
69
70
71
72
75
76
77
80
83
84
85
86
87
88
89
90
91
94
97
98
99
100
101
102
103
104
105
106
107
110
111
113
114
117
120
121
122
123
124
125
126
127
128
131
132
134
137
138
141
142
143
145
146
147
148
151
152
153
154
157
160
163
164
165
166
167
168
169
171
173
174
175
176
177
178
179
180
181
182
183
185
186
187
188
189
191
192
194
195
197
198
199
200
203
204
206
207
208
209
210
211
213
214
216
217
219
220
222
223
226
227
228
231
232
233
238
239
240
243