1
2
3
4
5
6
7
8
9
10
11
12
13
14
15
16
17
19
20
21
22
23
24
25
26
27
28
30
31
32
33
34
35
36
37
38
39
40
42
43
44
45
46
47
48
50
52
54
55
56
58
59
60
62
63
64
65
66
68
69
71
72
75
76
77
78
79
80
81
82
83
85
86
88
89
90
93
95
97
99
100
103
104
105
106
107
108
111
112
113
114
117
118
121
123
124
125
127
132
133
136
138
139
140
141
146
148
149
151
153
154
155
157
158
161
162
163
165
166
167
168
172
173
174
176
177
180
182
183
185
186
188
189
191
192
194
195
196
197
198
199
200
202
203
206
208
212
214
215
218
219
224
225
227
228
230
231
233
235
236
239
240
242
243
244
246
248
249
255
256
257
258
259
260
261
262
264
265
266
268
269
270
272
273
274
275
276
280
283
284
285
286
287
289
290
291
292
293
294
296
297
298
302
303
307
308
313
316
317
319
320
322
323
324
325
326
328
329
330
331
332
333
336
337
338
339
340
342
343
344
345
346
347
352
353
355
357
359
362
363
364
365
366
367
368
369
371
373
375
377
379
381
383
384
385
386
387
389
390
392
393
395
397
398
401
402
405
406
409
410
413
415
417
418
419
420
421
423
424
427
429
430
433
434
435
436
437
438
439
444
445
447
448
449
451
452
454
455
456
457
460
462
463
464
472
473
474
475
476
477
479
480
482
484
486
488
489
490
491
493
494
495
496
497
500
501
506
509
510
511
512
513
514
516
517
519
520
522
523
525
526
527
529
530
531
533
534
535
536
538
539
540
542
543
544
546
547
548
552
553
554
556
557
563
564
565
566
567
570
571
572
573
574
577
578
579
580
581
584
585
586
587
588
589
590