1
2
3
4
5
6
7
8
9
10
11
12
13
14
15
16
17
19
20
21
22
23
24
25
26
27
28
30
31
32
33
34
35
36
37
38
39
40
42
43
44
45
46
47
49
52
53
56
57
59
60
62
63
65
67
68
69
71
72
75
77
78
79
80
81
82
83
84
85
86
88
89
90
93
95
97
98
100
101
105
106
107
109
110
112
113
115
117
118
120
121
122
124
125
126
127
128
129
130
131
135
137
138
140
141
142
145
146
148
149
151
152
153
154
155
156
158
159
162
163
164
167
168
170
171
173
174
176
180
181
182
183
184
185
188
189
190
195
196
197
198
199
200
201
202
203
204
205
206
208
209
210
211
212
213
214
216
217
218
221
222
224
225
226
227
228
229
230
232
235
236
238
239
240
241
242
243
244
248
249
250
251
254
257
258