1
2
3
4
5
6
7
8
9
10
11
12
13
14
15
16
17
19
20
21
22
23
24
25
26
27
28
29
31
32
33
34
35
36
37
38
39
40
41
42
43
44
45
47
48
49
50
51
52
53
54
55
56
57
58
59
60
61
62
63
64
66
67
68
70
71
72
75
76
79
80
84
87
88
91
92
94
95
96
97
98
99
101
102
103
106
107
108
109
110
111
112
113
114
117
118
120
121
123
124
125
126
127
128
129
133
134
135
136
137
138
139
140
141
142
147
148
150
151
152
153
155
158
159
160
161
162
163
166
167
168
169
172
173
174
175
178
179
182
183
184
185
186
190
191
192
194
195
196
197
198
199
200
201
202
207
208
209
210
211
212
213
217
218
220
221
222
223
224
225
226
227
228
229
230
231
232
233
238
239
240
241
242
243
244
248
249
251
252
253
254
255
256
257
261
262
263
264
265
266
267
268
269
274
275
276
277
278
279
280
281
282
283
287
288
289
290
291
292
293
294
295
299
300
301
302
303
304
305
306
308
310
311
312
313
314
315
316
317
318
320
321
322
327
328
330
331
332
334
337
338
341
342
343
345
348
349
352
353
356
357
360
361
364
365
368
369
372
373
376
377
380
381
384
385
387
388
389
390
391
392
393
395
396
397
398
399
402
405
406
408
409
411
412
414
415
416
417
418
420
421
422
423
425
426
427
428
429
432
433
435
436
437
438
439
441
443
444
446
449
450
451
453
456
457
458
459
460