1
2
3
4
5
6
7
8
9
10
11
12
13
14
15
16
17
19
20
21
22
24
25
26
27
28
29
30
31
32
33
34
35
36
37
38
39
40
41
43
44
45
46
47
48
49
50
51
52
53
54
55
56
57
59
62
63
66
67
68
69
72
73
76
77
80
81
82
83
86
87
88
89
90
91
94
95
96
97
98
101
104
105
106
107
110
111
114
115
118
119
122
123
126
127
130
131
134
135
138
139
140
142
145
146
149
150
151
152
153
155
156
157
159
160
161
162
165
166
167
170
173
174
175
176
178
179
180
182
183
184
185
186
187
188
189
190
191
195
196
197
199
200
201
202
203
204
205
206
207