1
2
3
4
5
6
7
8
9
10
11
12
13
14
15
16
17
19
20
21
22
23
25
27
28
29
30
31
32
33
34
35
36
37
38
39
40
41
42
43
44
45
46
47
48
50
51
52
53
54
56
58
59
60
61
62
63
64
66
67
68
69
71
72
73
74
75
77
78
79
81
82
83
84
86
87
89
90
91
92
93
95
96
97
98
99
100
101
103
104
105
106
107
108
109
110
111
112
113
114
115
117
118
120
121
122
124
125
126
127
129
131
132
133
134
135
136
137
138
139
140
141
143
144
145
146
147
148
150
152
153
154
155
156
157
158
159
160
161
162
164
165
167
168
170
171
172
174
175
176
177
178
179
180
182
183
184
185
186
187
188
189
191
192
193
195
196
197
198
199
200
202
203
205
206
207
208
209
210
211
212
213
214
215
217
218
219
220
221
222
223
224
226
228
229
231
232
233
234
235
236
238
239
240
242
243
244
246
247
248
250
251
252
254
255
256
258
259
260
262
263
264
266
267
268
270
271
272
274
275
276
278
279
280
282
283
284
285
286
287
289
290
291
293
294
295
297
298
299
300
301
302
304
305
306
307
308
309
311
312
313
314
315
317
318
319
320
322
323
324
325
326
327
328
329
330
331