1
2
3
4
5
6
7
8
9
10
11
12
13
14
15
16
17
19
20
22
23
24
25
26
27
28
31
32
33
34
35
36
37
38
39
40
41
42
43
44
45
46
47
49
50
51
52
54
56
58
60
61
62
63
64
65
66
68
69
70
72
74
76
77
78
79
84
85
86
87
88
89
91
94
95
96
97
101
102
103
104
108
109
110
111
113
114
116
117
121
122
123
124
126
127
128
129
132
133
134
135
137
138
139
140
141
145
146
148
150
151
152
153
154
155
156
157
158
159
160
161
162
163
164
165
167
168
169
170
172
174
176
179
180
181
185
187
188
190
191
193
194
196
197
198
199
200
201
202
204
207
208
209
210
211
212
213
214
215
216
217
218
219
220
221
222
223
224
225
227
229
230
231
235
236
237
238
239
240
241
242
243
244
245
246
247
248
249
253
254
255
256
258
261
262
263
264
266
269
270
271
272
274
277
278
279
280
282
285
286
287
288
290
291
292
293
294
295
297
299
300
302
303
304
306
307
308
311
312
314
315
316
319
322
323
324
326
327
329
330
333
334
335
336
337
338
339
341
342
344
345
347
348
350
351
352
355
356
357
358
359
360
361
362
363
365
368
369
370
371
372
373
374
375
376
377
378
379
380
381
382
383
384
386
387