1
2
3
4
5
6
7
8
9
10
11
12
13
14
15
16
17
19
20
21
22
23
24
25
26
27
29
30
31
32
33
35
36
37
38
39
41
42
44
45
46
47
51
52
53
54
55
56
57
59
62
63
64
65
66
67
69
72
73
74
75
76
77
79
82
83
84
85
86
87
89
91
92
93
95
96
98
100
101
104
105
106
107
108
109
110
111
113
115
117
118
120
121
123
124
125
127
128
130
132
134
137
138
139
140
141
142
143
144
145
146
148
149
150
153
154
155
156
157
158
159
160
161
162
163
164
165
167
168
169
170
171
172
173
174
175
176
179
180
181
182
183
184
185
186
187
189
190
191
193
194
195
197
200
201
204
205
206
207
208
209
210
211
213
214
215
216
217
218
219
220
221