1
2
3
4
5
6
7
8
9
10
11
12
13
14
15
16
17
19
20
21
22
24
25
26
27
28
29
30
31
32
33
34
35
36
37
38
39
40
41
42
43
44
45
46
47
48
49
50
51
52
53
54
55
56
59
60
61
62
63
64
65
66
67
68
69
70
71
72
73
74
75
76
77
78
79
80
81
82
83
84
85
86
87
88
89
90
91
92
93
94
95
96
97
98
99
100
101
102
103
104
105
106
107
108
109
110
111
112
113
114
115
116
117
118
119
120
121
122
123
124
125
126
127
128
129
130
131
132
133
134
135
136
137
138
140
141
142
143
144
145
147
148
149
150
152
154
155
156
158
161
163
165
167
171
172
173
174
175
176
179
180
181
182
184
186
188
190
191
192
193
194
195
196
198
199
201
202
205
206
207
208
210
213
214
215
216
218
221
222
223
224
226
229
230
231
232
234
235
237
239
242
243
244
245
247
250
252
255
257
260
261
262
263
265
269
270
271
272
274
275
276
277
279
280
282
283
285
287
289
291
292
293
294
295
296
297
298
299
300
301
302
304
305
307
309
310
312
313
315
316
317
318
319
320
321
323
326
327
328
329
330
331
332
333
335
338
339
340
341
342
343
344
345
346
347
348
350
352
355
356
358
359
361
365
366
367
368
369
370
372
373
375
377
379
380
386
387
388
389
390
391
392
393
394
396
399
400
401
402
403
404
405
407
408
410
412
413
415
416
417
418
419
421
423
424
425
427
429
433
436
437
438
439
440
441
442
443
444
445
446
447
448
449
450
451
452
453
455
457
459
461
465
466
467
468
469
470
471
472
473
474
475
476
477
478
480
481
482
485
486
487
488
490
493
494
495
496
497
498
500
501
502
504
505
507
509
512
513
514
515
516
517
518
519
520
521
522
523
524
525
526
527
528
529
530
531
532
533
535
538
539
540
541
542
543
545
546
548
551
552
553
556
557
558
559
560
561
562
564
567
568
569
570
571
572
573
575
578
579
580
581
582
583
585
588
589
590
591
592
593
594
596
598
600
601
602
603
604
605
606
608
609
611
612
618
619
620
621
622
623
624
625
626
628
630
632
633
635
636
638
640
642
643
645
646
647
648
650
652
654
655
657
658
660
662
663
665
666
671
672
673
675
679
680
681
682
683
684
685
686
687
688
690
691
693
694
696
697
699
700
702
703
705
707
708
710
711
713
714
716
717
719
720
724
725
726
727
728
729
730
731
732
733
734
736
737
738
740
741
743
745
747
748
750
751
752
754
761
762
763
764
765
766
767
768
769
770
771
772
773
774
775
776
777
778
779
780
782
784
786
788
792
793
794
795
796
798
801
802
803
804
805
806
807
808
810
813
814
815
816
818
820
821
823
825
828
831
832
833
834
835
836
837
839
841
843
844
848
849
850
851
852
853
854
855
856
857
859
860
861
863
864
866
872
873
874
875
876
877
878
879
881
883
884
885
886
887
888
889
890
891
892
894
895
896
898
899
901
907
908
909
910
911
912
914
916
918
920
923
924
928
931
932
933
934
935
936
937
938
939
940
941
942
944
945
946
947
948
949
951
952
954
956
958
962
963
964
965
966
967
968
970
972
974
976
977
979
980
982
983
985
988
989
991
992
996
997
998
999
1000
1001
1002
1003
1004
1006
1008
1010
1012
1014
1017
1018
1019
1020
1021
1022
1024
1026
1028
1030
1032
1035
1036
1037
1038
1039
1041
1043
1045
1047
1053
1054
1055
1056
1057
1058
1059
1060
1062
1063
1064
1066
1067
1068
1070
1071
1073
1075
1077
1078
1079
1081
1082
1084
1086
1087
1095
1096
1097
1098
1099
1100
1101
1102
1103
1104
1105
1106
1107
1108
1109
1110
1112
1113
1114
1115
1116
1117
1119
1120
1121
1124
1125
1126
1127
1128
1129
1132
1133
1134
1135
1136
1137
1138
1142
1143
1144
1145
1146
1147
1148
1149
1150
1151
1152
1153
1154
1155
1156
1157
1158
1159
1160
1161
1163
1164
1165
1167
1170
1171
1174
1175
1176
1177
1178
1179
1180
1182
1185
1186
1187
1188
1189
1190
1191
1192
1193
1195
1197
1199
1203
1204
1205
1206
1207
1208
1209
1211
1214
1216
1219
1220
1221
1222
1223
1224
1226
1229
1230
1231
1232
1233
1234
1235
1236
1237
1238
1239
1241
1243
1244
1245
1247
1248
1249
1251
1253
1255
1258
1259
1260
1261
1262
1264
1266
1267
1268
1269
1270
1271
1273
1275
1277
1279
1282
1284
1285
1286
1287
1288
1289
1291
1294
1295
1298
1301
1302
1303
1304
1306
1307
1309
1311
1312
1314
1320
1321
1322
1323
1325
1326
1328
1330
1332
1338
1339
1340
1341
1343
1344
1346
1348
1350
1356
1357
1358
1359
1361
1363
1365
1366
1367
1368
1369
1371
1373
1375
1376
1378
1379
1383
1385
1386
1389
1391
1393
1395
1396
1397
1399
1400
1401
1405
1407
1408
1409
1410
1414
1415
1416
1417
1418
1419
1420
1421
1422
1423
1425
1427
1428
1430
1431
1432
1433
1434
1436
1437
1438
1440
1444
1445
1448
1449
1450
1451
1453
1454
1456
1459
1460
1461
1462
1463
1467
1468
1469
1470
1472
1473
1475
1477
1479
1484
1487
1488
1489
1490
1494
1495
1496
1497
1498
1499
1500
1502
1504
1506
1507
1512
1513
1514
1515
1516
1517
1518
1519
1520
1521
1523
1524
1527
1528
1529
1530
1532
1534
1536
1541
1542
1543
1544
1545
1546
1548
1550
1553
1555
1557
1559
1561
1562
1564
1565
1570
1572
1576
1577
1578
1579
1581
1582
1584