1
2
3
4
5
6
7
8
9
10
11
12
13
14
15
16
17
19
20
21
22
23
24
25
26
27
28
29
30
32
33
34
35
36
37
38
39
40
41
42
43
44
45
46
47
48
49
50
51
52
53
54
55
56
57
58
59
60
61
62
63
64
65
66
67
68
69
70
71
72
73
74
75
76
77
78
79
80
81
82
83
84
85
86
87
88
89
90
91
93
94
96
98
99
100
103
104
106
107
109
110
112
113
115
116
117
118
120
123
124
125
126
128
131
132
133
134
135
136
137
138
140
141
144
145
146
147
148
150
153
154
155
156
157
158
159
160
162
163
166
167
168
169
170
171
172
173
174
175
176
177
178
179
180
181
182
183
184
185
186
187
188
189
190
192
193
195
198
199
201
204
205
207
209
211
214
216
218
220
222
226
229
230
231
232
233
234
235
236
238
239
241
242
244
245
248
249
251
256
257
258
259
260
262
263
266
267
268
269
270
271
272
273
274
276
277
279
280
281
282
283
285
286
287
288
291
292
294
295
296
297
299
300
301
303
304
306
307
309
310
311
313
315
316
319
320
322
323
326
329
330
331
332
333
334
335
336
337
339
342
343
344
345
346
347
348
349
350
351
352
354
356
357
359
360
361
362
363
365
367
368
369
370
371
372
374
376
377
380
381