1
2
3
4
5
6
7
8
9
10
11
12
13
14
15
16
17
19
20
21
22
23
24
25
26
27
28
30
31
32
33
34
35
36
37
38
39
41
43
44
46
47
48
49
50
52
53
54
55
56
57
58
59
60
61
62
63
64
66
69
70
71
72
73
74
75
76
77
78
79
80
81
82
83
85
87
89
91
93
94
96
98
102
104
108
109
111
115
116
117
118
119
120
121
122
123
124
126
128
130
132
133
136
138
143
144
145
146
147
148
149
150
151
152
153
154
155
156
157
158
159
160
162
164
166
169
170
171
172
173
174
176
179
180
181
182
183
184
185
186
188
190
191
193
194
196
199
200
201
202
204
205
206
208
210
212
214
216
220
221
222
223
224
225
227