1
2
3
4
5
6
7
8
9
10
11
12
13
14
15
16
17
19
20
21
23
24
25
26
27
28
29
30
31
32
33
34
35
36
37
38
39
40
41
42
43
44
45
46
47
48
49
50
51
52
53
54
55
56
57
58
59
60
61
62
63
64
65
66
67
68
69
70
71
72
73
74
75
76
77
78
79
80
81
82
83
84
85
86
87
88
89
90
91
92
93
94
95
96
97
98
99
100
101
102
103
104
105
106
107
108
109
110
111
112
114
116
117
118
119
120
122
124
126
127
128
129
130
131
132
134
137
138
139
140
142
145
146
147
148
150
154
155
157
158
160
161
163
164
165
166
167
169
170
172
173
174
175
178
179
180
181
182
183
184
185
186
188
191
192
193
194
195
196
197
198
199
200
201
202
203
205
206
207
208
211
212
213
214
215
216
217
219
221
223
226
227
228
229
230
231
233
236
237
238
239
240
241
243
246
247
248
249
250
251
253
256
257
258
259
260
261
262
264
267
268
269
270
271
272
273
275
278
279
280
281
284
285
287
288
289
290
293
294
295
296
297
298
299
301
304
305
306
307
308
309
310
311
313
314
316
317
318
320
321
322
324
326
328
330
333
334
335
336
337
338
339
340
341
342
343
344
345
347
350
351
352
353
354
355
357
358
360
361
363
367
368
369
370
371
373
374
376
377
378
380
381
383
384
385
387
389
392
395
396
397
399
402
404
407
409
411
412
413
415
417
419
420
424
425
426
427
428
429
430
432