1
2
3
4
5
6
7
8
9
10
11
12
13
14
15
16
17
19
20
21
22
23
25
26
27
30
31
32
33
34
35
36
37
38
39
40
41
42
43
44
45
46
47
48
50
52
53
55
56
58
59
60
61
62
63
64
65
67
69
71
74
77
78
79
80
81
82
83
84
86
88
90
93
96
97
98
99
100
101
102
103
105
108
109
110
111
112
113
114
115
116
117
118
119
120
122
124
126
128
129
130
134
135
136
137
138
139
140
141
142
143
145
148
149
150
151
152
153
154
155
157
160
161
162
163
164
165
166
167
168
169
171
174
175
176
177
178
179
180
181
183
186
187
188
189
190
191
192
193
194
195
197
200
201
202
203
204
205
206
207
209
212
213
214
215
216
217
218
220
221
224
225
226
227
228
229
230
231
232
234
235
238
239
240
241
242
243
244
245
247
250
251
252
253
254
255
256
257
259
262
263
264
265
266
267
268
269
271
274
275
276
277
278
279
280
281
283
286
287
288
289
290
291
292
293
294
295
297
300
301
302
303
304
305
306
307
308
310
312
315
317
320
322
325
327
330
332
335
337
340
342
345
347
350
351
354
355
356
357
358
359
360
362
365
366
367
368
369
370
371
372
373
374
376
379
380
381
382
383
384
385
386
388
391
392
393
394
395
396
397
399
402
403
404
405
406
407
408
409
410
412
415
416
417
418
419
420
421
422
424
427
428
429
430
431
432
433
434
436
438
440
442
443
447
448
449
450
451
452
453
454
455
457
460
461
462
463
464
465
466
467
469
472
473
474
475
476
477
478
479
481
484
485
486
487
488
489
490
491
492
493
495
498
499
500
501
502
503
504
505
507
509
511
513
514
518
519
520
521
522
523
524
525
526
528
531
532
533
534
535
536
537
538
540
542
544
546
547
551
552
553
554
555
556
557
558
560
562
564
566
567
571
572
573
574
575
576
577
578
579
581
584
585
586
587
588
589
590
591
593
595
597
599
600
604
605
606
607
608
609
610
612
615
616
617
618
619
620
621
623
626
627
628
629
630
631
632
634
637
638
639
640
641
642
643
645
648
649
650
651
652
653
654
656
659
660
661
662
663
664
665
667
670
671
672
673
674
675
677
680
681
682
683
684
685
686
688
691
692
693
694
696
699
700
701
702
703
704
705
706
708
711
712
713
714
715
716
717
718
720
722
724
726
727
731
732
733
734
735
736
737
738
739
741