1
2
3
4
5
6
7
8
9
10
11
12
13
14
15
16
17
19
20
21
22
23
25
26
27
28
29
30
31
32
34
35
36
37
38
39
40
41
42
43
44
45
46
47
48
49
50
53
54
55
56
57
58
59
60
61
62
63
64
66
67
68
69
70
72
73
75
76
77
78
79
80
82
83
85
86
87
88
89
90
92
93
95
97
98
99
100
101
102
103
104
105
106
107
109
110
111
112
113
114
115
116
117
119
120
121
122
123
124
125
126
127
128
129
130
131
132
133
134
135
136
137
138
139
140
141
142
143
144
145
146
147
148
149
150
152
153
154
155
156
157
158
159
160
161
162
163
164
165
166
168
169
170
171
172
173
174
175
177
178
179
180
181
182
183
184
186
187
188
189
190
191
192
193
194
195
196
197
198
199
200
201
202
203
204
205
206
207
208
209
211
212
214
215
216
217
218
219
220
221
222
223
224
225
226
228
229
230
231
232
233
234
235
236
237
239
240
242
243
244
245
246
247
249
250
251
252
254
255
256
257
258
259
260
261
262
263
264
265
266
267
269
270
272
273
274
275
276
277
278
279
280
281
282
283
285
286
287
288
289
290
291
293
294
295
296
297
298
299
300
301
302
303
304
305
306
307
308
309
310
311
313
314
315
316
318
319
320
321
322
323
324
325
326
327
328
329
330
331
333
335
337
338
339
340
341
342
343
345
346
347
348
350
351
352
353
354
355
356
357
359
360
361
362
363
364
366
367
368
369
370
371
372
373
374
375
376
377
378
379
380
381
382
383
384
385
386
387
389
390
391
393
395
396
398
399
401
402
403
404
406
408
409
410
412
413
415
416
417
418
419
421
422
423
424
425
426
427
428
429
430
431
432
434
435
436
437
438
440
441
442
443
444
445
446
447
448
450
451
452
453
454
455
456
457
459
460
462
464
465
466
467
468
469
470
471
472
473
474
475
476
477
478
479
480
481
483
484
485
487
489
490
491
492
493
494
495
496
497
498
499
500
501
503
504
505
506
507
508
510
511
512
513
514
515
516
517
518
519
520
521
522
523
524
525
526
527
528
530
531
532
533
534
535
536
537
538
539
540
541
542
543
544
545
546
548
549
550
551
552
554
555
556
557
559
560
561
562
563
564
565
566
567
568
569
570
571
572
573
574
575
576
578
579
580
581
582
583
584
585
586
587
588
589
590
592
593
594
595
596
597
598
599
600
601
602
603
605
606
607
608
609
610
612
613
614
615
616
617
618
619
620
621
622
623
624
625
626
627
628
629
630
632
633
634
635
636
637
638
640
641
642
643
644
645
646
647
648
649
650
651
652
653
654
655
658
660
661
663
664
665
666
667
668
669
670
671
672
673
674
676
677
678
679
680
681
682
683
684
686
687
689
690
692
693
695
696
697
698
699
700
702
704
705
707
708
710
711
713
714
715
716
717
718
719
720
722
723
724
725
726
727
728
729
730
731
732
733
734
735
736
737