1
2
3
4
5
6
7
8
9
10
11
12
13
14
15
16
17
19
20
21
22
24
25
26
27
28
29
30
33
34
35
36
37
38
39
40
41
42
43
44
45
46
47
48
49
50
51
52
53
54
55
56
57
58
59
60
61
62
63
64
65
66
67
68
69
70
71
72
73
74
75
76
77
78
79
80
81
82
83
84
85
86
87
88
89
90
91
92
93
94
95
96
97
98
99
100
101
102
103
104
105
106
107
108
109
111
112
114
115
116
117
118
119
120
121
122
124
125
127
128
129
130
132
135
136
137
138
140
142
144
148
149
150
153
154
155
156
157
158
159
160
162
165
166
167
168
169
170
171
172
174
175
177
179
182
183
184
185
186
187
188
189
190
191
192
194
197
198
199
200
201
202
204
207
208
209
210
211
212
213
214
215
216
218
220
221
223
226
227
228
230
233
235
238
239
241
245
248
249
250
251
252
253
254
255
256
257
259
261
263
264
265
266
268
269
271
273
275
277
279
284
285
286
290
291
292
293
295
296
297
299
305
306
307
308
309
310
311
312
313
314
316
318
320
321
322
323
325
326
329
331
333
335
337
342
343
344
348
349
350
351
353
354
355
357
363
364
365
366
367
368
369
370
371
372
374
376
378
379
380
381
383
385
387
388
390
392
397
399
400
402
403
408
409
410
411
412
413
414
415
416
417
419
422
423
424
425
426
427
428
429
430
431
432
434
437
438
439
440
441
442
443
444
445
446
447
448
449
451
452
455
456
457
458
459
460
461
462
464
466
468
470
472
475
478
479
480
481
482
483
484
485
487
489
491
494
497
498
499
500
501
502
503
504
505
506
507
508
509
510
511
512
514
517
518
519
520
521
522
523
525
528
529
530
531
533
535
537
538
539
541
543
544
545
547
548
549
551
552
554
559
561
562
563
566
567
569
570
572
573
574
576
577
579
580
582
583
584
588
590
595
596
597
598
599
600
601
602
606
607
608
609
610
611
612
613
614
615
616
617
618
619
620
621
622
623
624
625
626
628
629
630
631
633
637
638
639
640
641
642
643
645
648
649
650
651
654
655
657
659
661
664
666
667
668