1
2
3
4
5
6
7
8
9
10
11
12
13
14
15
16
17
19
20
21
23
24
25
26
27
28
29
32
33
34
35
36
37
38
39
41
42
44
45
47
48
49
50
51
52
53
54
56
59
60
61
62
63
64
65
66
67
68
70
73
74
75
76
77
78
79
80
81
82
83
84
86
89
90
91
92
93
94
95
96
97
98
99
100
102
105
106
107
108
109
110
111
112
113
114
115
116
117
118
119
121
124
125
126
127
128
129
130
131
132
133
135
138
139
140
141
142
143
144
145
146
147
148
149
151
152
153
156
157
158
159
160
161
162
163
164
165
166
167
169
172
173
174
175
176
177
178
179
180
181
182
183
184
185
186
188
189
190
194
195
196
197
199
200
202
205
209
210
211
212
213
214
215
216
218
220
222
225
226
229
230
231
232
233
234
235
236
238
240
242
245
246
249
250
251
252
254
257
258
259
260
261
262
263
265
267
269
270
273
274
275
276
278
280
282
286
287
288
289
290
291
292
293
295
298
299
300
301
302
303
304
305
306
307
308
309
311
312
313
314
315
316
317
318
319
320
321
322
324
327
328
329
330
331
332
333
334
335
336
338
339
340
342
343
345
347
348
351
352
355
356
357
358
359
360
361
362
363
364
365
366
367
368
369
371
372
373
374
375
376
378
380
382
384
385
386
388
389
391
393
394
395
398
399
400
401
403
406
407
408
409
410
411
412
413
415
418
419
420
421
422
423
425
427
429
430
431
432
434
437
438
439
440
442
445
446
447
448
449
450
452