1
2
3
4
5
6
7
8
9
10
11
12
13
14
15
16
17
19
20
21
22
24
25
26
27
28
29
30
31
32
33
34
35
38
39
40
41
42
43
44
45
46
47
48
50
51
52
53
55
57
58
59
60
62
63
66
67
68
69
71
72
73
75
77
78
79
80
81
82
83
84
86
90
91
92
93
94
98
100
101
103
104
105
106
108
111
112
113
114
116
117
119
121
123
126
127
128
129
131
133
138
139
140
141
142
143
144
145
147
150
151
152
153
154
155
156
158
161
162
163
164
165
166
167
168
169
171
173
175
176
178
182
185
186
187
188
189
190
191
192
194
197
198
199
200
201
203
206
207
208
209
211
214
215
216
217
219
222
223
224
225
227
230
231
232
233
234
235
236
237
238
240
243
244
245
246
247
248
249
251
254
255
256
257
258
259
261
264
265
266
267
268
269
270
272
275
276
277
278
280
281
284
285
286
287
288
289
290
291
292
293
295
298
299
300
301
302
303
305
306
309
310
311
312
313
314
316
319
320
321
322
323
324
325
326
327
328
329
330
331
332
333
334
335
337
338
339