1
2
3
4
5
6
7
8
9
10
11
12
13
14
15
16
17
19
21
22
23
24
25
26
27
28
29
30
31
32
33
34
35
36
37
38
41
42
43
44
45
46
47
48
49
50
51
52
53
54
55
56
57
58
59
61
62
64
66
67
69
70
71
72
73
74
75
76
77
78
80
81
83
85
86
87
88
89
90
92
93
95
97
98
99
101
103
105
108
109
110
111
112
113
114
115
117
119
121
122
125
126
127
128
130
133
134
135
136
138
139
140
141
142
143
144
145
146
147
148
150
152
153
154
155
157
162
163
164
165
167
168
169
170
171
172
173
174
175
176
179
180
181
182
183
184
185
186
188
189
190
193
194
195
196
197
198
199
201