1
2
3
4
5
6
7
8
9
10
11
12
13
14
15
16
17
19
20
21
22
23
24
25
26
28
29
30
31
33
34
35
36
37
38
39
40
41
42
43
44
45
48
49
50
51
52
53
54
55
56
59
60
61
62
64
65
66
67
68
69
70
73
74
75
76
77
78
80
81
82
83
84
85
86
87
89
91
92
93
94
95
97
98
100
101
102
103
104
105
106
107
108
109
110
112
114
115
116
118
119
121
125
126
127
128
130
133
134
135
136
138
141
142
143
144
146
147
148
149
152
153
154
155
157
160
161
162
163
164
165
166
168
171
172
173
174
175
176
178
181
182
183
184
186
187
189
190
191
192
193
195
197
198
200
201
203
204
206
207
209
211
212
213
214
217
222
224
226
228
229
231
233
234
236
238
240
241
243
245
254
256
259
261
263
265
266
268
270
276
278
279
280
282
285
287
288
290
292
297
298
301
303
304
306
308
309
311
313
319
321
322
324
325
327
329
336
337
338
339
340
342
344
345
346
347
348
349
350
352
355
356
357
358
360
361
362
364
366
369
370
371
372
373
374
375
377
378
380
381
383
386
388
389
391
393
395
396
398
399
401
405
406
409
411
412
417
418
419
420
421
422
423
424
426
428
430
432
435
437
440
442
447
449
450
452
453
454
455
456
458
459
460
461
462
464
465
466
467
468
470
471
473
474
476
477
478
479
480
482
483
484
485
486
487
489
490
492
493
495
496
498
499
500
501
502
503
504
506
507
510
511
512
513
514
515
516
517
518
520
521
524
525
527
530
531
533
536
537
538
539
540
541
543
545
547
548
549
551
554
555
556
557
558
562
563
564
565
566
568
569
571
573
575
576
578
580
582
583
586
587
588
589
591
592
594
596
598
600
602
603
607
612
613
614
615
617
618
619
622
623
624
625
626
628
629
632
633
634
635
637
640
641
642
643
645
647
651
652
653
654
656
658
662
663
664
665
667
669
673
674
675
676
678
680
684
685
686
687
688
689
691
694
695
696
697
698
699
700
702
704
705
707
708
709
711
716
717
718
719
721
722
724
726
729
731
732
733
734
736
737
739
740
746
747
748
749
750
751
752
753
754
755
756
757
759
761
762
763
765
767
768
769
775
776
777
778
780
781
783
785
786
788
789
790
791
792
794
796
797
802
803
804
805
807
808
809
811
814
816
818
819
821
823
825
826
828
830
832
833
837
843
844
845
846
848
849
851
852
854
856
858
862
864
865
866
867
868
869
870
871
872
873
874
875
877
879
882
884
885
887
888
890
891
893
895
896
898
900
901
904
905
906
907
908
909
910
911
912
914
916
917
918
919
920
922
924
926
928
929
930
932
933
936
937
939
940
941
942
943
945
946
948
950
951
952
957
958
960
961
962
964
965
967
968
969
972
973
976
977
981
982
983
984
985
986
987
988
990
991
993
996
999
1000
1001
1002
1003
1004
1005
1007
1010
1011
1012
1013
1014
1016
1017
1018
1021
1022
1023
1024
1025
1026
1027
1028
1029
1030
1031
1032
1034
1035
1036
1037
1038
1039
1040
1041
1043
1045
1046
1048
1049
1050
1052
1054
1055
1058
1061
1062
1063
1064
1065
1066
1067
1068
1069
1070
1072
1074
1075
1077
1078
1079
1080
1082
1083
1085
1086
1089
1092
1093
1094
1095
1096
1098
1099
1100
1102
1104
1107
1109
1111
1113
1114
1118
1119
1120
1121
1123
1125
1127
1130
1133
1134
1135
1136
1137
1138
1140
1141
1143
1145
1146
1147
1149
1150
1152
1153
1155
1156
1159
1161
1164
1165
1166
1168
1169
1170
1171
1172
1173
1174
1175
1177
1178
1179
1180
1181
1184
1185
1187
1188
1189
1190
1192
1194
1195
1197
1198
1199
1201
1204
1205
1206
1207
1208
1209
1210
1211
1212
1214
1216
1217
1219
1221
1223
1225
1226
1227
1228
1230
1231
1233
1234
1236
1238
1239
1241
1243
1244
1246
1248
1249
1251
1253
1255
1259
1260
1261
1266
1267
1268
1269
1270
1271
1272
1273
1275
1277
1278
1280
1281
1283
1284
1286
1288
1292
1293
1295
1296
1301
1302
1303
1304
1305
1306
1307
1308
1309
1311
1313
1315
1317
1319
1322
1323
1324
1325
1326
1327
1328
1329
1330
1331
1333
1336
1337
1338
1339
1340
1341
1342
1343
1344
1345
1346
1347
1349
1352
1353
1354
1355
1356
1357
1358
1359
1361
1364
1365
1366
1367
1368
1370
1371
1373
1374
1375
1377
1382
1383
1384
1385
1386
1387
1388
1389
1391
1392
1394
1395
1397
1398
1400
1402
1403
1404
1405
1406
1409
1410
1411
1414
1415
1416
1417
1419
1420
1421
1422
1425
1426
1427
1428
1429
1430
1431
1432
1433
1434
1436
1437
1440
1441
1442
1443
1444
1445
1446
1447
1448
1450
1452
1454
1455
1460
1461
1462
1463
1464
1465
1466
1467
1468
1469
1470
1472