1
2
3
4
5
6
7
8
9
10
11
12
13
14
15
16
17
19
20
21
22
23
24
25
26
28
31
32
33
34
35
37
38
39
40
41
43
45
46
47
48
49
50
52
55
56
57
58
59
60
62
65
66
67
68
69
70
71
73
76
77
78
79
81
85
86
87
88
89
90
91
92
93
94
95
96
97
98
99
101
102
103
104
106
108
110
112
114
115
116
119
120
121
122
123
124
126
129
130
131
132
133
134
136
139
140
141
142
143
144
146
149
150
151
152
153
154
156
159
160
161
162
163
164
166
169
170
171
172
173
174
176
179
180
181
182
184
187
188
189
190
191
192
194
197
198
199
200
202
205
206
207
208
210
213
214
215
216
218
221
222
223
224
225
226
228
231
232
233
234
235
236
238
241
242
243
244
245
246
248
251
252
253
254
255
256
257
259
262
263
264
265
266
267
268
270
273
274
275
276
277
278
279
281
284
285
286
287
288
289
290
292
295
296
297
298
299
300
301
303
306
307
308
309
310
311
312
314
317
318
319
320
321
323
326
327
328
329
330
331
332
334
337
338
339
340
341
342
343
345
348
349
350
351
352
354
357
358
359
360
361
362
363
365
368
369
370
371
372
373
374
376
379
380
381
382
383
384
385
387
390
391
392
393
395
396
397
398
399
400
401
402
403
404
405
406
408
409
411
414
415
416
418
419
421
424
425
426