1
2
3
4
5
6
7
8
9
10
11
12
13
14
15
16
17
19
20
22
23
24
25
26
27
28
29
32
33
34
35
36
37
38
40
41
43
44
46
47
49
50
52
53
55
56
58
59
61
62
64
65
67
68
70
71
73
74
76
77
79
80
82
83
85
86
88
89
90
91
93
95
96
97
98
99
100
101
103
107
108
109
110
112
115
116
117
118
119
120
121
122
124
127
128
129
130
132
134
135
137
139
141
143
145
147
149
152
153
154
155
156
157
159
161
163
165
167
170
173
174
175
176
178
181
182
183
184
185
186
188
191
192
193
194
195
196
198
201
202
203
204
205
206
208
211
212
213
214
215
216
217
219
222
223
224
225
226
227
229
232
233
234
235
236
237
239
242
243
244
245
246
247
249
252
253
254
255
256
257
259
262
263
264
265
266
267
268
269
271
274
275
276
277
278
279
281
284
285
286
287
288
289
291
294
295
296
297
298
300
303
304
305
306
307
308
310
313
314
315
316
317
318
320
323
324
325
326
327
328
329
331
333
336
338
341
343
346
349
350
351
352
353
354
356
358
359
361
362
367
368
369
370
371
372
373
374
376
378
380
382
383
384
388
389
390
391
392
393
394
395
397
398
399
400
401
402
403
404
405
406
408
412
413
414
415
416
417
418
419
420
421
422
423
424
426
429
430
431
432
433
434
435
436
437
438
439
440
441
443
446
447
448
449
450
451
452
453
454
455
456
457
458
460
463
464
465
466
467
468
469
470
471
472
473
474
475
477
480
481
482
483
484
485
486
488
490
491
492
496
497
498
499
500
501
502
504
507
508
509
510
511
512
513
515
517
518
520
522
526
527
528
529
530
531
532
534
536
537
539
541
545
546
547
548
549
550
551
552
553
555
558
559
560
561
562
563
564
566
568
570
572
576
577
578
579
580
581
583
584
587
588
589
590
591
592
594
597
598
599
600
602
604
607
610
611
612
613
614
615
617
620
621
622
623
624
625
626
627
629
631
633
635
638
640
641
644
646
647
649
650
652
653
654
655
657
658
659
661
662
664
665
666
667
673
675
678
680