1
2
3
4
5
6
7
8
9
10
11
12
13
14
15
16
17
19
20
21
22
23
24
26
27
28
29
30
31
32
34
36
37
39
40
42
43
45
46
48
49
51
52
54
55
56
57
58
60
63
64
65
66
67
69
72
73
75
76
78
79
81
82
84
85
87
88
90
91
93
94
95
96
97
98
99
100
101
103
104
105
106
109
110
111
112
113
115
118
119
120
121
123
126
127
128
129
131
134
135
136
137
139
142
143
144
145
147
150
151
152
153
155
158
159
160
161
163
166
167
168
169
170
172
173
176
177
178
179
180
182
183
186
187
188
189
190
192
193
196
197
198
199
200
202
203
206
207
208
209
210
212
213
216
217
218
219
220
222
223
226
227
228
229
230
231
233
234
235
237
238
239
240
241
243
244
246
247
248
250
252
253
254
256
257
258
259
261
262
263
264
266
267
268
269
270
271