1
2
3
4
5
6
7
8
9
10
11
12
13
14
15
16
17
19
20
21
23
25
26
27
28
29
30
31
32
33
34
35
36
37
39
40
41
42
43
44
46
47
49
50
52
53
54
55
57
59
60
61
62
63
64
65
67
70
71
72
73
74
75
77
80
81
82
83
84
85
86
87
88
90
93
94
95
96
97
98
99
100
102
105
106
107
108
109
110
112
113
114
116
118
119
122
123
124
125
126
127
128
129
131
134
135
136
137
138
139
141
142
145
147
149
152
153
154
156
157
159
162
164
165
167
168
170
171
172
173
175
176
178
180
182
183
185
188
190
192
195
198
199
200
201
202
203
205
207
208
210
213
215
217
220
222
223
224
226
228
230
233
235
236
237
238
239
240
241
242
243
244
245
246
247
249
251
252
253
255
256
257
259
261
262
264
266
267
269
270
272
274
276
278
280
282
285
287
289
292
294
295
297
299
301
303
306
309
311
314
317
318
319
320
322
323
324
325
326
327
328
329
330
331
332
333
334
335
337
339
342
344
346
349
350
352
353
355
358
359
360
361
362
363
365
368
369
370
371
372
373
374
375
377
379
380
382
384
386
388
389
393
396
397
398
399
400
401
402
403
404
405
406
408
409
412
413
414
415
417
419
421
423
427
428
429
430
432
433
434
435
436
437
438
439
440
441
444
445
446
447
448
449
451
452
453
454
456