1
2
3
4
5
6
7
8
9
10
11
12
13
14
15
16
17
19
21
22
23
24
25
26
27
28
29
30
31
32
33
36
37
38
39
40
41
42
43
44
45
46
47
48
49
50
51
52
53
54
55
56
57
58
59
60
61
62
63
64
65
66
67
68
69
70
71
72
73
74
75
76
77
78
79
80
81
82
83
85
87
88
89
90
93
95
96
97
98
99
100
101
102
103
105
107
109
112
114
118
120
122
124
126
130
132
134
136
137
140
142
143
145
147
149
150
151
153
155
156
158
160
162
164
168
170
177
178
182
183
184
185
186
188
191
192
193
194
195
197
200
201
202
203
204
205
206
207
208
209
210
211
212
214
218
219
220
221
222
223
224
225
226
227
228
229
230
231
232
233
234
235
236
237
238
239
240
241
242
243
244
245
246
247
248
249
250
251
252
254
256
258
260
265
266
267
268
269
270
271
272
274
276
279
281
283
285
287
288
292
294
296
298
302
304
306
308
312
313
314
315
317