1
2
3
4
5
6
7
8
9
10
11
12
13
14
15
16
17
18
19
20
21
22
23
24
25
26
27
28
29
30
31
32
33
34
35
36
37
39
41
42
44
45
46
47
48
49
50
51
52
53
54
55
56
57
58
59
60
62
63
64
65
66
67
68
70
71
72
74
75
76
77
78
79
80
81
83
84
85
87
88
90
91
92
96
97
99
100
103
104
105
109
110
111
114
115
116
117
120
121
122
123
126
127
128
129
132
133
134
135
136
137
140
141
142
143
144
145
147
148
150
153
154
155
157
158
159
160
161
165
166
167
168
170
173
174
175
176
178
181
182
183
185
186
187
188
189
193
194
195
196
198
201
202
203
204
206
209
210
211
212
213
214
215
219
220
221
224
225
226
227
229
230
233
234
235
238
239
240
243
244
245
246
248
249
250
251
252
253
256
257
259
260
261
262
264
265
266
267
270
271
272
273
275
276
277
278
282
283
284
287
288
289
290
291
293
294
295
297
300
301
302
303
304
306
307
308
310
313
314
317
318
319
320
322
323
324
325
328
329
330
333
334
335
336
337
339
340
341
346
347
348
349
352
353
354
355
356
357
360
361
362
363
364
365
367
368
369
370
371
372
377
378
379
381
382
383
385
386
387
388
390
391
392
393
395
396
397
401
402
403
404
406
407
408
409
410
411
412
413
414
415
416
420
423
424
425
427
428
429
430
432
433
434
439
440
441
442
444
445
446
447
448
449
450
451
452
453
454
455
456
460
463
464
465
468
469
470
473
474
475
476
478
479
480
481
482
483
484
485
486
487
488
489
490
491
492
493
494
495
496
499
502
503
504
505
506
510
511
512
513
514
515
519
520
521
524
525
526
527
529
530
531
532
533
536
537
538
539
540
541
542
543
544
545
546
547
548
549
550
551
552
553
554
555
558
561
562
563
564
565
566
567
568
572
573
574
575
576
577
578
581
584
585
586
587
588
589
590
591
592
593
594
595
598
599
600
601
602
603
604
605
606
607
608
609
610
611
612
613
617
620
621
622
625
626
627
630
631
632
633
634
635
636
637
641
642
643
644
646
647
648
649
650
651
652
653
654
655
657
661
662
663
666
667
668
669
670
671
672
673
674
675
676
677
680
681
684
685
686
689
690
691
694
695
696
697
699
700
702
703
704
706
709
710
711
713
715
716
718
719
720
722