1
2
3
4
5
6
7
8
9
10
11
12
13
14
15
16
17
18
19
20
21
22
23
24
25
26
27
28
29
30
32
33
34
35
36
37
38
39
40
41
42
43
44
45
46
47
48
49
51
52
53
54
55
56
58
59
60
62
63
64
65
68
69
70
72
75
76
77
79
82
83
84
86
87
88
89
90
91
92
93
94
95
96
97
98
103
104
107
108
109
111
112
113
114
115
116
117
118
119
120
121
122
123
128
129
130
133
134
135
138
139
142
143
146
147
148
151
152
153
154
155
157
158
159
161
164
165
168
169
172
173
176
177
180
181
184
185
188
189
190
192
195
196
199
200
201
202
204
205
207
208
209
210
212
213
214
215
217
218
219
223
224
227
228
229
230
232
233
234
235
237
238
239
240
242
243
244
248
249
252
253