1
2
3
4
5
6
7
8
9
10
11
12
13
14
15
16
17
18
19
20
21
22
23
24
25
26
27
29
31
33
34
35
36
37
38
39
40
41
42
43
44
45
46
47
48
49
50
51
52
53
55
56
57
58
59
60
61
62
63
64
65
66
67
68
69
70
71
73
74
75
76
77
78
79
81
83
84
87
88
90
98
99
100
102
104
105
106
107
108
109
110
111
113
114
115
116
118
119
122
123
124
125
126
127
128
129
130
131
132
133
134
137
138
139
140
141
142
143
144
145
146
150
151
152
153
154
156
159
160
161
162
164
165
166
167
169
170
171
173
174
175
178
179
182
183
186
187
190
191
192
195
196
199
200
201
203
206
207
208
209
213
214
217
218
220
221
222
224
225
226
227
229
230
231
232
235
236
237
238
240
241
242
245
247
248
252
253
254
255
256
257
258
260
261
262
263
264
265
266
269
272
273
274
275
276
277
280
281
284
285
286
287
288
292
293
294
295
296
299
302
303
304
305
306
307
308
309
310
311
312
316
317
318
319
320
323
326
327
328
331
332
333
334
335
336
337
338
339
340
341
344
345
347
350
351
352
353
354
355
357
358
359
360
361
362
364
366
369
370
373
374
377
378
381
382
383
384
385
386
387
389
390
391
392
393
394
395
396
397
398
399
400
402
403
405
406
407
408
409
410
414
415
418
419
420
423
425
426
427
429
430
431
432
434
435
436
437
438
439
440
441
442
443
444
446
447
450
451
452
453
454
455
457
458
459
461
462
466
467
468
469
470
473
474
477
478
481
482
483
485
486
487
488
489
490
491
492
493
494
495
496
497
498
499
501
502
506
507
510
511
514
515
516
517
518
519
520
521
522
523
524
528
529
530
531
532
533
534
535
539
540
541
542
543
544
545
546
550
551
552
553
554
555
556
560
561
562
563
564
565
567
568
569
570
571
575
576
577
578
579
580
581
582
584
585
587
588
589
590
591
592
593
594
596
597
599
600
601
602
603
604
605
606
607
608
609
611
612
614
617
618
619
620
621
622
623
625
626
628
632
633
634
635
636
637
638
639
642
643
645
648
649
650
651
652
656
659
660
663
664
667
668
671
672
675
676
679
680
683
684
687
688
691
692
693
694
696
697
698
699
701
702
703
704
705
706
707
708
709
710
711
713
714
715
716
717
718
719
720
721
722
725
726
729
732
733
734
735
736
737
738
739
740
741
742
743
744
745
746
747
748
751
754
755
756
757
758
759
760
761
762
763
764
765
766
767
768
769
770
773
776
777
778
780
781
782
783
785
786
787
788
789
790
791
792
794
795
797
798
799
800
801
802
803
804
805
808
809
810
811
814
817
818
819
821
822
823
826
827
828
831
832
833
836
837
838
841
842
845
846
849
850
853
854
857
858
861
862
863
866
867
868
871
872
873
874
875
876
877
878
879
880
881
883
884
885
886
887
888
889
890
891
894
895
899
900
901
902
903
904
905
906
908
911
912
913
914
915
916
917
918
920
923
924
925
926
927
928
929
930
934
935
936
937
938
939
941
942
943
944
946
947
948
949
951
952
953
956
957
958
959
960
961
963
964
965
966
968
969
970
971
973
974
975
979
980
981
982
983
984
985
988
989
990
991
992
993
994
995
998
999
1000
1001
1002
1003
1005
1006
1007
1008
1009
1010
1011
1012
1013
1014
1015
1016
1022
1024
1025
1028
1029
1030
1031
1032
1033
1034
1036
1037
1038
1039
1040
1041
1044
1045
1046
1047
1048
1049
1051
1052
1053
1057
1058
1059
1060
1061
1062
1063
1064
1065
1066
1067
1070
1071
1073
1074
1076
1077
1078
1079
1080
1081
1085
1086
1087
1089
1090
1091
1092
1093
1094
1095
1096
1097
1098
1099
1102
1103
1104
1107
1108
1111
1112
1113
1114
1117
1119
1120
1121
1123
1124
1125
1126
1127
1131
1132
1133
1134
1135
1136
1137
1141
1142
1143
1144
1146
1148
1149
1153
1154
1157
1158
1159
1162
1163
1164
1165
1166
1167
1168
1171
1174
1175
1176
1177
1178
1179
1180
1181
1182
1183
1184
1185
1186
1187
1188
1189
1190
1191
1193
1194
1195
1196
1197
1198
1199
1200
1202
1203
1204
1205
1206
1207
1208
1209
1210
1212
1213
1214
1215
1216
1217
1218
1221
1222
1223
1224
1225
1229
1230
1231
1232
1233
1235
1238
1239
1240
1241
1242
1243
1248
1249
1250
1251
1252
1253
1254
1256
1257
1260
1261
1264
1265
1266
1267
1269
1270
1271
1272
1273
1274
1275
1276
1277
1278
1279
1280
1281
1282
1283
1284
1285
1287
1288
1291
1294
1295
1296
1297
1300
1301
1302
1303
1304
1305
1306
1307
1308
1310
1311
1312
1313
1314
1315
1316
1317
1319
1320
1321
1322
1323
1324
1325
1326
1327
1328
1329
1330
1331
1332
1333
1334
1335
1336
1337
1338
1339
1340
1342
1343
1344
1348
1349
1351
1353
1354
1355
1356
1357
1358
1359
1360
1361
1362
1363
1364
1370
1371
1372
1373
1378
1379
1380
1381
1382
1383
1384
1386
1387
1388
1389
1390
1391
1392
1393
1395
1396
1397
1398
1399
1400
1401
1402
1403
1404
1405
1406
1408
1409
1410
1411
1412
1413
1414
1415
1416
1417
1418
1423
1424
1425
1429
1430
1431
1432
1434
1435
1437
1438
1439
1440
1442
1443
1444
1446
1447
1448
1450
1451
1453
1454
1455
1457
1458
1459
1460
1463
1464
1465
1467
1468
1470
1471
1474
1475
1476
1477
1478
1479
1481
1482
1483
1484
1485
1486
1488
1489
1490
1491
1494
1497
1498
1501
1502
1503
1504
1505
1508
1509
1510
1512
1515
1516
1517