1
2
3
4
5
6
7
8
9
10
11
12
13
14
15
16
17
18
19
20
21
22
23
24
25
26
27
28
29
30
31
32
33
34
35
36
38
39
40
41
42
43
44
45
46
47
48
49
50
51
52
53
54
55
56
57
58
60
61
62
63
64
65
66
67
68
69
70
71
72
73
74
75
76
77
78
79
80
81
82
83
84
85
87
88
89
90
91
92
93
95
97
99
101
102
104
105
106
107
111
112
113
114
115
117
118
119
120
121
122
125
126
127
128
130
131
133
134
136
137
138
139
140
141
142
143
144
145
146
147
151
152
153
154
155
156
158
159
160
161
162
164
165
167
170
171
172
174
176
180
181
184
185
186
187
188
189
194
195
196
197
198
199
200
201
202
203
207
208
209
210
211
212
213
214
215
218
221
222
223
225
226
227
228
229
230
231
234
235
237
238
239
241
243
245
246
247
248
250
251
252
253
254
255
256
257
258
259
260
261
264
265
266
268
269
270
273
274
275
276
280
281
282
283
284
287
288
289
293
296
297
298
299
302
303
304
305
306
307
308
309
311
315
318
319
320
321
323
324
327
330
331
332
333
334
335
338
339
340
343
344
347
350
351
352
353
356
357
358
359
362
363
364
366
367
370
373
374
375
376
377
378
381
382
383
386
387
390
393
394
395
396
399
400
401
402
405
406
407
410
411
412
413
414
415
417
420
421
422
423
424
427
428
429
430
431
433
434
435
436
437
438
439
440
441
442
443
446
449
450
451
452
453
454
455
457
458
461
463
464
465
467
468
469
470
471
472
473
474
475
476
477
478
479
480
481
482
483
485
490
491
494
495
496
497
498
499
500
502
504
505
508
509
510
511
514
515
518
519
520
521
522
523
525
526
529
532
533
534
536
537
538
539
541
542
545
546
547
551
554
555
556
558
559
560
561
564
565
566
568
569
571
572
575
576
577
581
584
585
586
588
590
591
592
594
596
597
600
601
602
605
606
607
608
609
610
611
613
614
615
616
617
618
619
620
623
625
626
627
628
631
634
635
636
637
638
639
640
641
645
648
649
650
651
652
653
654
655
656
657
659
660
662
663
664
665
668
671
672
673
674
675
676
677
678
679
680
681
682
683
686
687
688
689
691
695
696
697
698
699
700
701
702
703
704
705
706
707
708
709
710
711
712
713
714
715
716
719
720
721
724
725
726
727
728
730
733
734
735
736
737
738
739
740
741
742
743
744
746
747
749
750
752
755
756
757
760
761
762
763
764
765
766
769
770
771
772
775
776
777
778
781
782
783
784
787
788
789
790
793
794
795
797
798
799
800
802
803
806
807
808
812
815
816
817
818
819
820
822
823
825
826
827
828
832
835
836
837
838
839
841
842
843
844
845
846
847
849
852
853
854
857
858
859
860
861
862
863
865
866
867
868
870
871
874
876
877
880
882
883
884
887
888
891
894
895
896
898
899
902
903
904
905
906
907
908
909
910
911
912
913
915
916
919
922
923
924
926
927
929
930
933
934
937
938
941
942
943
947
948
949
950
953
954
955
956
958
961
962
963
964
965
966
967
968
969
970
971
973
974
977
980
981
982
983
984
986
987
988
991
992
993
995
997
998
1001
1004
1007
1008
1009
1011
1012
1013
1014
1016
1017
1018
1019
1020
1023
1024
1027
1028
1032
1035
1036
1037
1038
1039
1042
1043
1044
1045
1046
1049
1050
1051
1055
1056
1059
1060
1063
1064
1067
1068
1069
1070
1072
1074
1075
1076
1077
1079
1080
1081
1082
1083
1085
1086
1087
1088
1091
1092
1095
1096
1097
1098
1099
1103
1104
1105
1106
1109
1112
1113
1114
1115
1117
1119
1120
1121
1123
1124
1125
1127
1128
1129
1130
1131
1134
1137
1140
1141
1144
1145
1147
1149
1152
1153
1155
1156
1157
1159
1160
1162
1163
1166
1167
1169
1171
1174
1175
1176
1178
1180
1181
1182
1183
1186
1187
1188
1190
1192
1193
1194
1195
1196
1199
1200
1201
1202
1203
1204
1205
1206
1207
1209
1211
1212
1213
1214
1215
1216
1217
1218
1219
1220
1222
1223
1224
1225
1226
1227
1228
1232
1233
1234
1235
1236
1237
1239
1240
1241
1242
1243
1244
1245
1246
1247
1250
1251
1252
1253
1254
1255
1256
1257
1258
1259
1260
1261
1262
1263
1264
1265
1266
1267
1268
1269
1271
1272
1273
1274
1275
1276
1277
1278
1279
1280
1281
1282
1283
1287
1288
1289
1290
1291
1292
1293
1294
1295
1296
1299
1300
1304
1307
1308
1309
1310
1311
1312
1314
1315
1316
1317
1318
1319
1320
1321
1323
1327
1328
1329
1330
1331
1332
1336
1337
1338
1339
1340
1341
1343
1346
1347
1348
1349
1350
1351
1352
1353
1355
1356
1357
1358
1359
1360
1361
1366
1367
1368
1371
1374
1375
1376
1377
1378
1379
1380
1381
1382
1383
1385
1386
1387
1389
1390
1391
1392
1393
1394
1395
1396
1397
1398
1399
1402
1403
1404
1405
1407
1408
1410
1411
1412
1415
1418
1419
1420
1421
1422
1423
1424
1425
1426
1427
1428
1429
1430
1431
1433
1437
1438
1439
1440
1441
1442
1444
1445
1446
1447
1448
1449
1450
1451
1452
1453
1454
1455
1456
1458
1459
1462
1465
1466
1469
1470
1473
1474
1476
1477
1478
1480
1481
1482
1485
1486
1489
1490
1491
1492
1494
1495
1496
1499
1500
1501
1502
1505
1507
1508
1509
1511
1512
1513
1514
1515
1518
1519
1520
1521
1524
1525
1526
1528
1529
1530
1531
1532
1533
1534
1535
1537
1538
1539
1540
1541
1542
1543
1544
1545
1546
1547
1548
1549
1550
1551
1553
1554
1555
1556
1557
1558
1559
1560
1561
1565
1567
1568
1569
1570
1571
1574
1577
1578
1579
1580
1581
1583
1584
1585
1586
1587
1589
1590
1591
1592
1593
1594
1595
1596
1597
1598
1602
1605
1606
1607
1608
1609
1610
1611
1612
1613
1614
1615
1617
1618
1619
1621
1622
1623
1624
1625
1626
1627
1628
1632
1633
1634
1635
1636
1637
1638
1639
1640
1642
1643
1646
1649
1652
1653
1654
1655
1656
1657
1658
1659
1660
1661
1662
1663
1664
1665
1666
1670
1671
1672
1675
1676
1679
1680
1681
1682
1683
1685
1688
1689
1692
1693
1694
1695
1696
1697
1698
1699
1700
1703
1706
1707
1708
1709
1710
1711
1712
1713
1716
1717
1718
1719
1720
1721
1722
1724
1725
1726
1727
1728
1729
1730
1731
1733
1734
1736
1737
1738
1739
1742
1745
1746
1747
1748
1749
1750
1751
1752
1753
1754
1758
1759
1761
1762
1764
1765
1766
1767
1768
1772
1773
1774
1775
1776
1778
1779
1780
1782
1783
1784
1785
1786
1787
1788
1789
1791
1792
1793
1796
1797
1798
1800
1803
1804
1805
1808
1809
1811
1812
1813
1817
1818
1819
1820
1822
1823
1825
1826
1827
1828
1831
1832
1835
1836
1839
1840
1841
1842
1844
1847
1848
1849
1850
1851
1852
1853
1854
1855
1856
1857
1858
1861
1862
1863
1864
1868
1869
1872
1873
1874
1875
1876
1877
1878
1879
1880
1882
1883
1884
1885
1886
1887
1888
1889
1890
1891
1892
1893
1894
1895
1900
1901
1902
1903
1905
1907
1910
1911
1913
1915
1916
1919
1922
1923
1925
1927
1928
1931
1934
1936
1937
1938
1939
1941
1942
1943
1944
1945
1947
1948
1949
1950
1952
1953