1
2
3
4
5
6
7
8
9
10
11
12
13
14
15
16
17
18
19
20
21
22
23
24
25
26
27
28
30
31
32
33
34
35
36
37
38
39
40
41
43
44
45
46
47
48
50
51
52
53
54
55
56
57
58
59
60
61
62
63
64
65
66
67
68
69
71
72
73
74
75
77
78
79
83
85
86
87
89
90
91
92
94
97
98
99
102
103
106
107
108
110
111
112
113
115
117
118
120
122
123
124
125
126
127
128
130
131
132
133
134
135
136
137
138
139
142
143
144
145
146
147
148
149
150
151
152
153
154
155
159
160
161
162
163
165
166
167
168
169
170
171
172
173
174
175
176
177
178
180
181
182
183
184
185
186
187
188
189
191
194
195
196
197
198
200
201
202
203
204
205
206
207
208
210
211
213
214
217
218
219
220
221
222
223
224
225
226
227
228
230
233
234
235
236
237
239
242
243
244
245
246
247
248
249
251
252
254
255
256
257
258
260
262
263
264
265
266
267
271
272
273
274
275
276
277
279
280
281
282
283
284
286
287
288
289
290
292
293
294
296
297
298
299
300
301
302
303
308
309
310
311
313
314
317
318
319
320
321
322
324
325
326
327
331
332
333
334
336
339
340
343
344
345
347
348
349
350
351
352
353
355
356
357
358
359
362
363
364
366
367
369
370
371
372
375
376
377
378
381
382
383
384
385
386
388
389
390
392
393
394
395
396
397
398
399
400
401
403
404
405
406
408
409
410
411
412
414
415
416
418
419
420
421
422
423
425
428
429
430
431
432
433
437
438
439
441
442
443
444
445
447
448
451
452
453
454
455
457
458
459
460
462
463
464
466
467
470
471
472
473
476
477
478
479
480
481
482
483
485
486
489
490
491
492
493
494
495
499
500
501
502
503
504
505
506
507
508
509
510
511
513
515
516
517
521
522
523
527
528
529
530
533
534
535
536
537
538
539
540
541
542
547
548
549
550
551
552
553
555
558
559
560
561
562
563
565
566
568
571
572
573
574
575
576
578
579
580
581
582
585
588
589
590
591
593
594
595
597
598
599
600
601
602
605
608
609
610
613
614
615
616
619
620
621
622
625
626
628