1
3
4
5
6
7
8
9
10
11
12
13
14
15
16
17
18
19
20
21
22
24
25
26
27
28
29
30
31
32
34
37
38
39
40
41
42
43
44
46
49
50
51
52
53
55
58
59
60
61
62
64
67
68
69
70
71
73
76
77
78
79
80
82
85
86
88
89
90
91
92
93
94
96
99
100
101
103
104
106
107
109
110
113
114
116
119
120
121
122
124
125
126
127
128
130
131
133
134
135
137
140
141
142
143
144
146
147
148
149
150
154
157
158
159
161
162
163
164
165
166
168
169
170
174
175
178
181
182
183
185
186
187
189
190
192
193
195
196
197
198
201
202
203
204
208
211
213
215
217
218
221
223
224
227
229
230
233
235
236
240
241
244
245
247
249
250
251
254
257
258
259
260
264
265
266
270
271
272
276
277
278
282
284
285
287
289
290
291
294
297
298
300
302
303
304
307
310
311
312
314
316
317
319
320
321
324
325
326
327
328
332
333
334
335
338
341
342
345
346
347
348
349
350
351
352
353
354
355
356
357
358
359
360
361
362
363
364
365
366
367
368
369
370
371
372
373
374
375
376
377
380
383
384
387
388
391
392
395
396
399
400
403
404
405
408
410
411
414
417
418
421
422
423
426
429
430
431
432
435
438
439
440
442
443
446
449
450
452
453
454
455
456
457
458
459
461
462
463
464
465
466
467
470
471
472
473
477