1
2
3
4
5
6
7
8
9
10
11
12
13
14
15
16
17
18
19
20
21
22
23
24
25
26
27
28
29
30
31
32
33
35
38
39
40
41
42
43
44
45
46
47
48
49
50
51
52
53
54
55
56
58
59
61
62
63
64
65
66
68
69
70
71
72
73
74
76
78
80
83
84
85
86
87
88
89
90
92
95
96
97
100
101
102
104
105
106
109
112
115
116
119
120
122
123
127
128
129
130
132
133
134
137
140
141
143
145
147
148
149
153
156
157
159
161
162
163
167
170
172
173
174
175
176
177
178
179
180
181
183
184
185
186
187
188
192
194
195
198
199
201
202
203
204
205
206
207
208
211
212
213
214
215
217
220
221
222
224
225
227
229
230
231
232
233
234
235
236
237
238
241
242
243
246
247
248
251
252
253
254
255
258
259
260
263
264
265
270
271
272
273
276
279
280
281
282
283
286
287
288
291
292
293
296
297
298
301
302
303
306
307
308
311
312
313
317
318
319
320
321
322
323
325
327
330
331
333
335
338
339
341
343
346
347
349
351
354
355
357
359
362
363
364
368
369
370
371
373
374
376
379
380
381
382
385
386
387
388
391
392
393
396
397
398
401
402
403
405
406
407
408
409
410
411
413
414
417
420
421
423
425
426
427
428
431
434
435
437
439
440
441
444
447
448
449
452
453
454
457
458
459
461
462
463
467
470
471
473
476
477
480
481
484
485
486
487
488
491
492
493
494
495
497
498
499
500
502
505
506
507
508
509
511
512
513
514
516
519
520
521
522
523
525
527
528
529
531
532
533
534
535
536
539
540
543
544
545
547
548
549
550
551
555
556
557
560
561
562
565
566
567
570
573
574
575
578
579
581
583
584
587
590
591
592
595
596
597
598
601
603
605
606
607
608
611
614
615
616
617
620
622
624
625
626
627
630
631
634
635
636
637
638
639
640
642
643
644
645
648
649
650
651
652
653
654
655
656
657
659
661
664
667
668
669
671
672
674
675
676
677
681
682
684
685
686
687
690
692
693
694
695
696
697
698
701
702
703
704
705
706
707
709
711
712
713
714
716
718
721
722
723
724
727
728
729
731
733
737
738
739
740
741
743
744
746