1
2
3
4
5
6
7
8
9
10
11
12
13
14
15
16
17
18
19
20
21
22
23
24
25
26
28
29
30
31
32
33
34
35
37
38
39
40
41
42
43
44
46
47
48
49
50
53
54
55
56
57
60
61
62
63
64
67
68
69
70
71
75
76
79
80
83
84
87
89
90
91
92
93
96
97
98
99
100
101
105
106
109
110
113
114
117
118
121
122
125
126
129
130
133
134
137
139
140
143
144
147
148
151
152
155
156
159
160
163
164
167
169
170
173
174
177
178
181
182
185
186
187
190
191
192
195
196
199
200
203
204
207
208
211
212
213
216
217
218
219
220
221
223
224
227
228
231
232
233
234
236
237
239
240
245
246
247
248
250
251
254
255
256
259
260
263
264
265
267
268
271
272
273
276
277
280
281
282
284
285
288
289
290
293
294
297
298
299
301
302
305
306
307
310
311
315
316
317
318
320
321
324
325
326
329
330
333
334
335
337
338
341
342
343
346
347
350
351
352
354
355
358
359
360
363
364
368
369
370
371
373
374
377
378
379
382
383
386
387
388
390
391
394
395
396
399
400
404
405
406
407
409
410
413
414
415
418
419
423
424
425
426
428
429
432
433
434
438
439
440
442
443
446
447
448
449
450
451
452
453
458
459
460
462
463
466
467
468
469
470
471
472
473
474
475
480
481
482
484
485
488
489
490
491
492
493
494
495
496
497
498
499
504
505
506
507
509
510
513
514
515
518
519
520
524
525
526
528
529
532
533
534
535
536
537
538
539
544
545
546
548
549
552
553
554
555
556
557
558
564
565
566
567
569
570
573
574
575
579
580
581
583
584
587
588
589
590
591
592
593
594
600
601
602
603
605
606
609
610
611
615
616
617
618
620
621
623
624
627
628
630
631
632
633
634
635
636
638
639
640
642
643
644
646
647
648
651
652
657
658
659
660
662
663
665
666
669
670
671
674
675
678
679
680
682
683
686
687
688
691
692
695
696
697
699
700
703
704
705
708
709
712
713
714
716
717
720
721
722
725
726
730
731
732
733
735
736
738
739
742
743
744
747
748
751
752
753
755
756
759
760
761
764
765
768
769
770
772
773
776
777
778
781
782
786
787
788
789
791
792
795
796
797
800
801
804
805
806
808
809
812
813
814
817
818
822
823
824
825
827
828
831
832
833
836
837
841
842
843
844
846
847
849
850
853
854
855
857
858
859
863
864
865
867
868
871
872
873
874
875
876
877
878
879
884
885
886
888
889
892
893
894
895
896
897
898
899
900
901
902
907
908
909
911
912
915
916
917
918
919
920
921
922
923
924
925
926
932
933
934
935
937
938
940
941
944
945
946
949
950
951
955
956
957
959
960
963
964
965
966
967
968
969
970
975
976
977
979
980
983
984
985
986
987
988
989
990
991
992
998
999
1000
1001
1003
1004
1007
1008
1009
1012
1013
1014
1018
1019
1020
1022
1023
1026
1027
1028
1029
1030
1031
1032
1033
1039
1040
1041
1042
1044
1045
1048
1049
1050
1053
1054
1055