1
2
3
4
5
6
7
8
9
10
11
12
13
14
15
16
17
18
19
20
21
22
23
24
25
26
27
28
29
30
31
32
33
34
35
36
37
38
39
40
41
42
43
45
46
48
49
50
51
53
54
55
56
57
58
59
60
61
62
63
64
65
66
67
68
69
70
71
72
73
74
75
77
78
79
80
81
82
84
85
86
89
90
91
92
93
94
95
99
102
103
104
106
108
110
112
113
114
115
119
120
121
122
126
127
128
129
133
134
135
136
140
141
142
143
147
148
151
154
155
156
159
160
161
162
163
165
166
169
170
171
172
174
175
178
180
182
184
185
187
188
190
191
192
195
196
197
198
202
205
206
207
208
209
210
211
212
215
218
219
220
221
223
225
228
229
231
232
233
234
235
236
237
238
239
240
241
242
243
244
247
250
251
252
253
255
256
257
258
259
260
261
262
263
264
265
266
267
268
271
274
275
276
277
279
280
281
282
285
288
289
290
291
292
293
294
295
299
300
301
302
303
306
307
308
311
312
313
315
316
319
320
323
324
325
328
329
330
332
333
334
336
337
338
341
342
343
345
346
347
349
350
351
354
355
356
357
358
359
360
361
362
363
364
366
367
368
369
370
371
372
376
377
378
379
380
381
382
383
384
385
386
387
389
390
391
393
394
395
396
397
401
402
403
404
405
406
407
408
409
411
413
416
417
418
419
420
421
423
424
425
426
429
430
431
434
435
436
437
438
439
441
442
443
444
445
446
449
450
451
454
455
456
457
458
459
460
461
462
465
468
469
470
473
474
475
478
479
480
481
483
484
485
486
490
491
492
493
494
495
499
500
503
506
507
508
511
512
513
514
515
517
520
521
522
524
527
528
529
531
534
535
536
537
539
540
541
544
547
550
551
552
554
556
559
560
561
564
565
566
569
570
571
574
575
576
577
578
579
580
582
583
584
585
586
587
591
592
593
596
597
598
601
602
603
605
606
609
612
613
614
616
617
620
623
624
625
628
629
630
633
634
635
637
638
641
644
645
646
648
649
652
655
656
657
660
661
662
664
665
666
667
670
673
674
675
678
679
680
683
684
685
686
688
689
692
693
696
697
698
699
701
702
705
706
709
710
711
714
715
716
719
720
721
724
725
726
729
730
731
734
735
736
738
739
740
741
742
743
745
746
747
748
749
750
753
755
757
758
759
760
761
762
763
765
766
768
771
772
773
774
775
778
779
780
781
784
785
787
789
790
791
792
793
794
798
799
800
801
802
804
805
810
811
812
813
814
815
816
818
819
822
825
826
827
828
829
831
832
835
838
839
840
841
842
843
844
846
847
850
853
854
855
856
857
859
860
863
866
867
868
871
872
873
876
877
878
882
883
884
887
888
889
890
893
895
896
897
898
899
900
901
904
907
908
909
910
912
913
914
915
916
917
918
919
920
922
923
924
925
926
927
929
930
931
932
933
934
935
938
939
942
945
946
947
949
950
951
952
953
955
956
957
958
962
963
964
965
966
967
968
970
973
974
975
976
977
978
979
980
981
982
985
986
987
989
990
991
994
995
998
999
1000
1002
1005
1006
1007
1010
1011
1012
1013
1014
1017
1020
1021
1023
1025
1027
1030
1031
1032
1035
1036
1037
1040
1041
1042
1043
1044
1046
1047
1049
1050
1051
1053
1054
1055
1056
1057
1058
1059
1061
1062
1063
1064
1065
1066
1069
1070
1071
1073
1075
1078
1079
1082
1083
1084
1085
1086
1087
1088
1089
1090
1091
1097
1098
1099
1100
1101
1102
1108
1109
1110
1111
1114
1115
1116
1118
1119
1122
1125
1126
1127
1128
1129
1130
1131
1132
1133
1134
1138
1139
1140
1141
1144
1145
1146
1149
1150
1151
1152
1153
1154
1155
1159
1160
1161
1164
1165
1166
1169
1170
1171
1172
1173
1177
1178
1179
1182
1183
1184
1187
1188
1190
1192
1193
1194
1197
1198
1199
1201
1202
1203
1204
1205
1206
1207
1208
1213
1214
1217
1218
1219
1223
1224
1225
1229
1230
1231
1233
1234
1235
1236
1238
1241
1242
1243
1244
1245
1246
1247
1248
1250
1253
1254
1255
1256
1257
1258
1259
1260
1261
1264
1266
1269
1270
1271
1272
1274
1275
1277
1278
1279
1280
1281
1284
1285
1286
1289
1292
1293
1294
1297
1298
1299
1302
1303
1304
1307
1308
1309
1311
1312
1313
1314
1315
1316
1317
1318
1320
1323
1324
1325
1329
1330
1331
1334
1335
1336
1339
1340
1341
1344
1345
1346
1347
1349
1350
1351
1352
1353
1355
1357
1358
1359
1362
1365
1366
1367
1369
1370
1371
1372
1373
1374
1375
1376
1377
1380
1381
1382
1383
1384
1385
1386
1387
1388
1389
1392
1394
1395
1396
1397
1398
1399
1400
1403
1404
1405
1406
1407
1408
1409
1410
1411
1412
1413
1414
1415
1416
1417
1418
1419
1420
1421
1422
1423
1424
1425
1426
1427
1428
1429
1430
1431
1432
1433
1434
1435
1436
1437
1438
1439
1440
1441
1442
1443
1444
1445
1446
1447
1448
1449
1450
1451
1452
1453
1454
1455
1456
1457
1458
1459
1460
1461
1462
1463
1464
1465
1469
1470
1471
1472
1473
1474
1475
1477
1478
1479
1480
1481
1484
1486
1487
1489
1490
1491
1492
1493
1494
1495
1496
1497
1499
1500
1501
1505
1506
1509
1512
1513
1514
1517
1518
1519
1522
1523
1524
1527
1528
1529
1532
1533
1534
1535
1536
1537
1538
1539
1540
1543
1544
1545
1548
1549
1550
1551
1554
1555
1556
1557
1558
1559
1560
1562
1563
1564
1565
1567
1568
1569
1570
1571
1575
1576
1577
1579
1580
1581
1582
1583
1585
1586
1587
1590
1591
1594
1595
1596
1598
1601
1602
1603
1605
1606
1607
1608
1610
1612
1615
1616
1617
1618
1621
1622
1623
1624
1625
1629
1631
1632
1633
1634
1635
1636
1637
1638
1641
1643
1644
1645
1646
1647
1648
1650
1651
1652
1653
1656
1657
1660
1662
1663
1666
1667
1668
1669
1672
1673
1674
1675
1678
1679
1680
1681
1684
1685
1686
1687
1688
1689
1690
1691
1692
1693
1694
1698
1699
1700
1701
1702
1704
1707
1708
1709
1712
1713
1714
1715
1718
1719
1720
1722
1723
1724
1727
1728
1729
1732
1733
1734
1737
1738
1739
1742
1743
1744
1747
1748
1749
1752
1753
1754
1757
1758
1759
1762
1763
1764
1767
1768
1769
1772
1773
1774
1777
1778
1779
1782
1783
1784
1787
1788
1789
1792
1793
1794
1797
1798
1799
1802
1803
1804
1807
1808
1809
1812
1813
1814
1817
1818
1819
1822
1823
1824
1827
1828
1829
1832
1833
1834
1837
1838
1839
1842
1843
1844
1847
1848
1849
1852
1853
1854
1857
1858
1859
1862
1863
1864
1867
1868
1869
1871
1872
1873
1876
1877
1878
1881
1882
1883
1886
1887
1888
1891
1892
1893
1896
1897
1898
1901
1902
1903
1906
1907
1908
1911
1912
1913
1916
1917
1918
1921
1922
1923
1926
1927
1928
1931
1932
1933
1936
1937
1938
1940
1941
1942
1944
1945
1946
1948
1949
1950
1953
1954
1955
1958
1959
1960
1963
1964
1965
1967
1968
1969
1971
1972
1973
1975
1976
1977
1979
1980
1981
1984
1985
1986
1988
1989
1990
1992
1993
1994
1996
1997
1998
2000
2001
2002
2005
2006
2007
2010
2011
2012
2015
2016
2017
2020
2021
2022
2025
2026
2027
2030
2031
2032
2035
2036
2037
2040
2041
2042
2045
2046
2047
2050
2051
2052