1
2
3
4
5
6
7
8
9
10
11
12
13
14
15
16
17
18
19
20
21
22
23
24
25
26
27
28
29
30
31
32
33
34
35
36
37
38
40
41
42
43
44
45
46
47
48
50
51
52
53
54
55
56
57
58
59
60
61
62
63
64
66
67
69
70
71
72
73
74
75
76
77
79
80
82
83
85
86
87
88
89
90
91
92
94
95
97
99
100
101
102
103
104
105
106
110
111
112
113
114
115
118
119
120
121
124
125
126
129
130
131
132
133
136
137
139
140
141
142
146
147
149
151
152
154
155
156
158
159
160
161
162
164
165
166
167
168
169
170
171
172
173
175
176
178
179
183
184
185
188
189
190
191
192
193
194
195
196
197
200
201
202
205
206
209
210
211
214
215
216
217
218
219
221
225
226
228
229
231
233
235
237
240
241
244
245
248
249
252
253
256
257
260
261
264
265
268
269
272
273
274
275
278
279
280
283
284
285
286
287
290
292
293
294
296
299
300
301
304
305
306
307
310
311
312
313
316
317
318
319
321
322
323
326
327
328
329
331
332
333
334
335
336
339
340
343
344
345
348
349
350
353
354
355
358
359
360
361
362
363
364
365
368
369
370
371
372
373
376
379
380
381
382
385
388
389
390
391
394
397
398
399
400
403
406
407
408
409
412
415
416
418
419
420
421
422
424
425
426
427
430
433
434
435
436
438
440
443
444
445
446
447
449
451
452
455
456
458
460
461
462
464
465
466
468
471
472
474
475
476
478
479
480
482
485
486
487
488
489
490
491
495
496
498
500
503
504
505
506
509
510
511
512
513
516
517
518
519
520
522
524
525
526
527
528
531
532
533
535
538
539
540
541
544
545
546
547
550
553
554
555
556
557
558
560
563
564
565
567
568
569
570
572
573
576
577
578
579
582
583
584
587
588
589
590
591
592
595
597
600
601
602
603
604
607
608
609
610
611
612
613
614
617
618
619
622
623
624
627
628
629
630
631
632
633
637
640
641
642
645
646
647
648
649
650
653
654
657
658
659
662
663
664
667
668
669
672
673
674
677
678
679
682
683
684
687
688
689
692
693
694
697
698
699
700
702
704
705
708
709
710
712
715
716
717
720
721
722
723
724
725
726
729
730
733
735
737
738
739
741
742
743
744
745
746
747
748
753
756
757
760
761
764
765
768
769
770
771
772
775
776
777
778
779
782
783
784
785
786
787
788
789
791
792
793
794
795
796
797
798
799
800
801
803
804
805
807
808
809
812
814
815
816
818
819
820
821
824
825
826
827
828
829
830
831
832
833
835
836
837
838
841
844
845
846
849
851
852
853
854
855
858
859
860
861
862
863
866
867
868
869
872
873
874
875
876
879
880
881
882
884
885
886
887
888
889
890
892
893
894
896
897
898
899
900
901
902
904
905
906
907
908
911
912
914
915
917
918
921
923
926
927
928
930
931
933
934
935
937
938
939
940
941
942
943
944
945
946
949
950
952
954
957
958
959
962
963
964
965
967
970
971
972
975
976
977
980
981
982
983
984
985
986
987
988
989
990
991
992
993
994
995
996
997
998
999
1003
1004
1006
1008
1009
1010
1011
1013
1014
1015
1016
1018
1019
1021
1022
1023
1024
1025
1026
1027
1028
1029
1030
1031
1032
1033
1034
1035
1036
1038
1039
1041
1043
1044
1045
1046
1047
1049
1050
1051
1054
1055
1056
1059
1062
1065
1066
1067
1068
1072
1073
1075
1077
1078
1079
1080
1082
1083
1084
1085
1086
1087
1088
1091
1092
1093
1095
1096
1097
1098
1100
1101
1102
1103
1104
1106
1107
1111
1112
1115
1116
1118
1119
1120
1121
1122
1123
1125
1126
1127
1128
1129
1130
1131
1134
1135
1138
1139
1143
1145
1146
1147
1148
1149
1152
1153
1154
1156
1160
1161
1162
1163
1164
1168
1169
1170
1171
1173
1174
1175
1176
1177
1179
1180
1181
1182
1183
1184
1187
1189
1190
1191
1192
1193
1195
1196
1197
1198
1201
1202
1204
1205
1207
1208
1211
1212
1215
1216
1217
1218
1220
1221
1222
1223
1224
1225
1226
1227
1229
1230
1231
1233
1234
1238
1239