1
2
3
4
5
6
7
8
9
10
11
12
13
14
15
16
17
18
19
20
21
22
23
24
25
26
27
28
29
30
31
32
33
34
35
36
37
38
40
42
43
44
45
46
47
48
49
50
51
52
54
55
57
58
59
60
61
62
63
64
65
66
67
68
69
70
71
72
73
74
75
76
77
78
79
80
82
83
84
86
87
88
89
90
91
92
93
94
95
97
98
99
101
102
104
105
106
107
111
112
114
117
118
119
123
124
125
128
129
132
133
136
137
138
139
140
141
143
144
145
146
148
151
152
153
154
155
156
159
160
161
164
165
166
167
170
171
172
173
176
177
178
179
180
183
184
185
186
187
188
189
190
193
194
197
198
201
202
205
206
207
208
209
212
213
216
217
218
219
220
221
222
223
226
227
230
231
234
235
236
238
241
242
243
244
245
248
249
252
254
255
257
258
260
261
262
264
265
266
267
268
269
270
273
274
275
276
277
278
279
282
283
284
285
286
287
288
289
290
293
294
295
296
297
298
301
302
303
304
305
306
309
310
311
314
315
316
319
320
321
322
323
326
327
330
331
332
333
334
335
338
339
340
343
344
347
348
349
350
351
354
355
356
357
360
361
362
363
364
367
368
369
370
371
372
373
375
376
379
380
381
385
386
387
390
391
395
396
397
398
399
402
403
406
407
408
409
412
413
416
417
420
421
422
423
424
427
428
431
432
433
434
435
436
437
440
441
442
443
444
446
447
448
449
452
455
456
457
458
459
460
461
463
464
468
469
470
471
472
473
474
475
476
477
478
482
483
484
485
487
488
489
490
491
492
493
494
495
496
497
498
499
500
501
505
506
507
508
509
510
511
512
513
514
516
519
520
521
522
523
524
527
528
529
530
531
532
535
536
538
539
540
541
542
546
547
548
549
551
553
554
555
558
559
560
563
564
565
566
567
569
570
571
572
576
577
578
579
580
581
583
584
586
588
591
592
593
594
595
596
597
600
601
602
603
604
605
606
608
609
610
611
613
616
617
618
619
620
621
623
625
627
628
629
630
631
634
637
638
639
640
641
642
643
644
645
648
650
654
655
656
657
658
659
660
663
666
667
668
669
670
671
672
674
675
676
677
678
679
680
681
683
684
685
689
690
691
692
693
694
695
696
697
698
699
700
701
702
703
704
707
709
712
713
714
715
716
718
720
721
722
723
726
728
731
732
734
736
737
738
740
743
744
745
746
747
748
750
753
754
757
758
759
760
761
764
765
768
769
772
773
776
777
778
779
780
781
782
783
784
785
786
787
788
792
793
794
795
796
797
799
800
801
802
805
808
809
810
811
812
813
815
817
818
819
820
823
826
827
828
829
830
832
834
835
836
837
840
841
842
843
844
845
847
848
850
851
852
853
854
855
856
857
858
859
862
864
865
866
867
868
869
870
871
873
874
875
876
877
879
880
881
885
886
890
891
892
893
894
896
898
899
900
901
902
903
904
905
906
907
909
910
911
915
918
919
920
921
922
924
925
926
927
930
931
932
935
936
937
938
939
940
943
944
945
947
950
951
952
954
955
957
959
962
963
964
966
969
970
971
973
975
976
978
979
980
981
983
985
988
989
990
992
995
996
997
998
999
1000
1001
1002
1003
1004
1007
1008
1009
1010
1011
1012
1013
1014
1015
1018
1019
1020
1021
1022
1023
1025
1026
1028
1029
1030
1031
1032
1033
1034
1035
1036
1037
1039
1040
1041
1043
1044
1047
1050
1051
1052
1053
1054
1056
1057
1058
1059
1062
1063
1064
1065
1066
1067
1068
1069
1070
1071
1073
1075
1078
1079
1082
1083
1084
1085
1086
1087
1090
1091
1092
1093
1094
1095
1097
1098
1100
1103
1105
1108
1109
1110
1111
1112
1113
1115
1116
1117
1120
1121
1124
1125
1126
1127
1128
1129
1132
1133
1134
1135
1136
1137
1138
1139
1140
1142
1143
1144
1145
1146
1149
1152
1154
1157
1158
1159
1160
1161
1162
1163
1166
1169
1170
1171
1173
1176
1177
1178
1179
1180
1181
1183
1185
1186
1187
1188
1189
1193
1194
1195
1196
1197
1198
1201
1202
1203
1204
1205
1206
1207
1208
1210
1211
1212
1213
1217
1218
1219
1221
1223
1224
1225
1226
1229
1230
1231
1234
1235
1236
1238
1242
1243
1244
1245
1246
1247
1248
1249
1250
1251
1252
1254
1255
1256
1257
1258
1259
1260
1261
1263
1264
1265
1267
1268
1269
1272
1273
1274
1276
1279
1280
1281
1282
1284
1286
1287
1288
1289
1290
1293
1296
1297
1298
1300
1303
1304
1305
1306
1307
1308
1311
1312
1313
1314
1315
1316
1317
1320
1321
1322
1323
1324
1325
1326
1327
1328
1329
1330
1331
1332
1336
1337
1338
1339
1340
1341
1342
1343
1346
1347
1348
1351
1352
1353
1354
1356
1359
1360
1361
1362
1363
1366
1367
1368
1371
1372
1373
1374
1377
1378
1379
1380
1381
1382
1383
1384
1385
1386
1387
1388
1392
1393
1394
1395
1396
1397
1398
1399
1400
1401
1402
1403
1405
1408
1409
1410
1411
1412
1413
1414
1415
1416
1417
1419
1422
1423
1424
1425
1426
1427
1428
1429
1430
1431
1434
1435
1436
1437
1438
1441
1442
1443
1444
1445
1446
1449
1450
1451
1452
1453
1454
1456
1458
1461
1462
1463
1465
1468
1469
1470
1471
1472
1473
1474
1475
1476
1477
1479
1480
1482
1483
1484
1486
1487
1489
1491
1492
1494
1497
1498
1499
1500
1501
1502
1503
1504
1506
1507
1508
1509
1510
1514
1515
1516
1517
1518
1519
1520
1521
1522
1523
1524
1525
1526
1530
1531
1532
1533
1534
1535
1536
1539
1540
1541
1542
1543
1544
1545
1546
1547
1548
1551
1554
1555
1556
1557
1558
1559
1560
1561
1562
1563
1564
1565
1566
1570
1571
1572
1573
1574
1575
1576
1579
1580
1581
1582
1583
1584
1585
1586
1587
1588
1591
1594
1595
1596
1597
1598
1599
1601
1602
1603
1604
1606
1609
1610
1611
1614
1615
1617
1618
1619
1620
1622
1623
1624
1626
1627
1629
1630
1631
1632
1633
1634
1638
1639
1640
1641
1643
1646
1647
1648
1649
1650
1651
1654
1655
1656
1657
1658
1659
1660
1662
1663
1665
1668
1669
1670
1673
1674
1675
1676
1677
1679
1680
1681
1682
1683
1686
1689
1690
1691
1694
1695
1697
1698
1699
1702
1703
1704
1705
1706
1710
1711
1712
1713
1714
1715
1716
1718
1719
1721
1722
1723
1724
1725
1726
1727
1730
1731
1732
1733
1736
1737
1738
1739
1740
1741
1742
1743
1744
1745
1746
1748
1749
1753
1755
1756
1757
1760
1761
1762
1764
1767
1768
1769
1772
1773
1774
1775
1776
1779
1780
1781
1782
1784
1785
1788
1791
1792
1793
1794
1796
1798
1799
1801
1803
1804
1805
1806
1807
1808
1809
1810
1811
1812
1815
1816
1817
1818
1819
1820
1825
1828
1829
1830
1832
1834
1835
1836
1838
1839
1841
1842
1845
1846
1847
1848
1849
1850
1852
1854
1855
1856
1857
1858
1861
1862
1863
1864
1865
1866
1867
1868
1870
1871
1872
1877
1880
1881
1884
1885
1886
1890
1891
1892
1893
1894
1895
1896
1897
1899
1900
1901
1902
1903
1905
1907
1910
1911
1912
1915
1916
1917
1920
1921
1922
1925
1926
1927
1928
1929
1930
1931
1932
1934
1935
1936
1938
1940
1943
1945
1947
1948
1949
1950
1951
1955
1957
1958
1961
1962
1963
1967
1970
1971
1972
1973
1974
1975
1978
1979
1980
1981
1982
1983
1985
1986
1987
1989
1990
1991
1992
1993
1994
1997
1998
2001
2002
2004
2005
2006
2009
2010
2011
2012
2013
2014
2015
2016
2019
2020
2021
2022
2023
2026
2027
2028
2029
2030
2031
2034
2035
2036
2037
2038
2039
2041
2042
2043
2044
2045
2046
2047
2048
2049
2050
2051
2055
2056
2059
2060
2061
2062
2065
2066
2067
2068
2069
2070
2072
2073
2074
2075
2079
2080
2081
2082
2083
2084
2085
2086
2087
2089
2090
2094
2095
2096
2097
2098
2099
2100
2104
2105
2106
2107
2108
2110
2113
2114
2115
2116
2117
2119
2120
2121
2122
2123
2124
2127
2128
2130
2131
2133
2135
2136
2137
2138
2139
2142
2143
2144
2145
2146
2150
2153
2154
2156
2157
2159
2161
2162
2163
2164
2165
2168
2169
2170
2171
2172
2174
2178
2179
2180
2181
2182
2184
2185
2188
2191
2192
2193
2194
2197
2198
2199
2200
2202
2203
2206
2209
2210
2211
2212
2213
2214
2216
2217
2218
2219
2221
2224
2227
2228
2229
2230
2233
2234
2235
2236
2238
2240
2241
2242
2243
2245
2248
2251
2252
2253
2254
2255
2256
2258
2260
2261
2264
2267
2268
2269
2270
2271
2272
2274
2275
2276
2277
2278
2279
2280
2281
2282
2285
2286
2288
2291
2292
2293
2294
2295
2296
2297
2298
2299
2300
2301
2302
2303
2307
2308
2309
2310
2311
2313
2314
2315
2316
2318
2319
2321
2324
2325
2326
2327
2328
2329
2330
2332
2334
2335
2336
2337
2340
2343
2344
2345
2348
2349
2350
2353
2354
2355
2356
2357
2358
2360
2361
2362
2363
2366
2369
2370
2371
2372
2373
2374
2377
2378
2379
2380
2381
2382
2385
2386
2387
2388
2389
2390
2392
2393
2394
2395
2397
2400
2401
2404
2405
2406
2409
2410
2411
2412
2414
2416
2417
2419
2420
2421
2422
2424
2426
2429
2431
2432
2434
2437
2438
2439
2440
2442
2443
2446
2447
2448
2449
2450
2451
2453
2454
2455
2456
2457
2458
2459
2460
2463
2464
2466
2469
2471
2472
2473
2474
2475
2476
2477
2478
2479
2481
2482
2485
2488
2489
2490
2491
2492
2493
2495
2497
2498
2500
2501
2502
2503
2504
2505
2506
2507
2508
2509
2510
2511
2514
2515
2516
2517
2519
2521
2524
2525
2526
2527
2528
2529
2532
2533
2534
2535
2536
2537
2538
2541
2542
2543
2546
2547
2548
2549
2550
2552
2553
2555
2556
2557
2558
2559
2560
2561
2564
2566
2567
2568
2569
2570
2572
2575
2578
2579
2580
2583
2584
2585
2586
2587
2588
2591
2592
2593
2597
2598
2599
2600
2601
2602
2604
2605
2607
2608
2609
2610
2611
2612
2613
2614
2616
2618
2621
2622
2623
2624
2625
2626
2627
2629
2631
2632
2634
2637
2638
2639
2640
2641
2642
2643
2644
2646
2647
2648
2649
2650
2651
2654
2657
2658
2660
2661
2663
2664
2666
2667
2668
2670
2671
2674
2676
2677
2679
2682
2683
2684
2685
2686
2687
2688
2689
2690
2691
2692
2693
2694
2698
2699
2700
2701
2702
2703
2704
2705
2707
2708
2711
2712
2714
2715
2718
2719
2721
2724
2725
2726
2727
2728
2729
2730
2731
2732
2733
2734
2737
2738
2739
2740
2742
2745
2746
2747
2748
2749
2750
2751
2752
2753
2756
2757
2758
2759
2760
2761
2763
2764
2765
2766
2767
2771
2774
2775
2776
2777
2778
2779
2781
2782
2783
2784
2785
2789
2792
2793
2794
2795
2796
2797
2798
2800
2802
2803
2804
2805
2806
2807
2808
2809
2810
2811
2812
2813
2814
2815
2816
2817
2820
2821
2822
2823
2824
2826
2827
2829
2832
2833
2834
2836
2837
2838
2839
2840
2841
2842
2843
2845
2848
2849
2850
2852
2855
2856
2857
2858
2859
2861
2862
2863
2864
2865
2866
2867
2869
2872
2873
2874
2876
2879
2880
2881
2883
2884
2885
2886
2889
2890
2891
2892
2893
2895
2896
2897
2898
2901
2902
2903
2905
2906
2907
2908
2911
2912
2913
2914
2915
2917
2918
2919
2920
2923
2924
2925
2926
2927
2928
2930
2931
2932
2936
2937
2938
2940
2941
2942
2944
2947
2948
2949
2950
2951
2952
2954
2955
2958
2961
2962
2963
2964
2965
2966
2967
2968
2969
2970
2971
2972
2973
2975
2976
2979
2980
2981
2982
2983
2984
2986
2988
2989
2990
2991
2993
2994
2997
2999
3000
3001
3003
3004
3005
3007
3008
3011
3013
3016
3017
3018
3019
3020
3021
3023
3025
3026
3027
3028
3030
3031
3034
3036
3037
3038
3040
3041
3042
3044
3045
3048
3050
3053
3054
3055
3056
3057
3060
3061
3062
3063
3065
3068
3069
3072
3073
3076
3077
3078
3079
3080
3081
3083
3086
3087
3088
3089
3090
3091
3092
3094
3095
3096
3097
3099
3100
3103
3104
3105
3107
3108
3109
3110
3112
3113
3114
3115
3118
3121
3122
3123
3124
3125
3126
3127
3129
3131
3132
3133
3134
3135
3137
3138
3140
3141
3144
3145
3146
3147
3149
3150
3151
3152
3153
3156
3159
3160
3161
3162
3163
3164
3165
3167
3168
3169
3170
3171
3173
3174
3176
3178
3181
3182
3183
3184
3185
3186
3187
3188
3190
3191
3192
3195
3197
3200
3201
3202
3203
3204
3205
3206
3208
3210
3211
3212
3214
3215
3216
3219
3221
3224
3225
3226
3227
3228
3229
3230
3231
3234
3235
3236
3237
3238
3241
3242
3243
3244
3245
3246
3247
3248
3250
3251
3252
3253
3256
3259
3260
3261
3262
3263
3265
3268
3269
3270
3271
3273
3274
3275
3276
3277
3279
3280
3282
3285
3286
3288
3291
3292
3293
3294
3297
3298
3299
3300
3301
3304
3305
3306
3308
3309
3310
3311
3312
3313
3314
3315
3319
3320
3321
3322
3325
3326
3327
3328
3329
3330
3332
3333
3334
3335
3336
3337
3340
3341
3342
3343
3344
3345
3346
3347
3349
3352
3353
3354
3355
3356
3357
3358
3360
3361
3362
3364
3367
3368
3369
3370
3371
3372
3373
3374
3376
3377
3380
3381
3382
3383
3384
3385
3386
3388
3389
3390
3392
3393
3396
3397
3398
3399
3400
3401
3402
3405
3406
3407
3408
3409
3410
3411
3413
3414
3416
3419
3420
3421
3422
3425
3429
3430
3431
3432
3433
3434
3437
3438
3439
3441
3443
3444
3445
3447
3448
3450
3451
3452
3453
3454
3455
3456
3457
3461
3463
3464
3465
3467
3468
3469
3470
3472
3473
3475
3476
3477
3478
3481
3484
3485
3486
3487
3488
3489
3490
3492
3494
3495
3496
3497
3498
3500
3501
3502
3503
3505
3506
3507
3508
3509
3511
3512
3513
3514
3515
3519
3522
3523
3524
3525
3527
3528
3529
3530
3532
3533
3534
3535
3536
3537
3538
3540
3541
3542
3545
3548
3549
3550
3552
3553
3554
3557
3558
3559
3560
3561
3563
3564
3565
3570
3571
3572
3573
3574
3575
3576
3577
3578
3579
3581
3582
3585
3586
3592
3593
3594
3595
3596
3597
3600
3601
3602
3605
3606
3607
3610
3611
3612
3615
3616
3617
3618
3619
3620
3622
3623
3624
3625
3626
3627
3628
3630
3633
3634
3635
3636
3638
3641
3642
3643
3644
3646
3647
3648
3649
3650
3651
3653
3654
3657
3660
3661
3662
3663
3664
3665
3666
3667
3670
3671
3672
3673
3674
3675
3676
3678
3679
3682
3685
3686
3687
3688
3689
3692
3693
3694
3695
3696
3699
3700
3701
3702
3703
3704
3705
3706
3707
3708
3710
3711
3712
3713
3714
3715
3716
3717
3720
3721
3722
3723
3724
3726
3728
3729
3731
3732
3733
3734
3735
3736
3737
3738
3742
3743
3744
3745
3746
3747
3748
3750
3751
3752
3753
3754
3755
3756
3757
3758
3759
3760
3761
3762
3763
3764
3765
3767
3768
3769
3770
3773
3774
3775
3776
3777
3778
3779
3780
3781
3782
3783
3784
3785
3787
3788
3790
3791
3792
3793
3794
3795
3796
3797
3798
3799
3800
3801
3803
3804
3805
3807
3808
3809
3813
3814
3817
3818
3819
3820
3821
3825
3826
3828
3829
3830
3831
3833
3834
3835
3836
3837
3838
3841
3842
3845
3848
3849
3852
3853
3854
3855
3857
3858
3859
3860
3861
3862
3863
3864
3866
3867
3870
3873
3874
3875
3876
3879
3880
3881
3882
3885
3886
3887
3890
3891
3892
3896
3897
3898
3899
3901
3902
3905
3908
3909
3910
3913
3916
3917
3918
3920
3921
3924
3927
3928
3929
3932
3935
3936
3938
3941
3942
3944
3945
3948
3951
3952
3954
3955
3958
3961
3962
3963
3965
3968
3969
3972
3973
3975
3976
3977
3979
3980
3981
3982
3984
3985
3989
3990
3992
3993
3995
3997
3998
4001
4004
4005
4006
4009
4010
4011
4012
4013
4014
4015
4016
4017
4018
4019
4023
4024
4025
4026
4027
4028
4029
4030
4034
4035
4036
4039
4040
4041
4042
4043
4044
4045
4048
4049
4050
4053
4054
4057
4058
4061
4062
4063
4064
4065
4067
4070
4071
4072
4073
4074
4075
4077
4079
4080
4082
4085
4086
4087
4088
4089
4090
4091
4092
4093
4095
4096
4097
4101
4102
4103
4106
4107
4108
4109
4110
4112
4113
4114
4115
4116
4117
4121
4124
4125
4126
4127
4131
4134
4135
4136
4138
4141
4142
4143
4144
4146
4149
4150
4151
4152
4153
4154
4157
4160
4161
4163
4164
4165
4166
4167
4170
4173
4174
4177
4178
4181
4182
4183
4186
4187
4190
4191
4193
4194
4196
4197
4198
4202
4205
4206
4208
4209
4211
4212
4213
4218
4221
4222
4223
4225
4226
4229
4230
4231
4232
4235
4236
4238
4239
4241
4246
4247
4250
4251
4254
4255
4258
4259
4262
4263
4266
4267
4270
4271
4274
4275
4276
4279
4282
4283
4284
4288
4289
4292
4293
4296
4297
4298
4299
4300
4303
4305
4308
4309
4312
4313
4316
4317
4318
4319
4320
4321
4325
4326
4329
4330
4331
4332
4333
4334
4338
4339
4342
4343
4344
4345
4346
4347
4348
4349
4353
4354
4357
4358
4359
4360
4361
4362
4363
4364
4368
4369
4372
4373
4374
4375
4376
4378