1
2
3
4
5
6
7
8
9
10
11
12
13
14
15
16
17
18
19
20
21
22
23
24
25
26
27
28
29
30
32
34
35
36
37
38
39
40
41
42
43
44
45
46
47
48
49
50
51
52
53
54
55
56
57
58
59
61
62
63
64
65
66
67
68
69
70
71
72
73
74
75
76
77
78
79
80
81
85
86
87
88
89
90
93
94
95
96
97
98
101
102
103
104
105
106
109
110
111
112
113
114
117
118
119
120
121
122
126
127
130
131
134
135
136
139
140
141
142
143
144
145
146
147
148
149
150
152
153
155
156
157
158
159
160
162
163
164
165
166
167
169
170
171
172
173
174
175
176
180
181
182
183
184
185
186
187
188
189
190
191
193
195
196
198
199
201
202
204
205
206
207
208
209
211
212
213
214
219
220
221
222
225
226
228
231
232
234
235
237
240
241
242
243
244
245
247
248
249
252
253
254
255
256
257
258
259
260
263
264
265
266
267
269
270
275
276
278
279
280
282
283
285
286
289
292
293
295
296
297
298
301
302
305
306
307
308
309
310
311
314
317
318
320
321
323
324
325
328
329
330
331
332
333
334
335
337
338
339
340
343
346
347
349
350
351
352
353
354
356
357
360
362
365