1
2
3
4
5
6
7
8
9
10
11
12
13
14
15
16
17
18
19
20
21
22
23
24
25
26
27
28
29
30
31
32
33
34
35
37
38
39
40
41
43
45
46
47
48
49
50
51
52
53
54
55
56
57
58
59
61
62
64
65
66
67
68
69
70
71
73
74
75
77
78
80
81
82
83
87
88
90
93
94
95
99
101
103
104
106
109
110
113
114
117
118
121
122
123
126
127
128
129
130
133
134
137
138
141
142
145
146
147
148
150
151
152
153
154
156
157
160
161
162
163
164
165
166
167
168
169
173
174
177
178
181
182
183
184
185
186
188
191
194
195
196
197
198
199
200
201
205
206
207
208
209
210
211
213
216
217
218
219
220
221
222
226
227
228
229
230
231
232
233
234
236
237
239
242
243
244
245
246
247
248
249
250
251
253
256
257
258
259
260
261
262
265
266
269
270
271
272
275
276
277
278
281
282
285
286
289
290
291
292
293
294
296
297
298
300
303
304
305
306
307
308
309
310
311
312
313
314
315
316
317
318
319
320
321
322
323
324
325
326
327
328
329
330
331
332
333
334
335
338
339
342
343
344
345
346
347
348
349
350
351
352
353
354
355
356
357
358
359
360
361
364
365
368
369
370
371
372
373
374
375
377
381
382
385
386
387
390
392
393
394
397
400
401
402
404
405
407
408
409
410
411
412
415
418
419
422
425
426
427
428
430
433
434
435
436
438
441
443
444
445
446
447
450
451
452
453
454
455
456
457
458
459
460
462
465
466
467
469
471
474
475
476
477
478
479
482
483
484
485
486
487
488
490
493
494
495
496
497
498
499
502
505
506
507
508
510
513
514
517
518
519
520
522
523
524
525
526
527
530
531
532
533
534
535
536
539
540
541
542
543
544
546
547
549
552
553
554
555
556
557
560
561
562
563
564
565
568
569
570
571
572
573
574
577
578
579
580
581
582
583
585
588
589
590
591
592
593
594
597
598
599
600
601
602
605
606
607
608
609
610
613
614
615
616
617
618
621
622
623
624
625
626
629
630
631
632
633
634
637
638
639
640
641
642
645
646
647
648
651
652
653
654
655
656
659
660
661
662
663
664
667
668
669
670
671
672
673
674
676
677
678
679
680
681
682
683
687
688
689
690
691
692
693
695
698
699
700
701
702
703
706
707
708
709
710
711
714
715
716
717
718
719
722
723
724
725
726
727
730
731
732
733
734
735
738
739
740
741
742
743
744
746
749
750
751
752
753
754
757
758
759
760
761
762
765
766
767
768
769
770
773
774
775
776
777
778
781
782
783
786
787
788
791
792
793
794
795
796
797
798
799
800
801
803
806
807
808
809
810
812
813
814
819
820
821
822
824
826
827
829
830
832
833
837
838
839
840
842
843
845
846
848
849
850
851
852
853
854
855
860
861
862
864
865
866
867
871
872
873
874
875
876
878
881
882
883
884
885
886
889
890
891
892
893
894
897
898
899
900
901
902
905
906
907
908
909
910
913
914
915
916
917
918
921
922
923
924
925
926
929
930
931
932
933
934
935
936
938
939
940
942
945
946
947
948
949
950
953
954
955
956
957
958
961
962
963
964
965
966
969
970
971
974
975
977
978
980
981
983
984
985
989
990
991
992
994
995
997
998
999