1
2
3
4
5
6
7
8
9
10
11
12
13
14
15
16
17
18
19
20
21
22
23
24
25
26
27
28
29
30
31
32
33
34
35
37
38
39
40
42
43
44
45
46
47
48
49
50
51
52
53
54
56
57
58
60
61
62
64
65
66
67
68
69
70
71
72
73
74
77
78
79
80
81
82
83
84
85
86
87
88
89
90
92
93
96
97
98
99
101
102
103
104
106
107
108
110
111
112
115
116
117
118
120
121
122
123
125
126
127
129
130
131
134
135
136
137
139
140
141
144
145
146
147
148
151
152
153
154
155
158
159
161
163
166
167
168
169
171
172
173
175
178
179
180
181
183
186
187
188
189
190
191
194
195
198
199
200
201
203
205
208
209
210
211
213
214
215
216
219
220
222
223
224
225
226
229
232
233
234
238
239
240
244
245
246
247
248
249
250
253
254
255
256
258