1
2
3
4
5
6
7
8
9
10
11
12
13
14
15
16
17
18
19
20
21
22
23
24
25
26
27
28
29
30
31
32
33
34
35
37
38
39
40
42
43
44
45
46
47
48
49
50
51
52
53
54
55
57
58
59
60
61
62
64
65
66
67
69
70
72
73
74
75
80
82
83
86
88
91
92
95
96
99
100
103
104
105
108
109
110
113
114
115
118
119
120
121
123
124
125
126
127
128
129
132
133
134
135
136
137
138
139
140
141
143
144
145
149
150
151
152
153
154
156
157
158
163
164
165
166
167
168
169
171
172
176
177
178
179
180
181
182
183
184
185
186
188
189
190
194
195
196
197
198
199
201
202
203
208
209
210
211
212
213
214
216
217
221
222
223
224
225
226
227
228
229
231
232
234
235
236
240
241
242
243
244
245
246
247
248
252
253
254
255
256
257
258
259
260
261
263
264
265
269
270
271
272
273
274
275
276
277
280
281
282
283
284
285
286
287
288
289
290
291
292
293
298
299
300
301
302
303
304
305
306
308
309
311
314
315
316
317
318
319
322
324
325
326
327
330
331
332
333
334
335
338
339
340
341
342
343
346
347
348
349
352
353
354
357
358
359
360
361
362
364
365
366
367
368
371
373
374
375
376
377
378
379
380
381
382
383
384
385
386
387
388
389
393
394
395
396
397
398
401
402
403
404
405
406
410
411
412
413
414
416
419
420
421
422
423
425
428
429
430
433
434
435
436
437
438
439
442
443
444
445
446
447
448
451
452
453
454
455
456
457
458
461
462
463
464
467
468
469
470
473
474
475
476
478
479
480
481
482
483
484
485
486
487
488
489