1
2
3
4
5
6
7
8
9
10
11
12
13
14
15
16
18
20
21
22
23
25
26
27
28
29
30
31
32
33
34
36
37
38
39
40
41
42
43
45
46
47
48
49
50
51
52
53
55
56
57
59
61
63
64
65
66
67
69
71
72
73
74
75
77
78
79
81
82
83
85
86
87
91
92
93
94
95
96
97
98
99
100
101
103
104
105
106
107
108
109
110
113
115
117
118
119
120
123
124
127
128
130
131
132
133
134
135
136
137
139
140
141
142
143
145
146
147
148
149
150
153
154
155
156
158
159
163
164
165
166
167
168
171
172
173
174
175
176
179
180
181
182
183
184
185
186
187
188
189
190
191
192
194
195
196
197
198
199
200
201
203
205
206
209
210
213
214
216
217
218
219
221
222
223
226
227
229
230
231
232
233
236
237
240
241
242
246
247
248
250
251
253
254
255
256
257
258
259
260
261
262
264
265
266
267
268
269
270
271
274
276
277
278
280
281
282
287
288
289
290
291
292
293
295
297
298
299
300
301
306
307
308
309
310
311
312
313
317
318
321
322
323
324
325
326
327
328
329
330
332
335
336
340
341
342
343
345
346
347
349
352
353
354
355
357
358
359
360
364
365
366
367
368
369
371
372
373
375
376
378
381
382
383
384
385
386
388
389
392
393
394
398
399
401
402
403
404
405
406
407
409