1
2
3
4
5
6
7
8
9
10
11
12
13
14
15
16
17
19
21
22
23
25
26
27
28
29
30
31
32
33
34
36
37
38
39
40
41
42
43
44
45
46
47
48
49
50
51
52
53
54
55
56
57
58
59
60
61
62
63
64
65
66
67
69
70
72
74
75
76
77
78
80
81
82
83
84
85
86
89
90
91
92
93
94
95
96
97
100
101
102
103
104
105
106
107
108
110
111
113
114
117
118
119
120
121
123
124
125
129
130
131
133
134
135
136
137
139
140
143
146
147
150
151
152
153
154
157
160
164
165
167
168
169
172
173
174
175
176
179
180
181
182
183
184
185
186
187
188
189
190
193
194
195
198
199
200
201
202
205
206
208
209
210
211
212
213
214
215
216
218
219
220
223
224
225
226
229
230
231
232
235
238
239
240
241
242
245
246
247
248
249
253
254
255
256
257
258
259
260
261
262
267
268
269
270
272
273
274
275
280
281
282
283
284
285
286
288
289
292
295
296
297
298
299
300
303
304
305
306
307
308
311
312
313
314
315
316
317
318
319
322
323
324
325
326
327
328
329
332
333
334
335
336
337
338
339
340
341
342
343
344
345
348
349
350
351
352
353
354
355
356
359
360
361
362
363
364
365
366
369
370
371
372
373
374
375
376
377
380
381
382
383
384
385
386
387
388
389
392
393
394
395
396
397
398
399
400
401
402
403
404
405
408
409
410
411
412
413
414
415
418
419
420
421
422
425
426
427
428
429
432
433
434
435
436
437
438
439
440
441
444
445
446
447
448
449
450
453
454
455
456
457
458
459
460
461
462
463
464
465
468
469
470
471
472
475
476
477
478
479
482
483
484
485
488
489
490
491
492
493
494
495
496
497