1
2
3
4
5
6
7
8
9
10
11
12
13
14
15
16
17
19
20
21
22
23
24
25
26
27
28
29
31
33
34
35
36
37
38
39
40
41
42
43
44
45
46
47
48
49
50
51
52
53
54
55
56
57
58
59
60
62
63
64
65
66
67
68
69
70
71
72
73
74
76
77
79
82
84
85
86
87
88
89
90
91
92
93
94
95
96
98
99
100
101
102
104
105
108
111
114
115
116
119
120
121
122
123
124
125
126
127
128
129
130
131
132
133
139
140
141
144
145
146
147
149
150
151
152
153
156
157
158
159
160
161
162
169
170
171
172
173
174
175
178
179
180
181
182
183
184
191
192
193
194
196
199
200
201
202
204
207
208
209
210
211
212
213
214
215
216
221
222
223
224
225
226
227
228
229
230
234
235
236
237
238
239
240
243
244
245
247
250
251
252
253
254
255
256
257
258
259
260
261
262
265
266
267
268
269
270
274
275
276
277
278
279
280
281
282
286
287
288
290
291
292
293
294
295
296
297
298
300
301
306
307
308
309
310
311
313
315
318
319
320
321
325
326
327
328
329
330
331
332
333
334
335
336
337
338
339
340
343
347
348
351
352
353
354
355
356
357
361
364
365
366
368
371
372
373
374
375
376
377
380
381
382
383
384
385
386
387
390
391
392
393
394
397
398
399
401
404
405
408
409
412
413
414
415
417
419
420
421
422
423
425
428
429
430
431
432
433
434
435
437
438
439
440
441
444
445
446
447
449
450
452
455
456
457
458
461
462
465
466
469
470
471
472
473
474
475
476
478
482
483
484
485
487
490
491
492
495
496
497
500
501
502
505
506
509
510
511
512
513
514
517
518
521
522
523
524
525
526
527
528
531
532
533
534
535
536
537
538
539
540
541
542
546
547
550
551
554
555
558
559
560
561
562
565
566
567
568
569
570
571
572
573
576
577
578
579
580
582
585
586
587
589
592
593
596
597
598
599
600
603
604
605
606
607
609
610
613
616
617
620
621
624
625
626
628
631
632
633
634
635
636
637
638
639
640
641
642
643
644
650
651
654
655
656
657
658
659
660
661
662
665
666
667
668
669
670
671
672
673
676
677
680
681
684
685
688
689
692
693
696
697
700
701
704
705
708
709
710
714
715
718
719
720
721
722
725
726
727
728
729
730
731
732
733
737
738
739
740
741
742
743
744
745
746
750
751
752
753
754
755
756
757
758
763
764
765
766
767
768
769
770
771
775
776
777
778
779
780
781
782
783
784
788
789
790
791
792
793
794
795
796
797
801
802
803
804
805
806
807
808
809
810
812