1
2
3
4
5
6
7
8
9
10
11
12
13
14
15
16
17
19
20
21
22
23
24
25
26
28
29
30
31
32
33
35
36
37
39
41
42
43
44
45
46
47
50
51
52
54
55
56
59
61
62
63
65
66
67
68
69
72
73
75
76
78
80
81
83
84
86
87
88
89
90
92
93
95
96
97
98
101
102
103
104
105
106
107
109
112
113
114
115
116
117
118
119
120
121
122
123
126
127
128
129
131
132
134
136
137
138
139
141
142
143
145
147
148
149
150
152
153
154
156
158
159
160
161
165
166
167
170
173
174
175
176
177
178
179
180
181
183
184
186
187
188
189
190
191
192
193
197
198
199
200
201
202
203
204
208
209
210
211
212
213
214
215
219
220
223
224
225
226
227
228
229
230
231
232
233
234
236
237
238
240
241
242
243
244
245
248
252
253
254
255
256
257
260
261
262
263
264
265
266
267
268
269
270
271
272
273
274
276
279
280
281
282
283
284
288
289
290
291
294
296
297
298
299
300
305
307
308
309
310
311
312
316
317
318
319
322
325
326
327
328
329
330
331
332
333
334
335
336
338
339
340
342
344
345
346
347
348
350
351
352
353
354
355
356
357
358
360
361
364
365
367
368
370
371
372
373
374
375
377
378
381
384
385
386
387
388
389
390
391
394
398
399
400
403
404
405
406
407
408
409
410
415
416
417
418
420
424
425
426
427
428
429
430
431
432
433
435
436
437
438
439
440
441
442
443
444
445
446
450
451
452
453
454
455
456
457
458
459
460
461
462
463
464
465
466
467
469
470
471
472
473
474
475
476
477
478
479
480
483
484
485
486
489
492
493
494
495
496
497
498
499
500
501
502
503
504
505
506
507
508
509
510
511
513
514
515
516
517
518
519
520
521
522
525
528
529
530
531
532
533
534
535
536
537
538
541
542
543
544
545
546
547
548
549
550
551
552
553
554
555
559
560
561
562
563
564
565
566
567
568
569
571
572
573
574
575
576
577
578
579
580
581
582
585
588
589
590
591
592
593
594
595
596
597
598
600
601
602
603
604
605
606
607
608
609
610
611
614
617
618
619
620
621
622
623
624
625
626
627
628
631
632
633
635
636
637
638
639
640
645
647
648
649
650
651
652
653
654
657
658
659
660
661
662
663
664
665
668
669
670
671
672
673
674
675
678
679
680
681
682
683
684
685
688
689
690
691
692
693
696
697
698
699
700
701
702
705
706
707
708
709
710
711
714
715
716
717
718
719
720
721
722
723
724
726
727
729
731
732
733
736
737
738
739
740
741
745
746
747
748
749
750
751
752
753
754
755
757
758
760
762
763
764
765
766
767
768
772
773
774
775
776
777
778
779
780
781
782
783
784
785
786
788
789
790
792
793
795
796
797
799
800
802
804
805
806
807
809
810
811
812
816
817
818
822
823
824
825
826
827
828
829
830
831
832
836
837
838
839
840
841
845
846
847
848
849
850
851
852
853
854
855
856
859
860
861
862
863
864
865
866
869
870
871
874
875
876
877
880
881
882
886
888
889
892
893
896
897
900
901
904
905
908
909
912
913
916
917
920
921
924
925
928
929
932
933
934
935
936
937
938
942
943
946
947
948
949
950
951
952
956
957
960
961
962
963
964
965
966
970
971
974
975
976
979
980
983
984
985
988
989
992
993
994
997
998
1001
1002
1003
1006
1007
1010
1011
1014
1015
1018
1019
1022
1023
1026
1027
1030
1031
1034
1035
1038
1039
1042
1043
1046
1047
1050
1051
1054
1055
1058
1059
1062
1063
1064
1065
1068
1069
1070
1071
1074
1075
1076
1077
1078
1079
1081
1082
1084
1085
1086
1087
1088
1089
1090
1091
1092
1093
1094
1095
1096
1099
1100
1101
1104
1105
1106
1107
1108
1109
1113
1114
1115
1116
1117
1118
1122
1123
1124
1127
1128
1129
1130
1131
1132