1
2
3
4
5
6
7
8
9
10
11
12
13
14
15
16
17
19
20
21
22
23
24
25
27
28
30
31
32
33
34
35
36
37
38
39
40
41
42
43
44
45
46
47
48
49
50
52
53
54
55
56
57
58
59
61
62
63
65
66
67
68
69
70
71
72
73
74
75
76
77
78
79
80
81
83
84
87
91
92
94
95
98
99
100
101
102
107
109
110
113
114
115
116
117
122
123
124
125
126
127
128
129
130
131
132
133
134
135
139
140
141
142
143
144
146
147
148
153
154
155
156
157
158
159
161
162
164
165
168
169
172
173
174
175
177
181
182
183
184
185
188
189
190
191
192
193
194
195
196
197
199
200
205
206
207
208
210
213
214
215
217
220
221
222
224
228
229
230
231
232
233
237
238
239
240
241
242
243
244
245
246
247
249
251
252
255
256
261
262
263
264
265
266
267
268
269
270
271
272
273
274
275
276
277
280
281
283
287
288
289
290
291
292
293
294
295
296
297
299
303
304
305
306
307
308
309
310
311
312
313
314
315
320
321
322
323
324
327
330
331
332
333
334
337
340
341
342
343
344
345
346
347
348
349
350
356
359
360
361
362
363
364
365
366
367
368
369
375
378
379
380
381
382
383
384
385
386
387
388
394
397
398
399
400
401
402
403
404
405
406
407
413
416
417
418
419
420
421
422
426
429
430
431
432
433
434
435
439
442
443
444
446
449
450
451
453
456
457
458
459
460
461
462
463
464
465
466
468
469
470
471
472
473
478
479
480
483
486
487
488
489
490
491
492
493
494
497
499
502
503
504
505
506
507
508
509
510
511
516
519
520
521
522
523
524
525
526
527
528
533
536
537
538
539
540
541
542
543
544
545
550
553
554
555
556
557
558
559
560
561
562
567
570
571
572
573
574
575
576
577
578
582
584
587
588
589
590
591
592
594
597
598
601
602
605
606
609
610
613
614
617
618
621
622
625
626
629
630
633
634
637
638
641
642
645
646
649
650
653
654
657
658
661
662
663
664
665
666
667
668
669
670
671
672
673
675
676
677
678
679
683
687
688
689
690