1
2
3
4
5
6
7
8
9
10
11
12
13
14
15
16
17
19
20
21
23
24
25
26
27
28
29
30
31
32
33
34
35
36
38
39
40
41
43
44
45
46
48
49
51
52
54
55
57
58
62
63
64
65
66
67
69
71
72
73
74
75
76
78
79
83
84
85
86
87
88
90
91
92
93
94
98
99
100
101
102
104
106
109
111
112
113
114
115
116
117
120
121
122
123
124
125
126
127
128
129
131
132
133
134
138
141
142
143
144
145
146
147
148
149
150
154
155
156
157
158
159
160
163
164
165
166
167
168
169
170
171
175
176
178
179
180
181
182
183
184
185
186
187
188
192
194
196
197
198
199
200
201
202
203
204
206
207
211
213
214
215
216
217
218
219
220
221
224
225
228
229
230
231
232
236
237
238
239
240
241
242
243
244
245
246
247
248
252
253
254
255
257
259
260
261
262
263
265
268
269
270
271
272
273
274
275
276
277
278
279
281
282
283
284
285
286
287
288
290
293
294
295
296
298
302
303
304
305
310
311
312
313
314
315
317
318
322
323
324
325
326
327
328
329
330
332
333
334
339
340