1
2
3
4
5
6
7
8
9
10
11
12
13
14
15
16
17
19
20
21
22
23
24
25
26
27
28
29
30
31
32
33
34
35
36
37
39
40
41
42
43
44
45
46
47
48
49
50
51
52
53
54
55
56
57
58
59
60
61
62
64
65
66
67
68
70
71
72
73
74
75
76
77
79
80
81
82
83
84
86
87
88
89
90
91
92
93
94
95
96
97
98
99
100
101
102
103
104
105
106
107
108
109
110
111
112
114
115
116
117
118
119
120
121
122
124
125
126
128
129
130
131
132
133
134
135
136
137
138
140
141
142
143
144
145
148
149
150
151
152
153
154
156
157
158
161
162
163
164
165
166
168
169
170
173
176
179
180
181
182
183
184
186
187
188
189
191
192
195
196
199
200
202
203
207
208
209
210
211
212
216
217
218
222
223
224
230
231
232
235
236
237
239
240
241
242
243
246
248
250
251
252
253
255
256
258
259
260
261
263
264
265
268
269
270
271
272
278
279
282
283
284
285
286
287
288
289
290
291
293
294
298
301
302
303
304
305
306
307
308
309
310
311
312
313
316
317
318
319
320
327
328
329
330
332
333
335
336
337
338
339
340
341
342
347
348
349
351
352
353
354
356
357
359
360
361
363
364
366
368
369
371
372
373
376
377
378
379
380
381
382
385
387
388
389
390
392
393
396
397
401
402
405
406
409
410
413
414
417
418
421
422
425
426
429
430
433
434
437
438
441
442
445
446
449
450
453
454
457
458
461
462
465
466
467
468
469
472
473
474
475
476
479
480
483
484
487
488
491
492
495
496
499
500
503
504
507
508
511
512
515
516
519
520
523
524
527
528
531
532
533
534
535
536
537
538
539
544
546
547
548
550
552
553
554
555
556
557
558
559
560
561
562
564
565
566
567
568
569
570
571
572
574
578
579
580
582
583
584
585
586
587
588
589
591
592
593
594
595
597
599
600
601
602
603
604
607
610
611
612
613
614
615
616
617
618
619
620
622
625
626
627
628
629
630
631
632
633
634
638
639
640
641
642
644
645
646
648
649
650
651
652
653
656
657
658
659
660
661
662
663
665
669
671
672
673
675
679
680
681
682
685
686
687
688
690
695
696
699
700
703
704
707
708
709
710
711
712
715
716
720
721
722
724
727
728
729
730
731
732
735
736
740
741
742
743
744
746
747
748
749
750
752
753
758
759
760
761
762
763
766
768
769
770
771
773
774
775
776
777
778
779
782
783
785
786
788
791
792
795
796
797
798
802
804
805
807
808
809
811
815
816
817
818
819
820
821
822
823
824
826
827
828
830
834
835
838
839
842
843
844
847
848
849
850
852
855
856
859
860
861
862
863
864
865
866
867
869
870
871
872
873
874
876
878
879
880
881
882
883
884
885
886
891
895
896
897
899
900
902
903
905
906
907
908
909
910
911
912
913
914
915
916
917
918
919
921
922
923
924
926
927
928
932
935
937
938
940
941
942
943
944
945
947
948
949
950
951
952
953
954
956
961
962
963
964
965
966
968
969
970
971
976
977
979
980
982
983
984
985
986
989
990
992
993
995
996
999
1000
1002
1003
1004
1005
1006
1008
1009
1010
1011
1012
1013
1014
1015
1020
1021
1022
1023
1024
1028
1029
1030
1031
1032
1035
1036
1037
1038
1039
1040
1042
1043
1044
1045
1046
1047
1048
1049
1053
1054
1060
1062
1063
1064
1065
1067
1068
1069
1070
1071
1072
1073
1078
1079
1083
1084
1087
1090
1091
1092
1093
1094
1096
1097
1098
1099
1104
1105
1106
1107
1108
1113
1114
1115
1119
1120
1121
1122
1123
1124
1125
1126
1127
1130
1133
1134
1135
1136
1138
1141
1142
1143
1144
1145
1146
1147
1148
1151
1152
1153
1154
1155
1158
1159
1160
1161
1162
1163
1164
1165
1166
1167
1168
1169
1170
1171
1172
1173
1174
1177
1178
1179
1180
1186
1189
1190
1191
1193
1196
1197
1200
1201
1204
1205
1208
1209
1212
1213
1216
1217
1220
1221
1224
1225
1226
1227
1228
1229
1230
1231
1234
1235
1236
1237
1244
1245
1246
1247
1248
1251
1252
1253
1254
1255
1258
1259
1260
1261
1262
1265
1266
1267
1268
1269
1272
1273
1274
1275
1277
1280
1281
1284
1285
1286
1290
1291
1294
1295
1296
1297
1298
1299
1300
1301
1302
1303
1305
1306
1307
1308
1311
1312
1313
1314
1315
1319
1320
1321
1326
1329
1330
1331
1332
1333
1334
1335
1336
1338
1339
1341