1
2
3
4
5
6
7
8
9
10
11
12
13
14
15
16
17
19
20
21
22
23
24
25
26
27
29
30
32
33
34
35
36
37
38
39
40
42
43
44
45
47
48
51
52
53
54
56
57
60
61
62
63
65
66
69
70
71
72
74
75
78
79
82
83
86
87
88
89
90
91
92
95
98
99
100
101
102
103
104
105
108
111
112
113
114
116
117
120
121
122
123
124
125
126
127
128
129
131
134
135
136
137
138
139
140
141
142
143
144
145
148
149
150
151
152
153
154
155
156
159
160
161
162
163
166
167
168
169
170
171
172
175
176
177
178
179
180
183
184
185
186
187
188
189
190
193
194
195
196
197
198
199
200
203
204
205
208
209
210
211
212
213
214
215
217
221
222
223
224
225
226