1
2
3
4
5
6
7
8
9
10
11
12
13
14
15
16
18
20
21
22
23
25
26
28
29
30
31
32
33
34
36
37
38
39
40
41
42
43
44
46
47
48
49
50
51
52
53
55
56
57
59
61
63
64
65
66
69
70
71
75
78
82
83
84
85
88
89
90
92
93
94
97
98
99
100
103
104
105
106
107
110
111
112
115
116
117
123
124
125
126
127
128
129
134
135
138
139
140
141
142
143
144
146
149
150
151
152
153
154
155
156
157
158
159
165
166
167
170
171
172
173
174
176
177
178
179
180
181
182
183
186
188
189
190
191
196
197
198
199
200
201
202
203
204
205
206
207
210
211
212
214
217
218
219
221
222
223
225
227
230
231
234
235
238
239
242
243
246
247
250
251
254
255
256
257
258
259
262
263
264
265
266
269
270
271
272
273
276
277
278
279
280
281
282
283
284
285
286
289
290
293
294
295