1
2
3
4
5
6
7
8
9
10
11
12
13
14
15
16
17
19
20
21
22
23
24
26
28
29
30
31
32
33
35
37
39
40
43
44
45
46
47
48
51
52
53
54
55
57
58
59
60
61
63
64
65
66
68
69
70
71
72
73
76
77
78
79
82
83
84
86
87
88
89
90
92
93
94
95
96
98
100
101
102
103
106
107
108
109
112
114
115
118
121
123
124
125
126
128
129
131
134
137
139
140
142
143
144
145
146
148
149
151
152
155
156
159
160
161
162
165
166
167
168
170
173
176
177
178
179
180
184
186
187
188
192
193
195
196
199
200
201
202
203
204
207
208
209
210
211
213
214
215
219
222
223
224
227
228
229
230
231
234
235
236
237
238
240
241
242
244
247
248
249
250
251
253
254
255
256
257
258
259
260
263
264
265
266
267
268
269
271
272
273
274
275
276
278
279
280
282
283
286
287
290
291
294
295
298
299
302
303
304
305
306
307
310
311
312
313
316
318
320
321
322
323
324
325
326
327
328
329
330
331
332
333
334
336
339
341
342
343
344
346
348
349
350
351
352
355
356
357