1
2
3
4
5
6
7
8
9
10
11
12
13
14
15
16
17
19
20
21
22
23
24
25
26
27
28
30
31
32
33
34
35
36
37
38
39
40
41
42
43
44
45
46
47
48
49
50
51
52
53
55
56
57
58
59
60
61
62
64
65
67
68
69
71
73
74
75
76
77
78
80
81
82
83
84
85
86
87
88
89
90
91
93
94
98
99
100
101
102
103
104
105
106
107
108
109
112
113
114
115
116
117
120
121
123
126
127
128
132
135
136
137
140
141
142
145
146
147
148
152
153
154
157
158
159
160
163
164
165
166
168
169
170
171
172
173
176
179
180
181
182
183
184
185
189
190
191
192
193
194
195
199
200
201
202
205
206
207
210
211
212
213
215
216
219
220
221
222
223
225
228
229
230
231
232
234
237
238
239
240
241
243
246
247
248
249
250
251
252
256
257
258
259
260
261
262
266
267
268
269
270
271
272
273
275
276
277
284
285
286
289
290
291
292
296
297
298
299
303
304
305
306
307
309
312
313
314
315
316
317
318
321
322
326
327
328
329
330
333
334
335
336
341
342
343
344
345
346
347
348
352
353
354
357
358
359
360
361
364
365
366
367
368
369
370
372
373
375
378
379
380
381
382
385
386
387
388
391
392
393
394
395
396
399
400
401
402
406
407
408
411
412
413
416
417
418
419
421
424
425
428
429
432
433
434
435
436
437
438
439
440
443
444
447
448
449
450
451
452
453
454
455
458
459
462
463
464
465