1
2
3
4
5
6
7
8
9
10
11
12
13
14
15
16
17
19
20
21
22
23
24
25
26
27
29
30
31
32
35
36
37
38
39
41
42
43
44
45
46
48
49
50
51
52
53
54
55
57
58
59
61
62
63
66
67
70
71
74
75
80
82
83
84
85
87
88
89
90
93
94
95
98
99
100
101
102
103
104
105
106
107
109
110
111
112
116
120
121
122
125
126
127
128
129
130
131
132
136
137
141
142
143
144
145
146
147
148
150
151
154
155
156
157
158
161
162
163
166
167
168
169
170
173
174
175
176
177
179
183
184
185
186
188
189
190
193
194
195
196
198
199
200
201
203
205
209
210
213
214
218
219
220
221
222
223
224
225
226
227
228
233
234
235
236
237
238
239
240
242
245
246
247
248
249
250
251
252
254
257
258
259
260
261
262
263
264
265
266
267
268
269
272
275
278
280
281
282
283
284
285
287
289
290
292
293
294
295
296
297
299
300
302
303
304
305
306
307
308
309
310
312
315
316
317
320
321
322
323
324
325
328
329
330
331
332
333
334
335
336
340
343
344
345
346
347
348
349
350
352
353
354
355
358
363
364
365
368
369
370
371
373
374
375
376
377
378
379
380
381
382
385
386
387
388
389
392
396
398
399
400
402
403
404
405
410
411
412
413
414
415
416
417
418
419
420
422
423
425
426
428
429
430
431
433
434
435
436
438
439
440
441
442
443
447
449
450
451
452
454
455
456
457
459
460
461
465
466
468
469
470
472
473
474
475
476
477
478
481
482
483
485
486
487
489
490
492
493
494
495
496
497
498
499
502
503
504
508
509
510
512
513
514
516
517
518
519
520
521
522
523
524
531
532
533
534
535
536
538
539
540
541
545
546
547
548
549
550
552
554
557
558
559
561
562
563
564
565
566
567
568
573
574
577
578
579
581
582
583
584
585
587
588
589
591
592
593
596
597
601
602
603
604
606
607
608
609
613
614
615
616
618
619
620
621
622
626
627
628
629
631
634
635
636
638
639
640
641
642
643
645
649
650
653
654
655
656
657
658
661
662
663
664
665
670
671
672
673
674
675
676
678
679
680
683
684
685
688
691
692
693
696
697
698
699
700
701
702
703
708
709
710
713
714
715
719
720
721
722
725
726
727
728
731
732
733
736
737
738
741
742
743
744
745
747
748
750
753
754
755
756
758
759
761
764
765
766
767
768
770
771
772
774
778
780
781
782
784
785
786
788
791
792
793
794
795
798
799
802
803
806
807
810
811
814
815
818
819
822
823
826
827
828