1
2
3
4
5
6
7
8
9
10
11
12
13
14
15
16
17
19
20
21
22
23
24
26
27
28
29
30
31
32
33
34
35
36
37
38
39
40
41
42
44
46
47
48
49
51
53
54
57
58
59
60
61
62
63
64
65
66
67
68
69
71
72
74
75
76
77
78
79
80
81
82
83
84
85
86
87
88
90
91
93
94
95
97
98
100
102
103
105
106
107
108
109
110
111
112
113
114
115
116
118
119
120
121
122
124
125
126
127
129
130
133
134
135
136
137
138
139
140
141
147
148
149
150
151
152
153
154
156
157
159
162
163
164
165
166
167
170
173
174
175
176
177
178
179
180
181
182
183
184
185
186
187
188
189
190
192
196
199
200
203
204
205
206
207
208
209
210
211
212
213
214
216
217
220
221
222
225
226
227
228
229
230
231
232
233
235
239
240
243
244
247
248
249
250
251
252
253
254
255
256
257
258
259
260
261
266