1
2
3
4
5
6
7
8
9
10
11
12
13
14
15
16
17
19
20
21
22
23
24
25
26
27
28
29
30
31
32
33
34
35
36
37
38
39
40
41
42
43
44
45
47
48
49
50
51
52
53
55
57
58
61
62
63
65
68
69
72
73
76
77
80
81
84
85
88
89
92
93
96
97
100
101
104
105
108
109
112
113
116
117
120
121
124
125
128
129
132
133
136
137
140
141
144
145
148
149
152
153
156
157
160
161
164
165
168
169
172
173
176
177
180
181
184
185
188
189
192
193
196
197
200
201
204
205
208
209
212
213
216
217
220
221
224
225
228
229
232
233
236
237
240
241
244
245
248
249
252
253
256
257
260
261
262
265
266
269
270
274
275
278
279
282
283
286
287
290
291
294
295
298
299
302
303
304
307
308
311
312
315
316
319
320