1
2
3
4
5
6
7
8
9
10
11
12
13
14
15
16
17
19
20
21
22
23
24
25
26
27
28
29
30
31
32
33
34
36
37
38
39
40
42
44
45
48
49
52
53
56
57
60
61
64
65
68
69
72
73
76
77
80
81
84
85
88
89
92
93
96
97
100
101
104
105
106
109
110
113
114
117
118
121
122
125
126
129
130
131
132
133
134
135
136
137
138
139
141
142
146
147
150
151
154
155
158
159
162
163
166
167
170
171
174
175
178
179
182
183
186
187
190
191
194
195
198
199
202
203
206
207
210
211
214
215
218
219
222
223
226
227
230
231
234
235
238
239
242
243
246
247
250
251
254
255
258
259
262
263
266
267
270
271
274
275
278
279
282
283
286
287
290
291
294
295
298
299
302
303
306
307
310
311
314
315
318
319
320