1
2
3
4
5
6
7
8
9
10
11
12
13
14
15
16
17
19
20
21
22
23
24
25
26
27
28
30
31
32
33
34
35
36
37
38
39
40
41
42
43
44
45
46
47
48
49
50
51
52
53
54
55
56
57
58
59
61
62
63
64
65
66
67
68
69
70
71
72
73
74
75
76
77
78
79
84
85
86
87
88
89
90
91
92
93
95
98
99
100
101
102
103
104
105
109
110
111
115
116
119
120
122
123
125
126
127
128
129
130
131
132
133
134
135
138
139
141
142
145
146
147
148
149
150
154
155
156
157
158
159
160
162
163
164
165
166
167
168
169
170
176
177
181
185
186
187
188
189
192
195
196
197
198
199
200
201
202
203
208
209
210
211
212
214
215
218
219
220
221
222
223
224
225
226
227
228
229
230
231
233
234
235
236
242
243
244
245
246
247
248
249
250
251
252
253
254
258
259
260
261
262
263
264
265
266
267
269
270
272
275
276
279
280
283
284
288
289
293
294
295
297
300
301
302
306
307
309
310
311
313
314
315
316
317
318
319
320
322
325
326
327
329
331
332
333
334
339
340
341
342
346
347
348
349
350
351
352
354
355
356
357
358
359
360
363
364
365
366
367
368
369
370
373
374
375
376
377
384
385
386
389
390
391
393
394
396
397
398
399
401
402
403
404
405
407
409
410
411
412
414
416
422
423
424
425
426
427
429
435
436
437
438
439
443
444
445
446
447
448
449
450
451
452
453
454
455
456
457
459
460
461
462
463
465
466
469
471
474
476
477
478
479
480
481
482
483
484
485
486
487
489
490
491
492
497
498
499
500
501
505
506
507
508
509
510
515
516
519
520
521
524
525
526
527
528
529
530
532
535
538
539
542
543
544
545
548
549
553
554
555
557
558
559
561
562
565
568
569
570
571
574
575
576
577
578
579
580
581
583
584
587
588
591
592
595
596
599
600
601
602
603
607
608
609
610
614
615
619
620
621
622
623
626
627
630
633
634
635
636
637
638
642
643
645
646
649
650
653
654
657
658
661
662
664
667
668
669
670
671
672
674
675
676
677
679
680
681
682
685
686
687
688
689
692
693
694
695
700
701
702
703
707
708
709
710
711
712
713
714
715
716
717
718
719
720
722
723
724
728
729
730
733
734
736
737
738
739
740
741
743
744
745
747
748
749
751
752
753
757
760
761
762
763
764
765
766
767
769
770
774
775
776
777
778
779
780
781
782
787
788