1
2
3
4
5
6
7
8
9
10
11
12
13
14
15
16
17
19
20
21
22
23
24
25
26
27
28
29
30
31
32
33
34
35
37
39
40
41
42
43
44
45
46
47
48
49
50
51
52
53
54
55
56
57
58
59
60
61
62
63
64
65
66
67
68
69
70
71
72
73
74
75
76
77
78
79
80
81
82
83
84
85
86
87
88
89
90
91
92
93
94
95
96
98
99
100
101
102
103
104
105
106
107
108
109
110
111
112
113
114
115
116
117
118
119
120
121
122
123
124
125
126
127
128
129
130
131
132
134
135
137
138
140
141
142
143
145
146
148
149
150
151
152
153
154
156
157
158
159
162
163
164
165
166
167
170
171
172
174
175
178
179
180
182
183
184
185
188
189
190
193
196
198
199
200
201
204
205
206
207
208
210
214
216
217
218
219
222
223
224
225
226
228
232
233
235
236
237
238
239
241
242
243
248
249
250
251
252
253
256
257
259
260
261
263
264
265
266
267
269
270
273
274
276
277
278
279
280
281
282
283
284
287
288
289
290
291
293
294
300
301
303
304
305
306
307
308
309
310
311
312
314
318
319
324
325
326
327
328
329
330
332
333
334
336
337
338
339
340
346
348
349
350
351
352
353
355
356
357
360
361
362
363
366
367
368
369
370
372
374
375
376
379
380
381
382
383
384
388
390
391
394
395
396
397
398
399
400
401
402
404
405
406
408
409
410
412
413
417
418
419
420
421
424
425
426
427
431
432
433
434
435
437
438
439
440
441
442
443
444
445
446
448
449
450
452
453
454
455
457
458
460
461
462
463
464
465
466
467
468
470
471
472
474
475
476
477
479
480
481
482
484
485
486
487
490
491
492
493
495
496
497
498
501
502
504
505
508
509
510
511
517
518
519
520
522
523
524
525
526
527
528
529
530
531
532
533
534
535
537
538
540
541
542
543
544
545
547
548
549
550
551
552
553
554
555
556
557
558
559
560
562
563
564
566
571
572
573
574
575
576
577
579
580
581
582
583
586
590
591
592
593
594
595
596
597
598
599
600
601
602
603
604
605
606
608
609
610
611
612
613
614
615
616
618
619
620
621
622
623
625
626
627
628
629
630
631
632
633
637
638
641
642
643
644
645
646
647
648
649
650
651
652
653
654
655
656
657
659
660
661
662
663
664
665
667
668
669
672
673
674
676
677
678
679
680
681
682
683
684
685
689
690
691
692
693
694
695
696
700
701
702
704
709
710
711
712
713
714
715
719
720
721
722
723
724
726
727
728
730
733
734
735
736
738
741
742
743
744
746
749
750
751
752
753
755
758
759
760
761
762
763
765
766
767
768
772
773
774
775
776
777
778
780
782
783
784
785
787
789
790
791
792
793
795
796
797
798
800
801
802
803
804
805
806
807
808
809
813
814
816
817
818
822
823
824
827
829
830
831
832
833
834
835
836
837
838
839
840
842
843
844
846
849
850
852
853
856
857
858
859
862
866
867
868
869
870
872
873
874
875
877
878
879
880
883
884
885
886
892
893
896
897
898
902
903
904
905
906
909
910
911
913
914
915
916
917
918
919
920
921
922
923
930
931
932
933
934
935
936
937
938
940
941
942
944
947
948
949
950
951
952
953
954
955
957
958
959
960
961
963
964
965
966
967
969
972
973
974
975
976
979
980
981
982
983
984
986
989
991
992
993
994
995
996
997
998
999
1000
1001
1002
1003
1004
1006
1007
1008
1009
1014
1015
1016
1017
1018
1019
1020
1021
1022
1023
1026
1027
1028
1029
1032
1033
1034
1035
1036
1037
1038
1039
1040
1041
1042
1043
1044
1045
1048
1049
1050
1055
1056
1057
1058
1059
1060
1061
1062
1063
1065
1068
1069
1070
1071
1072
1076
1079
1080
1081
1083
1084
1085
1086
1089
1090
1091
1093
1094
1095
1096
1099
1100
1103
1104
1105
1106
1107
1108
1109
1113
1114
1115
1116
1117
1118
1123
1124
1125
1126
1127
1128
1133
1134
1135
1136
1137
1138
1142
1144
1147
1148
1149
1150
1151
1152
1153
1154
1155
1156
1157
1158
1160
1161
1167
1168
1169
1170
1171
1172
1173
1174
1175
1176
1177
1180
1183
1184
1185
1188
1189
1190
1191
1192
1193
1194
1195
1197
1198
1199
1202
1203
1204
1205
1206
1207
1208
1209
1210
1211
1213
1217
1220
1221
1224
1225
1227
1228
1229
1230
1231
1233
1234
1235
1236
1237
1239
1240
1241
1242
1244
1245
1248
1251
1252
1253
1254
1259
1260
1261
1262
1263
1264
1267
1270
1271
1272
1273
1275
1276
1277
1278
1279
1280
1281
1282
1283
1284
1285
1286
1287
1288
1291
1292
1293
1294
1297
1300
1301
1302
1303
1306
1307
1308
1309
1310
1311
1312
1315
1316
1317
1318
1319
1321
1322
1323
1326
1327
1330
1331
1332
1333
1335
1336
1338
1339
1340
1341
1342
1343
1344
1345
1347
1350
1351
1352
1353
1354
1356
1357
1358
1360
1361
1362
1363
1364
1365
1366
1367
1371
1372
1373
1374
1375
1377
1378
1379
1380
1385
1386
1387
1388
1389
1390
1391
1392
1393
1396
1399
1400
1401
1402
1403
1404
1405
1406
1407
1408
1413
1414
1415
1416
1417
1418
1421
1424
1425
1428
1429
1432
1433
1434
1437
1438
1439
1440
1444
1445
1446
1447
1448
1451
1452
1453
1454
1455
1456
1459
1460
1461
1462
1463
1466
1467
1468
1469
1470
1471
1474
1475
1476
1477
1478
1481
1482
1483
1484
1485
1486
1489
1490
1491
1492
1493
1496
1497
1498
1499
1500
1501
1504
1505
1506
1507
1508
1511
1512
1513
1514
1515
1518
1519
1520
1521
1522
1525
1526
1527
1528
1529
1530
1533
1534
1535
1538
1539
1540
1543
1544
1545
1548
1549
1550
1553
1554
1555
1558
1559
1560
1563
1564
1567
1568
1571
1572
1573
1574
1575
1578
1579
1580
1583
1584
1585
1588
1589
1590
1591
1592
1594
1595
1596
1598
1599
1600
1603
1604
1605
1606
1609
1610
1611
1614
1615
1616
1619
1620
1621
1622
1623
1624
1625
1629
1630
1631
1632
1633
1635
1639
1640
1641
1642
1643
1645
1646
1647
1650
1651
1654
1655
1656
1660
1661
1662