1
2
3
4
5
6
7
8
9
10
11
12
13
14
15
16
17
19
20
21
22
23
24
25
27
28
29
30
31
32
33
34
35
36
38
39
40
41
42
43
44
45
46
47
48
49
50
51
52
53
54
55
56
57
58
59
60
61
62
63
64
65
66
67
68
69
70
71
72
74
75
76
77
78
79
80
81
82
83
84
85
86
87
88
89
90
91
93
94
95
96
97
98
99
101
102
103
104
105
106
107
109
110
111
112
113
114
115
116
117
118
119
122
125
126
127
129
132
133
136
137
138
139
140
142
145
146
147
148
151
154
155
156
158
161
162
163
165
168
169
170
173
176
177
178
180
183
184
185
187
190
191
192
194
197
198
199
202
205
206
207
208
209
212
215
216
217
219
222
223
224
227
231
232
233
235
238
239
240
241
245
248
249
250
253
256
257
258
259
261
264
265
266
269
272
273
274
277
280
281
282
283
288
291
292
293
294
301
304
305
306
307
315
318
319
320
321
326
329
330
331
332
334
340
343
344
345
347
348
349
350
352
357
362
365
366
367
368
370
378
381
382
383
384
386
389
390
391
393
396
397
398
400
403
404
405
407
408
409
410
411
414
417
418
419
420
421
423
425
428
429
430
434
437
438
439
441
444
445
446
450
453
454
455
458
461
462
463
465
468
469
470
471
472
473
476
479
480
481
482
483
484
487
490
491
492
493
494
495
501
504
505
506
507
508
509
510
513
516
517
518
522
525
526
527
528
532
536
537
538
541
544
545
546
549
552
553
554
557
560
561
562
565
568
569
570
573
576
577
578
581
584
585
586
587
590
593
594
595
598
601
602
603
606
609
610
613
614
617
618
621
622
623
624
625
628
629
630
631
632
635
636
637
638
639
642
643
644
645
646
649
650
651
652
653
656
657
658
659
660
663
664
665
666
667
670
671
672
673
674
677
678
679
680
681
684
685
686
687
688
691
692
693
694
695
698
699
700
701
702
705
706
707
708
709
712
713
714
715
716
719
720
723
724
727
728
731
732
735
736
739
740
743
744
747
748
751
752
755
756
759
760
763
764
767
768
771
772
775
776
779
780
783
784
787
788
791
792
795
796
799
800
803
804
807
808
811
812
815
816
819
820
823
824
827
828
831
832
835
836
839
840
843
844
847
848
851
852
853
854
855
856
859
860
861
862
863
866
867
868
869
870
873
874
877
878
879
880
881
884
885
886
887
888
891
892
893
894
895
896
900
901
904
905
908
909
912
913
916
917
920
921
924
925
928
929
932
933
936
937
940
941
944
945
948
949
952
953
956
957
960
961
964
965