1
2
3
4
5
6
7
8
9
10
11
12
13
14
15
16
17
19
20
21
22
23
24
25
27
28
29
30
31
32
33
34
35
36
37
38
39
41
42
43
44
45
46
47
48
49
50
51
52
53
54
55
56
58
59
60
61
63
64
65
68
69
72
73
74
77
78
79
82
83
84
87
88
89
92
93
94
97
98
99
102
103
104
107
108
109
112
113
114
117
118
121
122
123
126
127
128
131
132
133
136
137
138
141
142
143
146
147
148
151
152
153
156
157
158
161
162
163
164
165
166
167
171
172
173
174
176
177
178
180
181
183
184
185
186
187
188
192
193
194
195
196
197
201
202
203
206
207
208
209
210
211
214
215
216
217
218
219
220
221
223
224
225
227
228
229
230
231
232
233
234
235
236
240
241
244
247
248
249
250
251
252
256
257
258
259
260
261
262
264
265
266
268
269
270
271
272
273
274
275
278
279
283
286
287
288
291
292
293
296
297
298
301
302
304
305
307
308
309
311
312
313
314
316
317
318
321
322
323
324
325
327
329
330
335
336
337
340
341
342
345
346
349
350
353
354
355
358
359
360
363
364
365
368
369
370
373
374
375
378
379
380
383
384
385
388
389
390
393
394
395
398
399
400
401
402
403
404
405
406
407
408
411
412
413
414
415
416
417
418
421
422
423
426
427
428
431
432
433
436
437
438
441
442
443
444
445
446
447
448
449
451
454
455
456
457
458
459
461
464
465
466
467
468
469
470
472
473