1
2
3
4
5
6
7
8
9
10
11
12
13
14
15
16
17
19
20
22
23
24
25
26
27
28
29
30
31
32
34
35
36
37
38
39
41
42
43
44
45
46
47
48
49
50
52
54
55
56
57
58
60
61
62
63
64
67
68
69
70
71
72
73
74
75
76
77
78
79
80
82
83
85
86
87
88
92
93
95
96
97
98
99
104
105
106
107
108
109
110
111
115
116
117
118
119
120
121
123
124
125
126
127
128
129
130
133
135
136
137
138
140
143
144
145
146
147
148
149
152
153
154
155
157
158
162
165
166
167
168
169
172
173
174
175
176
178
179
180
183
184
187
188
189
190
191
194
196
197
200
201
202
203
204
206
207
208
209
210
211
212
213
215
216
217
218
219
220
221
222
229
230
231
232
233
234
235
236
237
238
239
240
241
242
243
246
247
248
249
250
251
252
253
258
259
260
261
262
264
265
266
267
268
271
272
273
274
275
276
277
278
279
280
281
282
283
286
287
288
289
290
291
292
294
295
298
300
301
303
304
307
310
311
312
313
314
315
316
317
318
320
323
324
327
328