1
2
3
4
5
6
7
8
9
10
11
12
13
14
15
16
17
19
20
21
22
23
24
25
26
28
29
30
31
32
33
34
35
36
38
39
40
41
43
44
46
47
48
49
50
51
52
53
54
56
57
58
59
61
62
63
65
67
68
69
72
73
76
78
79
82
83
86
88
89
92
93
94
95
98
99
100
101
104
107
108
109
110
111
112
114
115
116
117
118
121
122
123
125
126
127
133
134
135
136
137
138
142
144
145
148
149
150
151
152
153
154
155
156
157
158
159
163
164
165
170
171
172
173
175
176
178
179
181
182
185
186
187
188
189
190
192
195
196
197
198
199
200
203
204
205
206
211
212
213
214
215
216
217
222
223
224
225
227
229
230
231
232
233
236
237
238
239
240
241
243
244
245
246
248
252
253
256
257
258
259
264
265
266
267
268
269
270
271
274
278
281
282
283
284
285
286
287
288
291
292
293
294
296
300
303
304
307
308
311
312
315
316
319
320
321
323
326
327
330
331
334
335
338
339
342
343
344
347
348
349
351
354
355
356
357
358
361
362
363
364
365
368
369
370
371
372
375
376
377
378
379
382
383
386
387
390
391
394
395
398
399
402
403
406
407
410
411