1
2
3
4
5
6
7
8
9
10
11
12
13
14
15
16
17
19
20
21
22
23
24
25
26
27
28
29
30
31
32
33
34
35
36
37
38
39
40
41
42
43
44
45
46
48
49
50
51
52
54
56
58
59
60
61
62
63
64
65
67
68
69
70
71
72
73
76
77
80
81
82
83
84
87
88
91
92
93
94
95
98
99
102
103
104
105
106
109
110
113
114
115
116
117
120
121
124
125
126
127
128
131
132
135
136
137
138
139
142
143
146
147
148
149
150
153
154
157
158
159
160
161
164
165
166
167
168
169
170
171
174
177
178
179
180
182
185
186
187
188
190
193
194
195
196
198
201
202
203
204
206
209
210
211
212
214
217
218
219
220
222
225
226
228
229
230
231
232
233
235
237
239
242
243
244
245
247
250
251
252
253
255
258
259
260
261
263
266
267
268
269
271
274
275
276
277
279
282
283
284
285
287
290
291
292
293
295
298
299
300
301
303
306
307
308
310
311
312
313
314
315
316
317
319
322
325
326
327
328
329
330
332
335
336
337
338
339
340
342
345
346
347
348
349
350
351
352
353
354
355
357
360
363
364
365
366
368
371
372
373
374
376
379
380
381
382
384
387
388
389
390
392
395
396
397
398
400
403
404
405
406
408
411
412
413
414
415
416
417
418
419
420
421
423
426
429
430
431
432
434
437
438
439
440
442
445
446
447
448
450
453
454
455
456
457
458
459
460
461
462
463
465
468
471
472
473
474
476
479
480
481
482
484
487
488
489
490
492
494
496
499
500
501
502
503
505
507
509
512
513
514
515
517
520
521
522
523
525
528
529
530
531
533
535
537
540
541
542
543
545
547
549
552
553
554
555
557
559
561
564
565
566
567
568
569
570
571
572
573
575
578
579
580
581
583
586
587
588
589
590
591
592
593
594
595
596
597
598
599
600
601
602
603
604
605
606
607