1
2
3
4
5
6
7
8
9
10
11
12
13
14
15
16
17
19
20
21
22
23
24
25
26
27
28
29
30
31
32
33
34
35
36
37
38
39
40
41
42
43
44
45
46
47
48
49
50
51
52
53
54
55
56
57
58
59
60
61
62
63
64
65
66
67
68
69
70
71
72
74
75
76
78
79
80
81
82
83
85
86
87
88
89
90
91
92
93
94
95
96
97
98
99
100
101
102
104
105
106
107
108
109
114
115
116
119
122
123
126
127
130
131
132
133
134
137
138
139
140
141
142
145
146
147
148
149
152
153
154
155
156
157
160
161
164
165
166
167
168
170
171
172
173
174
175
178
179
180
181
182
183
184
185
186
187
188
189
190
193
194
195
196
197
198
203
204
205
206
207
208
210
211
212
213
214
218
220
221
222
224
225
226
227
228
232
234
235
237
238
240
241
242
244
245
246
248
249
252
253
254
255
256
257
258
261
262
263
265
266
267
269
270
272
274
275
276
277
278
279
280
281
284
285
290
291
292
293
294
295
296
297
298
304
305
306
307
308
309
310
312
317
318
319
320
322
325
326
327
329
332
333
334
335
337
340
341
342
344
347
348
351
352
355
356
359
360
361
362
363
365
367
368
369
370
371
374
375
376
379
380
381
382
383
384
385
386
387
388
392
393
394
395
396
397
398
400
401
402
403
404
405
406
407
409
410
411
412
415
416
418
419
423
424
425
426
427
428
429
430
431
432
436
437
438
439
440
442
443
444
447
448
449
450
453
454
456
457
458
459
460
461
462
463
464
466
467
470
473
474
475
476
477
478
479
480
481
482
483
484
485
486
487
488
490
493
494
496
497
501
502
503
504
505
506
507
508
509
510
513
514
518
519
520
521
522
523
524
525
526
527
528
529
530
532
533
537
538
543
544
545
546
547
548
549
550
551
552
553
554
555
557
558
559
560
561
564
567
568
572
573
574
575
576
577
578
579
580
583
584
585
586
591
592
593
594
595
597
598
599
601
602
603
604
605
606
607
608
612
613
615
616
620
621
623
624
625
627
628
629
632
633
634
635
636
640
641
644
645
646
647
648
652
653
658
659
660
661
662
663
666
667
668
669
670
671
672
673
674
675
679
680
681
682
683
684
685
686
687
689
690
691
692
693
694
698
699
701
702
706
707
708
709
710
711
712
713
714
715
716
717
719
722
723
724
725
726
727
728
729
730
731
732
735
736
737
738
739
740
743
745
746
747
748
749
750
751
752
753
754
755
756
761
762
765
766
767
770
771
772
773
774
775
776
777
778
779
781
782
785
786
790
791
792
793
794
795
796
797
798
799
800
803
806
807
811
812
813
814
815
816
817
818
819
820
821
822
823
824
825
826
827
829
831
834
835
839
840
841
842
843
844
845
846
847
848
849
850
851
852
853
854
855
857
858
859
860
863
864
865
866
867
868
869
871
872
874
875
878
879
880
881
885
886
890
891
892
893
894
895
896
897
898
901
902
904
905
910
911
914
915
918
919
922
923
924
925
926
927
928
929
932
933
934
935
936
937
938
939
942
943
946
947
948
949
950
951
952
953
954
955
956
957
962
963
964
965
966
967
968
969
972
975
976
978
979
980
984
985
988
989
990
991
992
993
997
998
999
1000
1001
1005
1006
1008
1009
1011
1012
1015
1016
1019
1020
1021
1023
1024
1025
1026
1027
1028
1029
1030
1031
1034
1035
1036
1038
1039
1040
1041
1042
1045
1046
1047
1048
1049
1050
1051
1052
1053
1054
1055
1056
1057
1058
1059
1060
1061
1062
1066
1067
1068
1069
1071
1072
1073
1076
1077
1080
1081
1082
1083
1084
1085
1086
1087
1088
1089
1090
1091
1095
1096
1099
1100
1103
1104
1105
1107
1108
1109
1112
1113
1114
1115
1117
1118
1121
1122
1123
1126
1127
1128
1132
1133
1135
1137
1140
1141
1142
1143
1144
1145
1146
1148
1149
1150
1151
1152
1155
1156
1159
1160
1161
1163
1166
1167
1168
1169
1170
1171
1172
1173
1179
1180
1181
1182
1183
1187
1188
1189
1190
1191
1192
1193
1194
1195
1196
1197
1199
1200
1204
1205
1208
1210
1211
1215
1216
1219
1220
1225
1226
1227
1228
1229
1230
1231
1232
1233
1237
1238
1239
1240
1241
1242
1243
1244
1245
1251
1252
1253
1254
1255
1256
1260
1261
1262
1263
1264
1265
1266
1267
1268
1270
1273
1274
1275
1276
1277
1278
1279
1280
1281
1282
1286
1287
1288
1289
1290
1291
1293
1294
1299
1301
1302
1305
1306
1308
1309