1
2
3
4
5
6
7
8
9
10
11
12
13
14
15
16
17
19
20
21
22
23
24
25
26
27
28
29
30
31
32
33
34
35
36
37
38
39
40
41
42
43
44
45
47
48
49
50
51
52
54
56
57
58
59
60
61
62
63
64
65
66
67
68
70
72
73
74
76
77
78
79
80
81
82
83
86
87
88
94
95
96
97
98
99
100
101
102
103
104
105
106
107
110
111
112
116
117
118
119
121
122
127
129
130
131
132
133
134
135
136
137
138
139
140
141
142
143
144
145
147
148
149
151
154
155
156
157
158
159
160
161
162
164
166
167
168
169
170
171
172
173
174
176
177
179
180
181
182
183
184
185
186
191
192
193
196
197
198
200
201
205
206
207
208
211
212
213
214
215
217
220
221
222
223
224
227
228
229
230
234
235
236
237
238
240
241
244
245
248
252
253
255
256
257
258
259
260
261
262
263
271
272
273
274
275
276
277
278
283
284
285
286
287
288
289
290
291
292
293
296
297
298
299
300
302
303
304
305
306
307
308
309
313
314
315
316
317
319
320
321
322
325
327
328
329
331
332
333
336
338
339
340
341
343
344
345
346
347
348
349
350
357
358
359
360
361
364
365
366
367
368
369
371
374
375
376
378
379
380
381
382
386
388
389
390
391
392
393
394
395
396
397
398
399
402
405
407
409
410
411
412
413
414
417
418
421
422
423
424
427
428
429
432
433
434
435
438
441
442
443
444
446
447
448
451
452
453
454
455
457
458
460
461
462
465
466
467
468
469
472
473
474
475
476
477
478
479
480
481
482
483
484
487
488
489
496
497
500
502
503
504
505
508
509
510
514
515
516
518
519
520
521
522
523
524
525
528
529
530
531
532
533
536
537
538
539
541
542
543
544
546
547
548
550
551
552
553
554
555
556
558
559
560
561
562
563
564
565
566
568
569
573
574
581
582
583
584
585
586
587
588
589
590
591
592
593
594
595
596
597
598
599
600
601
602
605
607
608
609
610
611
612
613
614
615
616
617
618
619
621
625
626
627
628
632
633
634
635
636
637
638
640
641
642
643
644
646
647
648
649
650
651
655
658
659
660
661
662
664
665
666
667
670
671
673
674
675
676
677
678
679
680
681
682
683
686
689
690
691
696
697
698
699
700
704
706
707
708
709
710
711
715
716
718
719
721
722
723
724
725
726
727
728
729
731
732
734
735
739
740
743
744
745
746
747
748
749
750
751
752
754
755
756
757
758
759
761
763
764
768
769
774
775
776
777
780
781
782
783
784
785
786
787
788
789
790
791
792
794
795
796
797
798
801
802
803
804
805
806
807
808
810
811
813
819
820
821
822
826
827
828
829
830
831
832
834
835
836
837
838
839
840
841
842
843
844
845
846
848
849
850
851
852
853
855
857
862
864
865
867
868
869
870
872
873
874
875
876
877
878
879
880
881
882
883
884
885
886
887
893
894
896
897
898
899
901
902
903
904
905
907
908
909
910
911
912
913
914
916
917
920
921
922
923
924
925
926
927
928
929
930
931
932
933
934
937
938
939
940
941
942
943
944
945
947
948
951
952
953
954
955
959
960
961
962
963
964
965
966
968
969
970
971
972
974
977
978
979
980
984
985
986
987
988
992
995
996
997
998
999
1000
1001
1002
1003
1006
1007
1008
1009
1010
1012
1013
1015
1016
1017
1021
1023
1024
1025
1026
1027
1029
1032
1033
1034
1035
1037
1038
1039
1040
1044
1045
1048
1049
1050
1051
1052