1
2
3
4
5
6
7
8
9
10
11
12
13
14
15
16
17
19
20
21
22
23
24
25
26
27
28
29
30
31
32
34
36
37
38
39
40
41
42
43
44
45
46
47
48
49
50
51
52
53
55
56
57
58
59
60
62
64
65
66
67
68
69
70
71
72
74
75
76
77
78
79
80
81
82
84
85
86
88
89
90
91
92
93
94
95
96
97
98
99
100
101
102
103
104
105
106
107
108
109
110
111
112
113
114
115
116
118
119
120
121
124
125
127
128
129
131
132
133
134
135
137
138
139
140
142
143
144
145
146
147
148
153
154
155
156
160
161
162
163
164
167
168
169
170
171
174
175
176
177
178
179
180
183
184
187
188
191
192
195
196
199
200
203
204
207
208
211
212
215
216
219
220
223
224
227
228
231
232
235
236
239
240
241
242
243
246
247
248
249
250
253
254
255
256
257
260
261
262
263
264
267
268
269
270
271
272
273
274
275
276
277
278
279
280
281
282
286
287
288
289
290
291
292
293
299
300
301
302
303
304
305
306
307
308
309
312
313
314
315
316
319
320
321
322
323
324
325
326
327
328
329
330
331
332
334
335
337
340
341
342
343
344
345
346
347
348
352
353
354
355
362
363
364
365
366
367
369
373
374
375
376
380
381
384
385
386
387
392
393
394
395
396
397
398
399
400
401
402
403
404
405
406
408
409
411
412
415
416
418
420
421
422
423
424
425
426
427
433
434
437
438
441
442
445
446
449
450
453
454
457
458
459
460
461
464
465
466
467
468
471
472
475
476
479
480
481