1
2
3
4
5
6
7
8
9
10
11
12
13
14
15
16
17
19
20
21
22
23
24
25
26
27
28
29
30
31
32
33
34
35
36
37
38
39
40
41
42
43
45
46
47
49
50
51
52
53
54
55
56
57
58
59
60
61
62
63
64
65
66
67
68
69
70
71
72
73
74
75
76
77
78
79
80
81
82
83
84
85
86
87
88
89
90
91
92
94
95
96
97
98
99
100
101
102
103
104
105
106
107
108
109
110
111
112
113
114
115
116
117
118
119
120
121
122
123
124
125
126
127
128
129
131
132
133
136
137
138
142
144
146
147
148
150
151
152
153
156
157
158
161
162
163
164
165
166
167
168
169
171
176
178
180
181
182
183
184
185
186
187
188
189
190
192
194
197
198
203
204
205
211
213
215
216
217
218
219
220
221
222
223
225
229
230
231
232
233
236
237
238
239
240
241
245
246
247
248
250
251
252
256
257
258
259
260
262
263
264
267
268
269
270
271
272
274
275
276
277
278
280
281
282
283
284
285
286
287
289
290
292
293
295
298
299
302
303
306
307
310
311
314
315
316
317
318
319
321
324
325
329
330
331
333
334
335
336
337
338
342
343
345
346
347
348
349
353
354
355
356
357
358
359
360
361
362
365
367
368
369
370
371
372
373
374
375
376
377
378
379
380
381
382
383
384
385
390
391
392
393
394
395
396
398
399
400
403
404
405
406
407
411
412
416
418
419
420
421
422
423
426
427
428
429
430
431
433
435
436
437
438
440
441
442
443
444
446
447
448
452
453
454
455
456
457
458
459
461
463
464
467
468
469
470
471
474
475
477
478
480
481
482
483
484
488
489
490
491
492
493
494
495
496
497
498
499
501
502
503
504
505
506
507
508
509
510
511
512
516
518
519
520
521
522
523
524
527
529
530
532
534
535
536
538
539
540
541
542
543
544
545
547
551
552
553
554
556
557
558
559
560
561
563
564
565
569
571
572
573
575
576
578
579
581
582
584
585
587
588
589
590
591
595
596
597
598
599
600
601
602
603
605
606
607
608
609
610
611
612
613
615
617
618
619
620
621
622
623
624
625
627
632
633
634
635
639
640
641
642
643
644
645
646
647
648
649
650
651
652
654
655
657
658
659
660
661
662
663
664
665
668
669
670
671
672
673
674
675
678
679
680
681
682
683
684
690
691
692
695
696
697
700
702
703
704
705
709
710
711
712
713
715
716
721
722
723
724
728
729
730
731
732
733
737
738
739
740
742
743
744
745
746
747
748
749
750
752
753
756
757
758
759
760
762
763
764
765
766
767
768
769
770
771
772
774
775
776
777
779
781
782
783
786
787
788
789
791
792
794
795
797
798
799
800
801
802
807
808
809
810
811
812
813
816
818
819
820
821
822
825
829
830
831
834
835
836
837
838
839
843
846
847
848
849
850
854
855
856
857
858
859
862
865
866
867
868
869
870
871
872
874
875
876
879
880
881
883
884
886
887
888
889
891
894
895
896
898
899
900
903
905
906
909
910
913
914
915
917
918
922
923
924
925
926
929
930
931
933
936
937
940
941
944
945
948
949
952
953
956
957
960
961
964
965
968
969
972
973
976
977
980
981
984
985
988
989
992
993
996
997
1000
1001
1004
1005
1009
1010
1011
1012
1013
1016
1017
1018
1019
1022
1023
1024
1025
1026
1028
1029
1030
1031
1032
1033
1034
1035
1037
1040
1041
1043
1044
1045
1046
1047
1048
1050
1051
1052
1053
1055
1056
1057
1058
1059
1060
1061
1066
1067
1068
1069
1070
1071
1072
1073
1074
1075
1076
1078
1080
1081
1082
1083
1084
1087
1089
1090
1092
1093
1097
1098
1102
1103
1104
1105
1106
1107
1108
1109
1114
1115
1116
1117
1118
1119
1120
1122
1123
1125
1126
1127
1128
1129
1130
1131
1132
1133
1134
1135
1138
1139
1141
1142
1144
1147
1148
1149
1150
1151
1152
1153
1154
1155
1156
1159
1160
1161
1162
1163
1166
1167
1168
1169
1170
1172
1174
1175
1176
1179
1180
1181
1182
1183
1185
1186
1187
1188
1189
1193
1194
1195
1196
1197
1200
1201
1202
1203
1204
1205
1206
1209
1210
1211
1212
1213
1214
1215
1216
1219
1220
1221
1222
1223
1224
1225
1226
1227
1228
1229
1230
1231
1232
1233
1234
1235
1237
1238
1239
1240
1242
1243
1244
1245
1249
1250
1253
1254
1255
1256
1257
1258
1261
1262
1263
1264
1265
1266
1267
1268
1271
1272
1273
1274
1275
1276
1277
1278
1279
1282
1283
1284
1285
1286
1287
1288
1289
1290
1291
1292
1293
1294
1295
1296
1297
1298
1299
1300
1301
1302
1304
1305
1306
1307
1309
1310
1311
1312
1313
1314
1316
1317
1320
1322
1323
1326
1327
1328
1329
1330
1331
1332
1333
1334
1335
1336
1337
1338
1339
1340
1341
1342
1343
1344
1346
1349
1350
1351
1352
1353
1354
1357
1358
1359
1360
1361
1362
1363
1364
1367
1368
1369
1370
1371
1372
1373
1376
1377
1378
1379
1380
1381
1382
1383
1384
1385
1386
1387
1388
1389
1390
1392
1393
1394
1395
1396
1397
1398
1399
1403
1404
1407
1408
1409
1410
1411
1412
1413
1414
1416
1417
1418
1419
1421
1422
1423
1424
1425
1426
1427
1428
1429
1430
1431
1436
1437
1438
1439
1440
1441
1442
1443
1445
1446
1447
1449
1450
1451
1456
1457
1458
1459
1462
1463
1468
1469
1470
1471
1472
1475
1476
1477
1478
1479
1482
1483
1484
1485
1486
1487
1489
1490
1491
1493
1494
1498
1499
1500
1501
1502
1503
1504
1507
1508
1509
1510
1511
1512
1514
1516
1517
1518
1520
1521
1522
1523
1524
1525
1526
1530
1531
1532
1533
1535
1536
1541
1542
1544
1545
1547
1551
1552
1553
1554
1557
1558
1559
1564
1566
1567
1569
1570
1571
1576
1578
1579
1580
1582
1583
1584
1587
1592
1593
1594
1595
1596
1597
1598
1603
1604
1605
1606
1607
1608
1611
1612
1613
1614
1615
1616
1617
1618
1619
1620
1621
1622
1623
1625
1626
1627
1628
1629
1632
1633
1634
1635
1640
1641
1642
1643
1644
1645
1646
1652
1653
1654
1655
1656
1657
1658
1659
1663
1664
1667
1668
1669
1671
1672
1673
1674
1675
1676
1680
1681
1682
1683
1684
1685
1689
1690
1691
1692
1693
1694
1695
1696
1698
1699
1701
1702
1704
1707
1708
1709
1710
1711
1712
1716
1717
1718
1719
1720
1721
1725
1726
1727
1728
1729
1730
1732
1733
1734
1735
1739
1740
1744
1745
1746
1748
1749
1750
1751
1752
1753
1756
1757
1758
1759
1761
1762
1763
1764
1765
1766
1768
1769
1770
1771
1772
1773
1774
1775
1776
1777
1778
1780
1781
1782
1783
1784
1785
1787
1788
1789
1792
1793
1795
1796
1798
1799
1800
1801
1802
1803
1804
1805
1807
1808
1809
1810
1811
1812
1815
1816
1818
1819
1820
1823
1826
1827
1829
1830
1831
1832
1833
1834
1836
1837
1838
1839
1841
1842
1843
1844
1845
1846
1847
1848
1849
1850
1853
1856
1857
1860
1861
1862
1866
1867
1868
1869
1870
1871
1872
1874
1875
1876
1877
1879
1880
1881
1884
1885
1886
1887
1888
1891
1893
1895
1896
1897
1898
1899
1900
1901
1903
1904
1905
1906
1907
1908
1909
1911
1912
1913
1914
1915
1918
1919
1920
1924
1925
1926
1927
1930
1931
1932
1933
1934
1935
1936
1937
1938
1940
1941
1946
1949
1950
1951
1952
1953
1954
1956
1957
1958
1959
1960
1961
1963
1964
1965
1967
1968
1969
1970
1971
1972
1973
1974
1975
1977
1978
1984
1988
1989
1990
1991
1992
1993
1994
1995
1996
1999
2002
2003
2006
2007
2008
2009
2010
2011
2015
2016
2019
2020
2021
2022
2023
2024
2025
2026
2027
2029
2030
2032
2033
2035
2038
2039
2040
2041
2042
2043
2044
2045
2046
2047
2048
2049
2050
2051
2052
2053
2054
2058
2059
2060
2061
2063
2064
2065
2066
2067
2068
2069
2072
2073
2076
2077
2078
2079
2080
2081
2085
2086
2087
2088
2089
2090
2091
2092
2093
2094
2095
2096
2099
2100
2102
2103
2107
2108
2109
2110
2114
2115
2116
2117
2118
2119
2121
2124
2125
2126
2127
2128
2129
2130
2131
2132
2133
2134
2135
2136
2137
2138
2139
2142
2143
2145
2148
2149
2150
2154
2155
2156
2159
2160
2161
2162
2163
2164
2165
2166
2167
2168
2169
2171
2172
2173
2175
2176
2177
2181
2182
2185