1
2
3
4
5
6
7
8
9
10
11
12
13
14
15
16
17
19
21
22
23
24
25
26
27
28
29
30
31
32
34
35
36
37
38
40
41
42
43
45
46
48
49
50
51
53
54
59
60
62
63
64
65
66
68
69
70
71
72
73
74
75
76
77
78
79
80
81
82
83
84
85
86
88
89
90
91
92
93
94
95
96
99
100
103
104
107
108
111
112
113
115
118
119
120
121
123
124
125
126
128
131
132
133
134
135
136
137
140
141
144
145
148
149
153
154
158
159
160
161
162
163
164
165
166
167
168
169
170
171
172
174
175
176
177
178
179
181
182
183
184
185
186
187
188
189
191
192
193
194
199
202
203
204
205
206
207
208
209
210
211
216
217
218
219
220
221
222
223
224
225
226
227
228
229
230
231
232
233
234
236
237
238
239
246
247
248
249
250
253
254
255
256
257
258
261
262
263
264
265
267
268
269
270