1
2
3
4
5
6
7
8
9
10
11
12
13
14
15
16
17
19
20
21
22
23
24
25
26
27
28
30
31
32
33
34
35
36
37
38
39
40
41
42
43
44
45
46
47
48
49
50
51
52
53
54
56
57
58
59
60
61
62
63
64
65
66
68
69
72
73
75
77
78
81
82
85
86
87
88
89
90
92
95
96
97
98
99
100
102
105
106
107
108
109
110
111
112
113
114
117
118
119
120
121
124
128
129
130
131
133
134
135
137
140
142
143
144
146
147
148
150
153
154
155
156
157
160
161
162
165
166
167
170
171
172
175
176
177
180
181
182
187
188
189
190
191
194
195
196
199
200
201
204
205
206
209
210
211
214
215
216
219
220
221
222
223
229
230
231
232
233
234
235
236
237
238
239
240
245
246
247
248
249
251
254
255
256
257
258
259
261
262
263
264
265
266
267
268
269
270
271
272
274
275
278
279
281
282
283
285
286
287
288
292
293
294
295
297
298
302
303
304
305
306
307
308
309
310
311
312
316
317
318
319
323
326
329
330
331
332
333
335
336
337
338
339
340
341
342
343
344
345
349
350
351
352
353
354
355
359
360
361
362
363
364
366
367
368
369
370
371
372
373
374
376
377
378
379
384
385
389
390
392
393
394
395
396
397
398
399
400
401
403
404
405
409
411
412
416
417
419
420
421
422
423
424
425
426
427
428
430
431
432
436
438
439
443
444
445
446
447
448
450
451
452
453
454
455
456
457
458
461
462
463
464
468
469
473
474
476
477
478
479
480
481
482
483
484
487
488
489
490
494
495
499
500
502
503
504
505
506
507
508
509
512
513
514
518
519
524
525