1
2
3
4
5
6
7
8
9
10
11
12
13
14
15
16
17
19
20
21
22
23
24
25
26
27
28
29
30
31
32
33
34
35
36
37
38
39
40
41
42
43
44
45
46
47
48
49
50
51
53
54
55
56
57
58
59
60
61
62
63
64
65
66
67
68
69
70
71
72
73
74
75
76
77
78
79
80
81
82
83
84
85
86
87
88
89
90
91
92
93
94
95
96
98
100
102
103
104
105
106
107
109
110
112
113
114
116
118
119
120
121
122
123
124
125
126
127
128
129
130
131
132
133
135
136
137
138
140
141
142
143
144
146
148
149
150
151
153
156
157
158
160
161
162
163
164
167
168
169
170
171
174
175
176
177
178
180
184
185
186
187
188
189
192
193
194
198
199
200
202
204
206
207
208
209
210
211
212
213
214
215
216
217
218
220
221
222
223
224
225
226
227
228
229
230
231
232
233
235
238
239
240
243
244
245
248
249
250
251
252
253
254
255
256
257
258
259
260
261
262
263
265
266
267
268
269
271
272
273
276
277
278
279
280
281
282
283
284
285
289
290
291
295
296
297
298
300
301
302
303
304
305
306
308
309
310
311
312
313
314
315
316
317
318
319
320
321
322
323
324
325
326
327
330
331
332
333
334
339
340
345
346
347
348
349
350
351
352
353
355
356
357
358
359
360
361
362
364
365
366
368
369
373
374
375
376
377
378
379
380
381
382
383
384
387
388
389
390
394
395
396
397
398
399
400
401
402
406
407
408
409
411
412
413
414
420
421
422
423
424
425
427
428
429
430
431
436
437
439
442
443
444
445
446
447
448
449
450
454
455
456
457
462
465
466
467
468
470
471
472
476
477
478
480
481
482
484
486
487
488
490
491
492
493
494
495
496
497
498
500
501
502
503
505
506
507
508
512
513
514
515
516
517
519
523
524
526
527
528
529
530
531
532
533
535
539
542
543
544
545
546
547
548
549
550
551
552
554
555
556
558
560
561
562
563
564
565
566
567
568
569
570
573
574
575
579
580
581
582
583
587
588
589
590
591
592
593
596
597
598
600
603
604
608
609
610
613
614
615
616
617
618
619
621
622
624
627
628
629
630
631
632
633
634
635
636
638
639
640
644
645
646
647
648
649
651
652
654
655
656
657
658
659
663
664
665
666
667
668
669
673
674
675
676
677
678
682
683
685
686
688
689
690
691
692
694
695
696
697
698
699
700
701
705
706
707
708
709
710
711
718
719
720
722
724
725
726
730
731
732
735
736
737
738
739
740
741
742
743
748
749
751
752
753
754
755
759
760
762
763
764
765
766
767
768
769
770
771
774
775
781
782
783
784
785
786
791
792
794
795
796
797
798
799
800
801
804
805
806
807
808
809
811
812
816
817
820
822
824
825
826
829
830
831
832
835
836
839
840
841
842
843
844
845
847
848
849
850
853
854
857
858
859
860
865
866
867
868
869
870
871
874
875
876
880
881
882
883
884
885
888
889
890
891
892
895
896
899
900
903
904
905
906
907
908
909
910
911
913
914
915
916
917
918
919
920
921
922
926
927
928
929
930
933
934
935
936
937
941
942
944
945
946
947
948
952
953
954
955
956
957
958
959
960
961
962
963
964
965
968
969
970
971
972
974
975
976
979
980
981
982
983
984
985
986
987
988
989
990
991
992
993
994
1000
1001
1002
1003
1004
1006
1007
1008
1009
1010
1013
1014
1015
1018
1019
1020
1023
1024
1025
1028
1029
1030
1033
1034
1035
1038
1039
1040
1043
1044
1045
1048
1049
1050
1055
1056
1057
1058
1059
1060
1061
1062
1063
1064
1065
1066
1069
1070
1075
1076
1077
1078
1079
1080
1081
1082
1083
1084
1085
1086
1089
1090
1095
1096
1097
1098
1099
1100
1101
1104
1105
1109
1110
1111
1112
1113
1114
1115
1118
1119
1123
1124
1125
1126
1127
1128
1132
1133
1134
1135
1136
1141
1142
1143
1144
1145
1146
1147
1148
1151
1152
1153
1154
1156
1159
1160
1161
1162
1163
1164
1165
1166
1170
1171
1172
1173
1177
1178
1179
1180
1181
1182
1183
1188
1189
1190
1191
1192
1193
1194
1195
1198
1199
1203
1204
1205
1206
1207
1208
1209
1210
1217
1219
1220
1221
1223
1224
1226
1227
1229
1230
1231
1232
1235
1236
1237
1238
1239
1240
1241
1242
1243
1244
1246
1247
1248
1249
1250
1251
1252
1253
1255
1256
1257
1258
1259
1260
1261
1262
1264
1265
1266
1269
1271
1272
1273
1275
1276
1277
1278
1279
1280
1281
1282
1283
1285
1286
1288
1289
1290
1291
1293
1294
1295
1296
1297
1298
1299
1301
1302
1303
1304
1308
1311
1312
1313
1314
1315
1316
1317
1318
1319
1320
1321
1326
1327
1328
1330
1331
1332
1334
1335
1336
1338
1339
1340
1341
1343
1344
1345
1347
1348
1349
1352
1353
1354
1357
1358
1359
1361
1362
1363
1364
1365
1366
1367
1368
1370
1371
1372
1373
1374
1375
1376
1377
1379
1380
1381
1382
1387
1388
1389
1390
1391
1392
1394
1395
1397
1398
1399
1400
1401
1402
1404
1406
1407
1409
1410
1413
1414
1417
1418
1419
1422
1423
1426
1427
1428
1429
1432
1433
1436
1437
1438
1439
1442
1443
1444
1445
1446
1447
1448
1449
1450
1452
1453
1454
1455
1456
1458
1459
1460
1461
1462
1464
1465
1467
1471
1472
1473
1474
1475
1476
1477
1482
1483
1487
1488
1489
1491
1492
1493
1494
1495
1496
1497
1498
1499
1500
1501
1504
1505
1506
1507
1508
1509
1515
1516
1517
1519
1523
1526
1527
1528
1531
1532
1533
1534
1535
1536
1537
1538
1539
1540
1541
1542
1543
1545
1547
1550
1551
1554
1555
1556
1558
1560
1561
1562
1563
1564
1567
1568
1569
1571
1572
1573
1576
1577
1578
1582
1583
1585
1586
1587
1590
1591
1592
1593
1597
1598
1599
1601
1602
1603
1606
1607
1610
1611
1612
1615
1616
1617
1620
1621
1622
1626
1628
1629
1630
1631
1634
1635
1636
1637
1638
1639
1641
1644
1645
1646
1649
1650
1651
1654
1655
1656
1660
1662
1663
1664
1666
1667
1668
1669
1670
1672
1673
1674
1677
1679
1680
1681
1682
1683
1684
1686
1687
1688
1689
1690
1691
1692
1693
1694
1695
1696
1697
1698
1699
1700
1702
1704
1705
1706
1707
1708
1710
1711
1712
1713
1714
1717
1721
1722
1723
1724
1725
1732
1733
1734
1735
1736
1737
1738
1739
1740
1741
1742
1743
1745
1746
1747
1748
1753
1756
1757
1758
1759
1760
1761
1762
1763
1764
1765
1766
1767
1769
1770
1774
1775
1777
1778
1779
1780
1781
1784
1785
1786
1790
1791
1792
1793
1794
1795
1796
1797
1798
1799
1801
1804
1805
1806
1807
1808
1810
1813
1814
1815
1816
1817
1818
1819
1820
1821
1822
1823
1824
1825
1826
1827
1828
1830
1831
1832
1833
1835
1838
1839
1841
1842
1844
1845
1846
1848
1849
1850
1852
1853
1855
1856
1857
1859
1860
1861
1863
1864
1865
1867
1869
1871
1872
1873
1874
1875
1876
1877
1879
1880
1884
1885
1886
1887
1888
1889
1890
1891
1892
1893
1894
1897
1898
1899
1900
1903
1908
1909
1910
1911
1914
1915
1916
1917
1918
1919
1920
1923
1924
1925
1926
1927
1928
1933
1934
1935
1937
1940
1941
1942
1943
1944
1945
1946
1947
1948
1951
1952
1953
1955
1956
1959
1960
1961
1962
1963
1964
1965
1966
1969
1971
1972
1973
1974
1978
1979
1980
1981
1982
1983
1984
1985
1986
1987
1988
1991
1992
1993
1995
1996
1997
2001
2002
2003
2004
2005
2008
2010
2011
2012
2013
2015
2016
2017
2018
2019
2024
2025
2026
2027
2029
2030
2031
2032
2033
2039
2040
2041
2042
2043
2044
2045
2046
2047
2048
2049
2050
2051
2052
2053
2054
2055
2058
2059
2060
2061
2062
2063
2064
2065
2066
2070
2071
2072
2074
2075
2076
2077
2078
2084
2085
2088
2089
2090
2091
2092
2093
2096
2099
2100
2103
2104
2105
2106
2107
2108
2109
2110
2112
2113
2114
2115
2116
2117
2118
2119
2121
2122
2126
2127
2128
2129
2130
2131
2133
2134
2139
2140
2141
2142
2143
2144
2145
2146
2147
2150
2153
2154
2155
2158
2159
2160
2162
2163
2164
2167
2168
2171
2172
2175
2178
2180
2181
2184
2185
2186
2191
2193
2194
2197
2198
2199
2203
2204
2205
2207
2208
2209
2210
2211
2212
2213
2214
2215
2216
2217
2220
2221
2222
2223
2224
2225
2226
2227
2228
2229
2230
2231
2232
2234
2237
2238
2241
2242
2245
2246
2249
2250
2253
2254
2257
2258
2261
2262
2265
2266
2269
2270
2273
2274
2277
2278
2281
2282
2285
2286
2289
2290
2293
2294
2297
2298
2301
2302
2305
2306
2309
2310
2313
2314
2317
2318
2321
2322
2325
2326
2327
2329
2332
2333
2334
2336
2339
2340
2343
2344
2347
2348
2351
2352
2355
2356
2359
2360
2363
2364
2367
2368
2371
2372
2375
2376
2379
2380
2381
2384
2385
2386
2387
2388
2391
2392
2393
2394
2395
2398
2399
2400
2401
2402
2405
2406
2407
2408
2409
2412
2413
2416
2417
2420
2421
2424
2425
2428
2429
2432
2433
2436
2437
2440
2441
2444
2445
2448
2449
2452
2453
2456
2457
2460
2461
2464
2465
2468
2469
2470
2472
2473
2474
2475
2476
2479
2480
2481
2482
2485
2486
2487
2488
2491
2492
2495
2496
2497
2498
2501
2502
2503
2505
2506
2508
2509
2513
2514
2515
2516
2517
2520
2521
2522
2523
2527
2528
2529
2530
2532
2533
2534
2535
2536
2537
2538
2539
2540
2542
2543
2544
2545
2546
2547
2550
2553
2554
2555
2556
2557
2558
2559
2560
2561
2562
2565
2566
2567
2568
2569
2573
2574
2575
2576
2577
2578
2579
2580
2581
2582
2583
2584
2585
2586
2590
2591
2592
2593
2598
2599
2600
2601
2602
2603
2606
2607
2608
2609
2610
2611
2612
2614
2616
2617
2618
2619
2623
2624
2625
2626
2627
2630
2631
2632
2633
2634
2635
2636
2637
2638
2639
2640
2641
2642
2644
2645
2646
2647
2652
2653
2654
2655
2656
2657
2658
2659
2660
2661
2662
2663
2664
2665
2666
2667
2668
2669
2670
2675
2676
2677
2679
2680
2682
2683
2685
2686
2687
2690
2691
2692
2693
2694
2695
2696
2697
2701
2702
2704
2705
2708
2709
2712
2713
2714
2715
2716
2717
2718
2719
2720
2722
2723
2725
2728
2729
2730
2731
2732
2733
2734
2738
2739
2742
2743
2746
2747
2750
2751
2752
2753
2754
2756
2757
2758
2759
2760
2761
2763
2764
2765
2766
2770
2771
2772
2773
2774
2775
2776
2778
2779
2780
2782
2783
2784
2786
2787
2788
2789
2792
2793
2794
2796
2797
2798
2799
2801
2802
2803
2805
2808
2809
2810
2811
2813
2816
2819
2820
2821
2822
2823
2824
2825
2826
2827
2828
2829
2830
2832
2833
2836
2839
2840
2841
2847
2848
2850
2851
2852
2853
2854
2855
2856
2857
2858
2859
2862
2863
2864
2865
2866
2867
2868
2869
2870
2871
2872
2873
2874
2875