1
2
3
4
5
6
7
8
9
10
11
12
13
14
15
16
17
18
19
20
22
23
24
25
26
27
29
30
31
33
34
35
36
37
38
40
41
42
43
44
45
46
47
48
49
50
51
52
53
54
56
57
58
59
60
61
62
64
65
66
67
68
69
72
73
74
75
76
77
78
81
82
83
85
86
87
92
93
94
95
96
97
99
100
104
105
106
107
108
109
110
112
113
114
115
116
117
120
121
122
123
124
125
127
128
131
132
134
136
137
138
139
142
143
144
145
146
147
148
153
155
157
159
160
161
162
164
167
169
170
171
173
177
178
179
180
181
183
184
186
189
190
193
194
197
198
201
202
205
206
209
210
213
214
217
218
219
221
224
225
228
229
232
233
236
237
240
241
244
245