1
2
3
4
5
6
7
8
9
10
11
12
13
14
15
16
17
19
21
22
23
24
25
27
28
29
30
31
32
33
34
35
36
37
38
39
40
42
43
44
45
46
47
48
49
50
51
52
53
54
55
56
58
59
60
61
62
63
65
66
68
69
70
73
74
75
78
79
80
83
84
85
88
89
90
93
94
95
98
99
100
101
102
103
105
106
107
109
111
112
113
114
118
119
120
121
122
125
126
129
130
132
133
134
135
136
137
138
139
141
142
148
149
151
152
155
156
157
158
161
162
163
164
165
166
167
170
171
172
175
176
177
180
181
182
183
184
185
186
187
188
189
190
191
192
193
194
195
196
197
198
199
200