1
2
3
4
5
6
7
8
9
10
11
12
13
14
15
16
17
18
20
21
22
23
24
26
27
29
30
31
32
33
34
35
36
37
39
40
42
43
45
46
47
50
51
52
53
54
55
56
57
58
59
60
61
62
63
65
66
67
68
70
71
72
73
74
79
80
81
82
83
85
86
87
88
89
90
91
92
93
94
95
97
98
103
105
106
109
110
113
114
117
118
121
122
123
124
125
126
127
128
129
130
131
132
134
137
138
139
140
141
142
143
144
145
146
147
148
149
151
153
155
156
157
158
159
161
162
163
164
165
166
167
168
169
170
171
174
175
176
179
182
183
184
185
186
187
188
189
190
191
192
194
195
196
199
202
203
204
205
206
207
208
211
212
213
214
215
216
217
218
219