1
2
3
4
5
6
7
8
9
10
11
12
13
14
15
16
17
19
21
22
23
24
26
27
29
30
31
32
33
34
35
37
38
39
40
41
42
43
44
46
47
48
49
51
52
53
54
56
57
58
59
61
62
63
64
65
68
69
70
71
72
74
75
78
79
80
81
82
84
85
88
89
90
91
92
94
95
98
99
100
101
102
104
105
108
109
110
111
112
114
115
116
117
120
121
122
123
124
126
127
129
130
131
134
135
136
137
138
140
141
144
145
146
147
148
150
151
154
155
156
157
158
160
161
164
165
166
167
168
170
171
174
175
176
177
178
180
181
182
185
186
187
188
189
190
191
193
194
195
198
199
200
201
202
204
205
206
207
208
210
213
214
215
216
217
219
220
223
224
225
226
227
229
230
233
234
235
236
237
239
240
243
244
245
246
247
249
250
253
254
255
256
257
259
260
263
264
265
266
267
269
270
273
274
275
276
277
279
280
283
284
285
286
287
289
290
293
294
295
296
297
299
300
303
304
305
306
307
309
310
313
314
315
316
317
319
320
323
324
325
326
327
329
330
333
334
335
336
337
339
340
343
344
345
346
347
349
350
353
354
355
356
357
359
360
363
364
365
366
367
369
370
373
374
375
376
377
379
380
383
384
385
386
387
389
390
393
394
395
396
397
399
400
403
404
405
406
407
409
410
413
414
415
416
417
419
420
423
424
425
426
427
429
430
433
434
435
436
437
439
440
443
444
445
446
447
449
450
453
454
455
456
457
459
460
463
464
465
466
467
469
470
471
473
476
477
478
479
480
482
483
486
487
488
489
490
492
493
496
497
498
499
500
502
503
506
507
508
509
510
512
513