1
2
3
4
5
6
7
8
9
10
11
12
13
14
15
16
17
19
21
22
23
24
25
26
27
28
29
30
31
33
34
35
36
37
39
40
41
42
43
45
46
48
50
51
53
54
55
56
57
60
61
64
65
68
69
72
73
76
77
80
81
84
85
88
89
90
93
94
95
98
99
102
103
106
107
108
109
110
111
112
113
114
116
117
118
119
120
121
122
123
124
128
129
133
134
137
138
139
142
143
144
145
146
147
148
149
150
151
152
153
154
155
157
158
159
160
161
162
164
165
166
167
168
169
170
171
172
173
174
179
183
184
185
186
187
188
189
192
193
195
196
197
198
199
200
201
202
203
204
209
211
212
218
222
224
226
227
228
229
230
231
232
233
234
235
236
237
238
239
240
241
242
243
244
245
246
247
248
249
250
251
252
253
254
255
256
260
261
265
266
267
268
269
271
272
273
274
275
276
277
279
280
281
286
287
290
291
292
293
296
297
300
301
304
305
308
309
310
311
312
316
317
320
321
324
325
328
329
332
333
336
337
338
341
342
345
346
347
350
351
352
355
356
359
360
361
364
365
366
369
370
373
374
377
378
381
382
385
386
389
390
391
392
393
394
397
398
401
402
405
406
409
410
413
414
417
418
421
422
425
426
429
430
433
434
437
438
441
442
445
446
449
450
453
454
457
458
461
462
465
466
467
470
471
472
473
476
477
480
481
482
485
486
489
490
493
494
497
498
501
502
505
506
509
510
511
512
514
515
521
522
525
526
529
530
531
534
535
536
539
540
543
544
545
548
549
550
551
552
553
555
556
557
558
559
560
561
562
563
567
570
571
572
573
574
575
576
577
578
581
582
583
584
585
586
587
588
589
590
591
592
593
594
595
596
602
603
604
606
607
608
609
610
612
613
614
615
616
617
618
619
620
621
622
624
625
626
627
628
629
634
637
638
639
640
641
643
644
645
646
647
648
653
654
655
656
657
658
659
660
661
662
663
664
665
666
667
668
672
673
676
677
680
681
683
684
686
687
689
690
695
696
699
700
703
704
705
708
709
712
713
716
717
720
721
724
725
728
729
732
733
736
737
740
741
744
745
748
749
752
753
756
757
760
761
764
765
768
769
772
773
776
777
780
781
784
785
788
789
792
793
796
797
800
801
804
805
808
809
812
813
816
817
820
821
824
825
828
829
832
833
836
837
840
841
844
845
848
849
852
853
856
857
858
861
862
865
866
869
870
873
874
877
878
881
882
885
886
889
890
893
894
897
898
901
902
905
906
909
910
913
914
917
918
921
922
925
926
929
930
933
934
937
938
941
942
945
946
949
950
953
954
957
958
961
962
965
966
969
970
973
974
975
978
979
980
983
984
987
988
991
992
995
996
999
1000
1003
1004
1007
1008
1011
1012
1015
1016
1019
1020
1023
1024
1027
1028
1031
1032
1035
1036
1039
1040
1043
1044
1047
1048
1049
1052
1053
1056
1057
1060
1061
1064
1065
1068
1069
1072
1073
1076
1077
1080
1081
1084
1085
1086
1087