1
2
3
4
5
6
8
9
10
11
12
13
14
15
16
17
18
19
20
21
23
24
26
27
29
30
32
33
34
35
37
39
40
41
45
46
47
48
49
50
51
52
53
54
55
59
60
61
62
63
64
65
66
69
70
71
72
73
76
77
79
80
81
84
85
88
89
93
95
96
97
98
99
100
101
102
103
104
105
106
109
112
113
114
116
117
118
121
122
123
124
125
126
127
128
130
132
133
134
136
137
139
141
143
145
149
150
153
154
155
156
159
160
163
164
167
168
169
171
174
175
178
179
182
183
186
187
188
191
192
193
197
198
201
202
203
205
208
209
212
213
216
217
220
221
222
225
226
227
231
232
233
234
235
236
237
239
241
242
243
244
245
247
252
253
254
255
257
258
261
264
265
266
267
270
271
272
273
274
276
279
280
281
282
283
284
285
288
289
290
292
293
294
295
296
297
298
301
302
303
304
305
306
307
310
313
314
315
318
319
320
323
324
326
327
328
330
331
332
333
336
337
338
340
341
342
343
346
349
350
353
354
355
356
358
359
360
362
363
364
366
367
368
370
371
372
373
375
377
378
380
381
382
384
385
386
388
389
390
391
392
394
396
397
399
400
401
403
405
406
409
410
412
413
414
416
417
419
421
423
425
426
428
429
431
432
434
436
438
439
442
443
444
445
447
448
449
450
451
453
454
455
456
457
458
459
461
462
463
466
467
470
471
472
473
474
478
479
480
481
482