1
2
3
4
5
6
7
8
9
10
11
12
13
14
15
16
17
19
21
22
24
25
26
27
28
29
30
31
32
33
34
35
36
37
38
39
40
41
42
43
44
45
46
47
48
50
52
54
55
56
57
58
59
61
63
64
65
66
67
68
69
71
72
73
74
76
77
79
80
82
84
86
88
90
92
94
96
97
99
100
102
103
105
106
108
109
111
112
114
115
117
118
120
121
123
124
125
126
127
128
129
130
131
132
133
134
136
138
139
140
141
142
143
144
145
146
147
148
149
150
151
153
154
156
157
159
160
162
163
165
167
169
170
172
173
175
176
178
179
180
182
183
184
186
188
190
191
193
195
196
197
199
200
202
203
205
206
208
209
211
212
214
215
217
218
220
221
223
224
225
227
228
229
231
232
233
235
236
237
239
240
242
243
245
246
248
250
251
253
254
255
257
258
259
261
262
263
264
265
266
267
268
269
270
271
272
273
274
275
276
277
278
280
281
282
283
284
285
286
287
288
289
290
291
292
293
294
295
296
297
298
299
300
301
302
303
305