1
2
3
4
5
6
7
8
9
10
11
12
13
14
15
16
17
19
21
22
24
26
27
28
29
30
31
32
33
34
35
36
37
39
41
42
43
44
45
46
47
48
49
50
51
52
53
54
55
56
57
58
59
60
61
62
63
64
65
66
67
68
69
70
73
74
75
76
77
80
81
82
83
84
87
88
89
90
91
94
95
96
97
98
101
102
103
104
105
108
109
110
111
112
115
116
117
118
119
122
123
124
125
126
129
130
131
132
133
136
137
138
139
140
143
144
145
146
147
150
151
152
153
154
157
158
159
160
161
164
165
166
167
168
171
172
173
174
175
178
179
180
181
182
185
186
187
188
189
192
193
194
195
196
199
200
201
202
203
206
207
208
209
210
213
214
215
216
217
220
221
222
223
224
227
228
229
230
231
234
235
236
237
238