1
2
3
4
5
6
7
8
9
10
11
12
13
14
15
16
17
19
21
22
24
25
26
27
28
29
30
31
32
33
34
36
39
40
41
42
43
44
45
46
47
48
49
50
51
52
53
54
55
56
57
58
59
60
61
62
63
67
68
69
70
71
74
75
76
77
78
81
82
83
84
85
88
89
90
91
92
95
96
97
98
99
102
103
104
105
106
109
110
111
112
113
116
117
118
119
120
123
124
125
126
127
130
131
132
133
134
137
138
139
140
141
144
145
146
147
148
151
152
153
154
155
158
159
160
161
162
165
166
167
168
169
172
173
174
175
176
179
180
181
182
183
186
187
188
189
190
194
195
196
197
198
202
203
204
205
206