1
2
3
4
5
6
7
8
9
10
11
12
13
14
15
16
17
19
21
22
23
24
25
26
28
29
30
31
32
33
34
35
36
37
38
39
40
41
42
43
44
46
47
48
49
50
51
52
54
55
58
59
60
61
63
64
65
67
68
69
70
71
72
73
74
75
78
83
84
85
86
87
88
90
91
92
94
95
97
99
100
101
102
103
104
105
106
107
108
109
110
111
112
113
116
117
118
119
120
121
122
123
124
125
126
131
132
133
134
135
136
137
139
140
141
144
149
150
151
152
153
155
156
157
159
160
161
162
163
164
165
166
167
169
172
174
175
176
177
178
179
181
186
187
188
189
190
192
193
194
195
196
197
198
201
202
206
207
210
211
214
215
218
219
222
223
224
225
226
227
228
229
230
231
232
233
234
235
236
237
238
240
241
242
243
244
245
246
247
248
249
250
251
253
254
255
256
257
259
260
262
263
264
266
267