1
2
3
4
5
6
7
8
9
10
11
12
13
14
15
16
17
19
21
22
23
24
25
26
27
28
29
30
31
32
33
35
36
37
38
39
40
41
42
43
44
45
46
47
48
50
51
52
53
54
55
57
59
60
61
62
63
64
67
68
70
71
72
73
74
75
76
77
78
79
81
83
84
85
86
88
89
90
91
93
94
95
96
97
98
99
100
101
102
103
104
105
106
108
110
113
114
115
116
117
118
119
120
121
122
123
127
128
129
130
131
132
133
135
136
137
138
139
140
141
142
145
146
147
148
149
152
153
154
155
156
157
159
160
162
163
164
165
166
167
168
170
171
172
173
174
175
176
178
179
180
181
182
184
186
188
192
193
194
196
197
199
200
202
203
204
205
207
208
209
210
212
214
215
216
217
221
222
225
226
229
230
231
232
234
237
238
239
240
241
242
243
245
246
248
249
250
251
252
253
255
258
259
260
261
262
263
264
266
267
268
269
270
272
273
274
275
276
277
279
281
282
283
284
285
286
288
289
291
292
293
294
296
297
298
300
301
302
303
305
306
309
310
311
312
313
314
317
318
319
320
324
325
328
329
330
331
332
333
334
335
336
337
338
339
340
341
342
343
344
345
347
348
353
354
356
357
358
359
361
362
363
364
365
367
368
369
370
371
372
374
377
378
379
381
382
383
385
386
387
388
389
392
394
395
396
397
398
399
400
401
402
403
405
406
407
408
409
411
412
413
414
415
416
417
421
422
423
424
426
427
428
431
432
433
435
436
437
440
441
442
444
445
446
449
451
452
456
457
459
462
463
464
466
467
470
471
472
473
474
475
477
480
484
485
486
487
488
489
490
491
492
493
495
497
498
499
502
504
505
507
508
509
510
513
514
515
516
517
518
519
520
523
524
526
527
528
531
534
539
541
542
543
545
546
547
548
549
552
553
554
555
557
558
560
561
563
565
567
568
569
570
571
572
573
574
575
577
578
579
581
583
584
586
587
593
594
595
596
597
598
599
602
603
604
605
606
608
609
611
614
616
617
618
619
621
622
623
624
625
626
627
628
629
630
631
632
633
634
635
637
638
639
640
641
642
644
645
646
647
651
652
653
654
655
656
657
659
660
663
666
667
668
671
672
673