1
2
3
4
5
6
7
8
9
10
11
12
13
14
15
16
17
19
21
22
24
26
27
28
29
30
31
32
33
34
35
36
37
38
39
40
41
42
43
44
45
46
47
48
50
53
54
55
56
58
59
60
61
62
63
64
65
66
69
70
72
73
74
75
76
77
78
79
82
83
84
87
88
91
92
93
96
97
100
101
102
105
106
109
110
111
114
115
118
119
122
123
126
127
130
131
134
135
136
137
138
139
142
143
144
145
146
149
150
151
152
153
154
157
158
159
160
161
164
165
166
167
168
171
172
173
174
175
178
179
180
181
182
183
186
187
188
189
190
193
194
197
198
201
202
205
206
207
210
211
214
215
216
219
220
221
222
223
224
225
226
227
228
229
230
231
232
233
234
235
238
239
240
241
242
243
244
245
246
247