1
2
3
4
5
6
7
8
9
10
11
12
13
14
15
16
17
19
21
22
23
24
25
26
27
29
30
31
32
33
34
35
36
38
39
40
41
42
43
44
45
46
47
48
49
50
52
53
54
55
57
58
59
62
63
66
67
70
71
75
76
77
78
79
82
83
84
85
86
87
90
91
92
93
94
97
98
101
103
104
105
106
107
111
112
113
114
116
117
120
121
122
123
124
125
127
128
129
130
133
134
135
136
137
138
139
142
143
144
145
147
148
149
151
152
153
155
156
157
158
160
161
162
163
166
167
169
174
175
178
179
180
181
182
183
184
185
186
187
191
192
193
196
197
200
201
202
203
204
208
209
211
212
213
214
215
217
218
219
222
223
224
225
227
230
231
233
234
235
236
237
238
239
240
241
242
244
245
246
247
249
251
254
255
258