1
2
3
4
5
6
7
8
9
10
11
12
13
14
15
16
17
19
21
22
23
24
25
26
28
29
30
31
32
33
34
35
36
37
38
39
40
42
43
44
45
46
47
49
50
51
52
53
54
55
57
60
61
62
63
64
65
66
67
68
69
70
71
72
75
76
77
78
79
82
83
84
85
86
89
90
91
92
93
97
98
99
100
101
102
103
104
105
107
108
109
110
111
114
115
118
119
122
123
126
127
130
131
134
135
138
139
142
143
144
147
148
152
153
154
155
156
157
158
159
160
162
163
164
165
166
169
170
171
172
173
174
175
176
177
178
179
180
181
184
185
188
189
192
193
196
197
200
201
202
203
204
207
208
209
210
211
212
215
216
217
218
219
222
223
224
225
226
227
231
232
233
234
235
236
238
239
240
242
243
244
245
246
247
248
250
251
252
253
254
255
256
257
258
259
261
264
265
266
267
268
269
270
271
272
273
274
275
276
277
278
279
280
281
282
283
284
285
286
287
288
289
290
291
292
293
294
295
296
297
298
299
300
301
302
303
304
305
306
307
308
309
312
313
314
315
316
319
320
321
322
323
324
325
328
329
330
331
332
335
336
337
338
339
342
343
344
345
346
347
350
351
352
353
354
355
358
359
360
361
362
365
366
367
368
369
370
373
374
375
376
377
380
381
382
383
384
385
388
389
390
391
392
395
396
397
398
399
400
403
404
405
406
407
410
411
412
413
414
415
418
419
420
421
422
425
426
427
428
429
430
431
434
435
436
437
438
441
442
443
444
445
446
449
450
451
452
453
456
457
458
459
460
461
464
465
468
469
470
471
472
473
476
477
480
481
482
483
484
485
488
489
490
491
492
495
496
497
498
499
500
503
504
507
508
511
512
515
516
519
520
521
522
523
526
527
528
529
530
533
534
535
536
537
540
541
542
543
544
545