1
2
3
4
5
6
7
8
9
10
11
12
13
14
15
16
17
18
20
21
22
23
24
25
26
27
28
29
30
31
33
34
35
36
37
38
39
40
41
42
43
44
45
46
47
48
51
52
53
54
55
56
57
58
59
62
63
64
65
66
69
70
71
72
73
74
75
76
78
79
80
84
85
86
87
88
89
92
93
94
95
96
97
98
101
102
103
104
105
106
107
111
112
113
114
116
117
118
119
121
122
123
126
129
130
131
132
133
136
137
138
139
140
141
142
143
144
145
146
147
148
149
151
153
154
155
156
157
158
159
160
164
165
166
167
168
169
170
171
172
176
177
178
179
180
181
182
183
184
185
188
189
193
194
195
196
197
198
199
200
201
204
205
206
207
208
209
210
211
213
214
215
216
218
219
220
221
223
224
225
227
228
229
230
231
232
234
235
236
237
238
239
240
242
245
249
250
251
252
253
254
255
256
257
258
259
260
261
262
263
264
265
266
267
269
270
273