1
2
3
4
5
6
7
8
9
10
11
12
13
14
15
16
17
19
21
22
23
24
25
26
27
28
30
31
32
33
34
35
36
37
38
39
40
41
42
43
44
45
46
47
48
49
50
51
52
53
54
55
56
57
58
60
61
62
63
64
65
67
69
70
71
73
74
76
77
78
80
81
82
83
84
86
87
88
89
90
93
94
95
97
98
99
102
103
106
107
108
112
113
116
117
122
125
126
129
130
133
134
135
136
137
138
139
140
141
145
146
147
148
149
150
151
153
154
157
158
159
160
163
164
165
166
167
168
169
171
172
173
174
175
176
177
178
179
182
183
184
186
187
188
191
192
193
195
196
199
200
201
202
204
206
207
208
209
212
213
215
217
218
219
220
222
224
225
226
227
228
229
230
231
232
233
236
238
239
240
242
244
245
246
247
252
253
254
255
256
259
260
261
262
264
265
267
268
269
270
273
274
275
276
277
278
281
282
283
284
285
286
287
288
290
291
292
296
297
298
299
300
301
302
303
304
305
306
307
311
312
315
316
319
322
323
324
325
327
328
330
331
334
335
336
339
340
342
343
344
345
347
348
349
350
351
352
354
355
357
358
360
362
365
366
367
368
369
370
371
372
373
374
375
376
377
378
380
381
382
383
384
385
386
387
388
389
394
397
398
399
400
401
402
403
404
405
406
410
411
412
413
414
418
421
422
423
424
425
426
427
430
431
432
433
434
435
436
437
440
441
444
445
446
447
450
451
452
455