1
2
3
4
5
6
7
8
9
10
11
12
13
14
15
16
17
18
20
21
23
24
25
26
27
28
29
30
31
32
33
34
35
36
37
38
39
40
41
42
43
44
45
47
48
49
50
51
54
63
64
66
67
68
69
73
74
75
76
77
79
81
82
83
84
85
87
88
89
90
91
92
93
95
96
98
100
101
103
106
107
108
109
111
112
113
114
115
116
117
119
120
121
124
125
126
127
129
130
131
132
133
134
135
137
138
139
142
143
144
145
146
148
149
150
151
152
153
154
156
157
158
162
165
166
167
168
169
170
171
172
173
174
175
177
178
180
181
182
184
185
186
187
188
189
190
191
192
193
194
195
197
198
199
200
201
202
204
205
206
209
210
211
212
213
214
215
216
217
218
219
220
221
222
223
224
225
226
227
228
229
233
234
235
236
238
239
240
241
242
243
244
246
247
248
251
252
253
254
255
256
259
260
261
262
263
265
269
270
271
272
273
275
277
278
279
280
281
282
283
284
285
287
288
289
291
292
293
294
295
297
298
301
302
303
306
307
308
309
310
311
312
313
314
315
318
319
321
322
323
324
325
326
329
330
334
335
336
337
340
341
342
343
346
347
348
349
350
351
354
355
356
357
358