1
2
3
4
5
6
7
8
9
10
11
12
13
14
15
16
17
19
21
22
23
24
26
27
28
29
30
31
32
33
34
35
36
37
38
39
40
41
42
43
44
45
47
48
49
50
51
53
54
55
56
57
59
60
63
64
65
67
68
69
71
72
73
74
75
77
79
80
81
82
85
87
88
89
90
91
92
96
97
98
99
102
103
104
105
106
109
110
111
112
113
116
117
118
119
120
123
124
125
126
127
129
130
131
133
134
135
136
138
139
141
142
145
146
148
149
150
153
154
155
156
157
159
160
163
164
166
167
168
169
170
171
172
173
177
178
179
182
183
184
187
188
189
190
191
194
195
196
200
201
202
203
204
205
206
207