1
2
3
4
5
6
7
8
9
10
11
12
13
14
15
16
17
19
21
22
23
24
25
26
27
28
30
31
32
33
34
35
36
37
38
39
40
41
42
43
44
45
46
47
48
49
50
51
52
53
54
56
57
58
59
60
61
62
63
65
66
68
69
70
73
74
75
76
77
78
80
81
82
83
84
86
88
89
90
92
93
94
96
98
99
100
101
102
103
105
106
107
110
111
112
114
116
117
118
119
120
121
122
125
126
127
128
129
130
131
132
133
137
138
139
140
141
142
146
147
148
149
150
152
153
155
156
157
158
160
161
162
164
165
166
167
168
169
170
171
173
174
177
180
181
182
183
184
185
186
187
188
189
190
191
192
193
194
195
196
197
198
199
200
201
202
205
206
207
208
209
210
211
213
214
217
218
219
221
225
226
227
228
229
230
231
232
233
234
236
237
240
241
244
245
246
247
248
249
250
251
252