1
2
3
4
5
6
7
8
9
10
11
12
13
14
15
16
17
19
21
22
23
24
25
27
28
29
30
31
32
33
34
35
36
37
38
39
40
41
42
43
45
46
47
48
49
50
51
52
54
55
56
57
58
60
61
63
64
67
68
71
72
73
74
75
76
77
78
79
80
81
83
86
87
88
89
92
93
95
96
97
98
99
100
101
102
103
104
105
106
108
109
110
111
112
113
114
115
116
117
120
121
122
124
125
126
128
129
131
132
133
134
135
136
137
138
141
142
143
144
145
149
150
152
153
154
155
156
157
158
159
164
165
166
167
169
170
172
173
176
177
178
179
180
181
184
185
186
187
188
189
194
195
196
197
198
203
204
205
206
207
208
209
210
211
214
215
216
217
218
220
221
224
225
228
229
230
233
234
235
236
237
238
239
242
243
244
246
247
248
249
250
251
252
253
254
255
257
258
260
261
263