1
2
3
4
5
6
7
8
9
10
11
12
13
14
15
16
17
19
21
22
23
24
25
27
28
29
30
31
32
33
34
35
36
37
39
40
41
42
43
45
46
48
49
51
54
55
56
57
60
61
62
63
64
67
68
69
70
72
73
74
75
76
79
82
83
84
89
90
92
94
95
97
98
99
100
101
103
105
107
108
111
113
115
116
117
118
120
122
124
127
128
129
130
131
132
133
134
135
136
137
138
140
143
144
146
147
148
150
151
152
153
156
159
160
162
163
164
166
167
168
170
171
172
175
178
179
180
183
184
186
187
188
189
190
191
192
194
195
196
200
201
202
203
204
205
206
207
208
209
211
213
214
215
219
220
221
222
223
224
225
226
227
228
230
231
232
236
237
238
239
240
241
245
246
247
250
251
252
253
255
258
259
260
261
262
264
266
269
270
271
272
275
276
277
278
279
282
283
286
287
288
289