1
2
3
4
5
6
7
8
9
10
11
12
13
14
15
16
17
18
20
22
23
24
25
26
27
28
29
30
31
32
33
34
35
36
37
38
39
40
41
43
44
45
46
47
48
49
50
51
52
53
54
55
56
57
58
59
60
65
67
69
70
71
72
76
77
79
82
83
85
88
89
90
91
92
93
94
95
96
97
98
99
100
101
102
103
104
105
106
107
108
110
112
113
114
115
117
121
122
123
124
125
126
127
128
129
130
131
132
133
134
135
136
137
138
139
140
141
142
144
145
146
148
149
150
151
152
153
154
155
156
157
159
160
162
163
165
166
167
169
170
171
172
173
174
175
176
178
179
180
181
183
184
185
186
187
188
189
190
193
194
195
196
198
200
201
202
203
205
206
207
208
209
211
212
213
214
215
217
219
220
221
225
226
227
228
229
232
233
234
235
236
239
240
241
242
243
244
245
248
250
251
252
253
254
255
256
257
258
259
260
261
262
264
268
269
270
271
272
273
274
275
278
279
280
281
283
284
285
286
288
289
291
292
293
294
295
296
299
300
301
302
303
304
305
307
308
309
310
311
316
317
318
320
321
322
323
324
328
329
332
333