1
2
3
4
5
6
7
8
9
10
11
12
13
14
15
16
17
19
21
22
23
24
25
26
27
29
30
31
32
33
34
35
36
37
38
39
40
41
42
43
44
45
46
48
49
50
51
52
53
54
55
56
58
59
60
61
62
63
64
65
66
67
68
69
70
71
72
73
74
75
76
77
78
79
80
81
82
84
85
86
87
89
90
91
92
93
94
95
96
98
100
101
103
106
107
108
109
110
111
112
113
114
115
116
117
118
119
120
121
122
123
124
125
126
127
128
129
130
131
132
133
134
135
136
137
138
139
140
141
142
143
144
145
146
147
148
149
150
151
152
153
154
155
156
157
158
159
160
161
162
163
164
165
166
167
168
169
170
171
172
173
174
175
176
177
178
179
180
181
182
183
184
185
186
187
188
189
192
193
194
195
196
199
200
201
202
203
204
207
208
209
210
211
214
215
216
217
218
219
222
223
224
225
226
229
230
231
232
233
234
237
238
239
240
241
244
245
246
247
248
249
252
253
254
255
256
259
260
261
262
263
264
265
268
269
272
273
276
277
278
279
280
283
284
285
286
287
288
291
292
293
294
295
298
299
300
301
302
303
306
307
308
309
310
313
314
315
316
317
318
319
322
323
324
325
326
329
330
331
332
333
334
335
338
339
342
343
346
347
348
349
350
353
354
355
356
357
358
361
362
363
364
365
368
369
370
371
372
373
376
377
380
381
384
385
388
389
392
393
396
397
400
401
402
403
404
407
408
409
410
411
412
415
416
417
418
419
422
423
424
425
426
427
428
431
432
433
434
435
436
437
440
441
442
443
444
447
448
449
450
451
454
455
456
457
458
459
460
463
464
465
466
467
470
471
472
473
474
475
478
479
480
481
482
485
486
487
488
489
490
493
494
495
496
497
498
499
502
503
504
505
506
507
508
511
512
515
516
519
520
523
524
527
528
531
532
533
534