1
2
3
4
5
6
7
8
9
10
11
12
13
14
15
16
17
19
21
22
23
24
25
26
27
29
30
31
32
33
34
35
36
37
38
39
40
41
42
43
44
45
46
47
48
49
50
51
52
53
54
55
57
58
59
60
61
62
63
64
65
67
68
69
71
72
73
75
76
77
80
81
82
83
84
85
87
89
90
91
94
95
96
97
98
99
100
101
102
103
104
105
106
107
108
109
111
112
113
114
115
117
118
119
120
122
123
124
125
127
128
129
130
131
132
133
134
135
136
137
138
139
140
141
143
144
145
146
147
148
149
150
151
152
153
154
155
156
157
158
159
160
161
162
163
164
165
166
167
168
169
170
171
172
173
174
175
176
177
180
181
182
183
184
185
186
187
188
189
190
191
192
194
195
196
197
200
201
205
206
207
211
212
213
214
215
216
217
218
219
220
221
222
225
226
229
232
233
234
235
236
237
238
239
240
241
242
243
244
245
246
247
248
251
252
255
256
260
261
262
263
264
265
266
267
269
270
271
272
273
276
277
280
281
284
285
288
289
291
292
295
296
299
300
303
304
307
308