1
2
3
4
5
6
7
8
9
10
11
12
13
14
15
16
17
18
20
21
22
24
25
26
27
28
29
30
31
32
33
34
35
36
37
38
40
41
42
43
44
45
46
47
49
50
51
53
54
55
57
58
59
61
62
67
68
69
75
76
77
78
80
81
82
83
84
88
89
90
91
92
93
96
98
99
100
103
104
107
108
109
110
111
112
114
115
117
118
119
121
122
124
125
126
127
128
129
130
131
132
133
134
136
137
138
139
140
142
145
146
147
148
150
151
152
153
154
155
156
157
158
159
160
161
162
163
164
169
170
171
174
175
176
177
178
179
180
181
182
183
184
185
187
190
191
192
193
194
195
196
198
200
201