1
2
3
4
5
6
7
8
9
10
11
12
13
14
15
16
17
19
21
22
23
24
25
26
27
29
30
31
33
34
35
36
37
38
39
41
42
43
44
45
46
48
50
54
55
56
57
58
62
63
64
69
70
74
75
79
80
81
84
85
88
89
92
93
94
97
98
99
100
101
102
105
106
107
108
109
110
111
114
115
118
119
124
125
126
128
129
130
132
133
137
138
139
142
143
146
147
150
151
154
156
158
159
160
161
163
164
166
167
171
172
173
174
175
177
178
180
181
182
183
184
185
186
187
188
189
190
191
194
195
196
197
198
200
201
203
204
209
210
211
212
213
214
215
219
220
223
224
227
228
229
232
233
234
237
238
239
242
243
244
245
246
247
251
252
253
256
257
258
261
262
263
266
267