1
2
3
4
5
6
7
8
9
10
11
12
13
14
15
16
17
19
21
22
23
24
25
26
27
29
30
31
32
33
34
35
36
37
38
39
40
41
42
43
44
45
46
47
48
49
50
52
53
54
55
56
58
59
60
61
62
63
64
65
67
68
69
71
72
74
75
76
77
78
79
80
81
82
84
87
88
90
92
93
94
95
96
98
99
100
102
104
105
106
107
108
109
110
111
113
114
115
116
117
118
119
120
121
122
123
124
125
126
127
128
129
130
131
132
133
134
136
137
138
139
140
141
143
144
147
148
149
150
151
152
153
154
155
156
157
162
163
165
167
168
170
171
173
174
175
176
177
178
181
182
183
184
185
186
187
188
191
192
193
194
195
196
197
198
201
202
203
204
206
207
208
211
212
213
214
216
217
218
219
220
221
222
223
224
226
228
229
230
232
233
234
235
236
237
238
239
240
241
242
243
246
247
248
249
250
251
252
253
254
256
257
261
262
263
264
265
266
267
268
273
274
275
276
277
278
281
284
285
287
288
289
292
293
294
295
296
298
299
300
303
304
305
307
308
309
310
311
312