1
2
3
4
5
6
7
8
9
10
11
12
13
14
15
16
17
19
21
22
23
24
25
27
28
29
30
31
32
33
34
35
36
37
38
39
40
41
42
43
44
45
46
47
48
49
50
51
52
54
55
56
57
59
62
63
64
65
66
67
68
69
71
72
73
74
75
76
77
78
79
81
85
86
87
88
90
91
92
93
94
97
98
99
100
101
102
105
106
107
108
109
113
116
117
118
119
120
121
122
123
124
125
126
127
128
129
130
131
132
133
134
136
137
139
140
141
143
144
145
146
148
149
151
152
153
155
156
157
158
159
160
161
163
165
166
167
169
170
171
173
174
175
176
177
178
183
184
185
186
187
188
189
190
191
192
193
194
195
196
197
198
199
200
201
202
203
204
205
206
207
211
212
213
214
215
216
218
219
220
221
222
223
224
225
228
229
230
231
232
233
234
235
236
237
238
239
240
241
242
243
244
245
246
248
249
250
252
254
255
256
257
258
261
263
264
266
267
269
270
271
272
273
274
275
276
278
279
282
283
284
285
287
288
289
290
291
292
294
295
296
299
300
301
302
303
306
308
309
311
314
315
316
317