1
2
3
4
5
6
7
8
9
10
11
12
13
14
15
16
17
18
20
21
22
23
24
25
26
27
28
29
30
31
32
33
34
36
37
38
39
40
41
43
45
46
47
48
49
53
54
56
58
59
60
61
62
63
64
65
66
67
68
69
70
71
73
77
78
79
80
81
82
83
85
86
87
88
89
90
91
94
95
96
97
100
101
102
103
104
107
108
109
110
111
114
116
117
118
119
120
121
122
123
124
125
126
127
133
134
135
138
139
140
141
142
143
147
148
149
150
151
153
154
159
160
161
162
163
164
165
167
168
169
170
171
172
173
176
177
178
179
182
183
184
185
186
189
190
191
192
193
196
198
199
200
201
202
203
204
205
206
207
212
213
214
217
218
219
220
221
222
226
227
228
229
230
232
233