1
2
3
4
5
6
7
8
9
10
11
12
13
14
15
16
17
19
21
22
23
24
25
26
27
28
29
30
31
32
34
35
36
37
38
39
40
41
42
43
44
45
46
47
48
49
50
51
52
53
54
55
56
58
60
62
63
65
66
67
68
69
71
72
73
74
75
76
77
78
79
80
81
82
84
85
89
90
91
92
93
94
95
96
99
100
101
102
103
104
105
106
109
110
113
114
117
118
121
122
125
126
130
131
134
135
139
142
143
144
145
146
147
151
152
153
154
155
156
157
160
161
162
163
164
165
166
167
168
169
170
171
172
173
174
180
181
182
183
184
185
186
187
188
189
190
191
193
194
195
201
202
203
204
205
207
208
209
210
211
212
214
217
218
219
220
221
222
223
224
225
226
227
228
229
230
231
232
233
235
236
237
238
241
242
243
244
245
246
247
250
251
253
254
256
257
258
259
260
261
262
263
265
268
269
270
271
272
273
274
275
277
280
281
282
285
286
287
288
289
290
291
292
293
294
297
298
299
300
303
305
306
307
308
310
312
314
315
316
317
318
319
320
321
323
328
332
333
334
335
336
337
338
340
341
342
343
344
345
350
351
352
353
354
355
356
357
358
359
361
362
363
367
368
369
372
374
375
376
377
378
379
380
381
382
383
384
385
386
388
392
393
395
396
397
398
403
404
406
407
408
410
411
412
414
415
418
419
422
423
424
425
426
427
428
429
430
431
432
434
435
436
437
441
442
443
444
445
446
447
449
450
453
454
457
458
459
462
463
466
467
468
472
473
474
475
477
478
479
482
483
486
487
490
491
495
496
497
498
499
500
502
504
506
507
508
509
510
512
513
516
517
518
519
520
521
523
524
525
526
529
530
531
532
533
534
535
538
539
540
541
543
544
545
547
548
549
551
552
553
554
556
557
558
559
562
563
565
567
568
569
572
573
576
577
578
579
580
584
585
587
588
589
590
591
593
594
595
598
600
601
602
603
604
605
606
607
608
609
611
612
613
614
616
618
619
620
623
627
628
629
630
631
632
633
635
636
637
638
643
644
645
646
647
650
651
652
653
654
655
656
658
659
660
662
666
667
669
671
672
673
674
675
678
679
680
683
685
687
688
689
691
692
693
694
697
699
700
701
702
703
704
705
706
707
708
709
710
711
713
714
715
716
717
721
722
725
728
729
730
731
732
735
738
739
740
741
742
743
746
748
749
750
751
752
753
754
755
756
759