1
2
3
4
5
6
7
8
9
10
11
12
13
14
15
16
17
18
20
21
22
23
24
25
26
27
28
30
31
32
33
34
35
36
37
38
39
40
41
42
43
44
45
46
47
48
49
51
52
53
54
55
56
57
58
59
60
61
62
63
64
65
66
67
68
69
71
72
73
76
77
78
81
82
83
84
85
88
89
90
91
94
95
96
97
101
102
103
104
106
107
108
109
110
111
112
113
114
115
117
118
119
122
123
124
125
126
127
128
129
130
131
134
135
136
137
138
139
140
141
142
143
144
145
146
148
149
152
153
154
155
156
158
160
161
162
164
165
166
167
169
171
172
173
176
179
180
181
184
185
186
187
188
189
190
191
192
193
194
195
197
198
199
200
201
202
204
205
206
207
213
214
215
216
217
220
221
222
223
224
225
226
227
228
229
230
231
232
233
234
235
237
238
239
240
241
242
244