1
2
3
4
5
6
7
8
9
10
11
12
13
14
15
16
17
19
21
22
23
25
26
27
28
29
30
31
32
33
34
35
36
37
38
39
40
41
42
44
45
46
47
48
50
52
53
55
56
57
58
59
60
61
62
63
64
65
66
67
68
69
70
72
75
76
77
78
81
82
83
84
85
86
87
88
91
92
93
96
97
100
101
104
105
108
109
112
113
114
117
118
119
120
121
122
123
124
126
128
129
130
133
134
135
136
137
138
139
142
145
146
147
148
149
150
151
152
153
157
160
161
162
163
164
166
167
168
171
172
173
174
175
176
177
178
179
180
181
184
185
186
188
189
191
192
194
196
197
198
199
200
201
202
204
205
206
207
208
209
214
216
217
218
220
221
222
223
227
228
229
230
234
237
238
239
240
242
243
244
245
248
249
250
251
252
253
254
258
259
262
263
264
268
271
272
275
276