1
2
3
4
5
6
7
8
9
10
11
12
13
14
15
16
17
18
20
21
22
23
24
25
26
27
28
30
31
32
33
34
35
36
37
38
39
40
41
42
43
44
45
46
47
48
49
50
51
52
55
56
57
59
60
61
63
64
65
67
68
69
73
74
75
76
77
78
80
82
83
84
87
88
89
91
92
93
94
96
98
99
100
101
103
104
105
107
108
109
111
112
113
114
116
117
118
119
120
121
123
124
125
126
127
128
129
130
131
132
133
134
135
136
138
139
144
146
147
148
150
151
153
154
156
157
158
159
160
161
164
165
166
167
168
169
170
171
173
174
176
177
178
179
180
181
182
186
187
188
189
191
192
193
195
196
198
199
200
203
204
205
206
207
208
210
211
212
213
215
216
217
218
219
220
221
222
223
224
226
227
228
231
232
233
234
235
236
237
238
239
240
241
242
243
245
246
247
248
250
251
252
253
254
255
257
258
264
265
266
267
268
271
273
274
275
276
277
278
279
280
281
282
283
286
287
288
291
294
295
296
298
299
300
301
302