1
2
3
4
5
6
7
8
9
10
11
12
13
14
15
16
17
19
21
22
24
25
26
27
29
30
31
32
33
34
35
38
39
40
42
43
44
45
46
47
48
49
52
53
55
57
60
61
62
63
64
65
66
67
68
69
70
73
74
75
76
77
78
81
84
85
86
87
88
89
90
91
92
93
94
95
96
97
98
99
100
101
102
103
104
105
106
107
108
109
110
112
113
114
115
116
117
118
119
120
122
123
124
125
126
127
128
129
130
131
132
134
135
136
137
138
139
140
142
143
144
145
149
152
153
156
157
158
159
160
161
162
163
164
165
166
170
173
174
175
177
178
179
181
182
183
187
188
189
190
191
192
193
194
195
196
198
199
200
201
202
203
204
205
206
207
208
210
212
214