1
2
3
4
5
6
7
8
9
10
11
12
13
14
15
16
17
18
20
22
23
24
25
26
27
28
29
30
31
32
33
34
35
36
37
38
39
40
41
43
44
45
46
47
48
49
50
52
54
55
56
57
61
62
64
66
67
68
69
70
71
72
73
74
75
76
77
78
80
84
85
86
87
88
89
90
91
92
93
94
95
96
97
98
99
100
101
103
104
106
107
108
109
110
111
112
113
115
116
118
119
121
122
123
124
126
127
128
129
130
132
133
134
136
137
138
139
140
143
144
145
146
148
150
151
152
154
155
156
157
159
160
161
162
164
165
167
168
169
173
174
175
176
179
180
181
182
183
186
187
188
189
190
191
194
196
197
198
199
200
201
202
203
204
205
206
207
208
209
211
212
213
214
215
216
223
224
225
226
227
228
229
232
233
234
235
237
238
239
241
242
244
245
246
247
248
251
252
254
255
257
258
259
260
265
266
267
269
270
271
272
273
274
275
277
281
282
285
286