1
2
3
4
5
6
7
8
9
10
11
12
13
14
15
16
17
19
21
22
23
24
25
26
27
28
29
30
31
32
33
34
35
36
37
38
39
40
41
42
43
44
46
47
48
49
50
51
53
54
55
56
57
59
60
61
62
66
67
68
69
70
72
73
74
75
76
79
80
81
82
83
85
86
89
90
91
92
93
95
96
99
100
101
102
103
104
105
106
107
111
112
113
114
115
117
118
119
120
121
122
123
124
125
126
130
131
132
133
134
136
137
138
139
142
143
144
145
146
147
148
149
151
153
155
156
157
158
159
162
165
166
167
168
169
172
173
174
175
176
177
180
181
182
183
184
185
186
188
189
190
191
192
195
196
197
198
199
200
202
203
204
205
206
207
208
212
213
214
215
216
217
219
220
221
222
223
224
225
227
228
230
231
232
234
235
238
240
241
242
243
244
245
247
248
249
251
252
254
257
258
260
261
262
263
264
265
266
267
270
271
272
275
276
277
281
284
285
286
287
289
290
291
292
293
294
296
297
298
299
300
301
302
303
304
305
306
309
310
311
312
313
314
315
316
317
318
319
321
322
324
325
327
328
329
331
332
333
334
335
337
338
340
341
342
343
344
346
347
350
351
356
357
358
359
360
361
362
365
366
367
368
369
371
372
373
374
377
378
380
381
382
383
384
385
386
390
391
392
394
396
397
398
399
400
401
402
403
404
406
407
408
409
411
412
413
414
417
418
419
420
423
424
425
426
427
429
430
431
432
435
436
437
438
439
440
441
442
443
445
446
447
448
449
450
451
452
453
454
455
456
457
458
459