1
2
3
4
5
6
7
8
9
10
11
12
13
14
15
16
17
19
21
22
23
25
26
27
28
29
30
31
32
33
34
35
36
37
38
39
40
41
42
43
44
46
47
48
49
50
52
53
54
55
56
57
58
59
61
62
63
67
68
69
70
71
72
73
74
75
76
77
78
79
80
81
82
83
84
85
86
87
88
89
90
91
92
93
96
98
99
100
101
102
103
104
105
106
110
111
114
115
117
118
119
122
123
124
125
126
127
128
129
130
133
134
135
137
139
140
141
142
143
145
146
148
151
152
153
154
155
156
157
158
161
162
163
164
165
166
167
168
169
172
173
174
175
176
178
179
182
183
184
185
188
190
193
194
195
196
197
198
199
200
201
204
205
206
207
208
210
211
214
215
216
217
220
222
225
226
227
228
229
230
231
232
235
236
237
238
239
240
241
242
245
246