1
2
3
4
5
6
7
8
9
10
11
12
13
14
15
16
17
19
21
22
23
25
26
27
28
29
30
31
32
33
34
35
37
38
39
40
41
42
43
44
45
46
47
48
49
51
52
53
54
55
57
58
59
60
62
63
64
65
67
68
69
70
71
72
73
74
75
76
77
78
79
80
83
84
87
88
91
92
95
96
99
100
103
104
107
108
111
112
115
116
119
120
121
122
124
125
126
127
128
129
130
131
132
133
134
135
137
138
140
141
142
145
147
148
149
150
151
152
154
155
157
158
160
161
163
164
165
166
168
171
172
173
175
176
177
180
181
182
184
187
188
189
190
191
192
193
194
195
196
198
199
200
201
202
203
204
205
208
209
213
214
215
218
219
220