1
2
3
4
5
6
7
8
9
10
11
12
13
14
15
16
17
18
20
21
22
24
25
26
27
28
29
30
31
32
33
34
35
36
37
38
39
40
41
42
43
44
46
47
48
49
50
51
52
53
54
56
65
66
67
69
70
71
72
76
77
78
80
82
83
84
85
86
87
88
89
90
91
92
93
94
96
99
100
101
103
105
106
107
109
112
115
116
117
118
119
120
121
122
123
124
126
127
128
130
131
134
135
136
138
139
140
141
142
143
144
147
148
149
150
151
152
153
154
155
156
157
158
159
160
161
162
163
164
166
167
171
172
173
174
175
176
180
181
182
184
185
186
187
188
189
190
191
192
194
198
199
200
201
203
204
205
208
209
210
211
212
214
216
217
218
219
220
221
222
223
226
227
230
231
232
236
237
238
241
242
243
244
245
248
249
250
251
252