1
2
3
4
5
6
7
8
9
10
11
12
13
14
15
16
17
19
21
22
23
24
25
26
27
29
30
31
32
33
34
35
36
37
38
39
40
41
42
43
44
45
46
47
48
49
50
51
52
53
54
55
56
57
58
59
60
61
62
63
64
65
66
67
69
71
72
73
74
75
76
79
80
81
82
83
84
85
86
87
88
89
90
94
95
96
97
98
100
102
103
104
106
107
108
109
110
111
112
113
114
117
120
121
122
124
125
126
127
128
129
130
131
132
133
134
135
136
137
138
142
143
145
146
147
148
149
150
153
154
155
157
158
159
161
162
163
166
167
168
169
171
172
174
175
176
177
178
179
181
182
184
185
186
187
188
189
191
192
193
194
195
196
197
198
199
200
203
204
205
207
208
209
210
211
214
215
216
217
218
219
221
222
224
225
228
232
233
234
235
237
238
244
245
246
249
250
251
252
253
254
255
256
257
258
259
260
261
265
266
267
270
273
274
275
278
279
280
281
282
283
286
287
288
291
292
296
297
298
299
302
305
306
307
308
309
310
311
312
313
314
315
316
318
319
322
323
324
325
329
330
331
332
333
336
337
338
340
343
344
345
346
347
348
349
350
351
353
354
355
356
357
359
360
361
362
365
366
367
368
369
370
372
373
374
378
382
383
384
385
386
387
389
392
393
394