1
2
3
4
5
6
7
8
9
10
11
12
13
14
15
16
17
19
21
22
23
24
25
26
27
28
29
31
32
33
34
35
36
37
38
39
40
41
42
43
44
45
46
47
48
49
50
51
52
53
54
55
56
57
58
59
60
61
62
63
64
65
66
67
69
70
71
72
73
74
75
78
79
80
81
82
83
84
85
86
87
88
89
90
91
93
95
99
100
101
102
103
104
105
108
109
110
111
112
113
114
115
116
117
118
119
120
123
124
125
126
127
131
132
136
137
138
139
140
141
142
145
146
147
148
149
150
151
152
153
155
159
160
161
162
163
164
165
168
169
170
171
172
173
174
175
176
177
178
179
180
181
182
183
184
185
187
188
189
192
193
194
195
197
198
199
200
201
202
203
204
207
208
210
211
212
216
217
218
222
223
224
225
226
227
228
231
232
233
234
235
236
237
238
239
240
241
242
243
244
245
246
248
249
250
251
254
255
256
257
258
259
260
261
262
263
264
266
267
268
269
270
271
272
273
274
275
276
281
282
283
284
285
286
287
288
292
293
297
298
299
300
301
302
303
306
307
308
309
310
311
312
313
314
316
317
319
320
321
322
323
324
325
326
327
328
329
333
334
335
339
340
341
342
343
344
345
346
347
349
350
351
352
353
354
355
356
357
358
359
360
361
362
366
368
369
370
371
372
374
375
378
379
380
381
382
384
385
386
387
388
389
390
391
392
393
394
395
396
397
398
399
400
401
403
404
405
406
407
409
412
413
414
415
416
417
418
419
420
421
422
423
424
425
426
427
428
429
430
431
432
433
434
435
436
437
445
446
447
448
449
450
451
452
453
454
455
456
457
458
459
460
465
468
469
470
471
472
473
474
475
476
477
478
479
480
481
482
483
484
485
486
487
488
489
490
492
493
494
495
499
500
501
502
503
504
506
507
508
509
510
511
512
513
517
518
519
520
521
522
523
524
525
528
529
530
531
532
533
534
537
538
541
542
543
544
545
546
547
548
549
550
554
555
556
557
558
559
560
563
564
565
566
567
568
569
570
571
572
576
577
578
579
580
581
582
583
584
585
586
587
590
594
595
596
597
598
599
600
601
603
604
605
609
611
612
613
614
615
616
617
618
619
620
621
625
626
627
628
629
631
632
633
634
635
636
637
638
640
641
642
644
645
646
647
648
650
651
652
656
657
658
659
660
661
662
663
664
667
668
670
672
674
675
676
677
678
679
680
681
682
683
684
685
691
692
693
694
695
699
700
701
702
703
704
707
708
709
710
711
714
715
716
717
718
719
720