1
2
3
4
5
6
7
8
9
10
11
12
13
14
15
16
17
18
20
21
22
24
25
26
27
28
29
30
32
33
34
35
36
37
38
39
40
41
42
43
45
46
48
49
50
51
52
53
54
55
57
58
59
60
61
62
64
65
66
67
69
70
71
72
73
75
76
77
78
79
81
82
83
84
85
86
87
88
91
92
93
94
95
96
97
98
99
102
103
104
105
106
107
108
109
110
111
112
116
117
119
120
121
122
123
125
127
128
129
130
131
132
135
136
137
138
139
140
141
142
143
144
145
146
147
148
149
150
151
152
153
154
155
157
158
159
163
164
167
168
169
170
171
172
173
175
176
178
181
182
183
184
185
186
187
189
190
191
192
193
194
195
196
198
199
202
205
206
207
208
209
210
212
215
216
217
218
219
221
222
223
224
225
226
228
229
230
231
233
234
236