1
2
4
5
6
7
8
9
10
11
12
14
15
16
17
18
19
20
21
22
23
24
25
26
27
28
29
30
33
34
35
36
37
38
39
40
42
43
44
47
48
49
52
53
54
55
56
58
59
60
61
62
63
65
66
67
68
69
70
72
73
74
75
76
77
79
80
81
82
83
84
85
86
87
88
89
90
91
93
94
95
96
97
99
100
102
103
105
107
108
109
110
111
113
114
115
117
118
120
121
122
123
124
125
126
128
129
132
133
134
135
137
138
139
140
141
142
143
144
145
146
147
148
149
150
151
152
153
154
155
156
157
158
159
160
161
162
163
164
165
166
167
168
169
170
171
172
173
174
175
176
177
179
182