1
2
4
5
6
7
8
9
10
11
13
14
15
16
18
19
21
22
23
24
25
27
28
32
33
34
35
36
37
38
39
40
41
42
45
46
47
48
49
50
51
54
57
58
59
61
62
64
65
66
67
69
70
74
75
76
77
78
81
83
84
85
86
87
88
92
93
94
95
96
97
98
99
100
101
102
103
104
105
106
109
110
111
112
113
114
115
116
117
118
119
121
122
123
124
127
128
130
131
134
135
136
137
138
139
141
143
144
148
150
151
156
157
160
161
162
165
168
169
170
171
172
173
174
175
176
177
178
179
180
181
182
183
184
185
186
187
188
189
191
192
193
194
196
198
199
201
202
205
206
207
208
209
210
212
214
215
219
221
222
227
228
231
232
233
236
239
240
241
242
243
244
245
246
247
248
249
251
252
255
256
257
258
259
260
261
262
263
264
265
266
267
268
269
270
271
273
274
277
278
279
280
281
283
284
285
286
287
288
290
292
293
297
299
300
305
306
309
310
311
314
317
318
319
320
321
322
323
324
325
326
327
328
329
331
332
335
336
337
338
339
340
342
343
346
347
348
349
350
351
353
354
357
358
359
360
361
362
364
365
368
369
370
371
372
373
375
376
379
380
381
382
383
384
386
387
390
391
392
393
394
395
397
398
401
402
403
404
405
406
408
409
412
413
414
415
416
417
419
420
423
424
425
426
427
428
430
431
434
435
436
437
438
439
441
442
445
446
447
448
449
450
452
453
456
457
458
459
460
461
463
464
467
468
469
470
471
473
474
475
478
481
482
483
484
485
486
487
488
489
490
491
492
493
494
496
497
498
499
500
501
502
503
504
505
506
507
508
509
510
511
512
515
517
518
523
524
527
528
529
532
535
536
537
538
539
540
541
542
543
544
545
547
548
551
552
553
554
555
557
558
561
562
563
564
565
566
567
568
569
571
572
575
576
577
578
579
581
582
583
584
585
586
588
590
591
595
597
598
603
604
607
608
609
612
615
616
617
618
619
620
621
622
623
624
625
626
628
629
632
633
634
635
636
638
639
642
643
644
645
646
648
649
652
653
654
655
656
658
659
662
663
664
665
666
668
669
672
673
674
675
676
678
679
680
681
682
683
685
687
688
692
694
695
700
701
704
705
706
709
712
713
714
715
716
717
718
719
720
721
722
723
724
726
727
730
731
732
733
734
735
737
739
740
744
746
747
752
753
756
757
758
761
764
765
766
767
768
769
770
771
772
773
774
775
776
777
778
779
781
782
783
784
785
787
788
789
794
795
796
797
798
799
800
801
802
803
804
805
806
808
809
812
813
814
815
816
817
819
821
822
826
828
829
834
835
838
839
840
843
846
847
848
849
850
851
852
853
854
855
856
858
859
860
861
864
865
867
868
871
872
873
874
875
876
878
880
881
885
887
888
893
894
897
898
899
902
905
906
907
908
909
910
911
912
913
914
915
916
917
918
921
922
923
924
925
926
927
930
931
933
934
937
938
939
940
941
942
944
946
947
951
953
954
959
960
963
964
965
968
971
972
973
974
975
976
977
978
979
980
981
982
983
985
986
989
990
991
992
993
994
996
998
999
1003
1005
1006
1011
1012
1015
1016
1017
1020
1023
1024
1025
1026
1027
1028
1029
1030
1031
1032
1033
1035
1036
1037
1038
1041
1042
1044
1045
1048
1049
1050
1051
1052
1053
1055
1057
1058
1062
1064
1065
1070
1071
1074
1075
1076
1079
1082
1083
1084
1085
1086
1087
1088
1089
1090
1091
1092
1093
1094
1095
1098
1099
1101
1102
1105
1106
1107
1108
1109
1110
1112
1114
1115
1119
1121
1122
1127
1128
1131
1132
1133
1136
1139
1140
1141
1142
1143
1144
1145
1146
1147
1148
1149
1150
1151
1152
1153
1154
1155
1156
1159
1160
1162
1163
1166
1167
1168
1169
1170
1171
1173
1175
1176
1180
1182
1183
1188
1189
1192
1193
1194
1197
1200
1201
1202
1203
1204
1205
1206
1207
1208
1209
1210
1212
1213
1214
1215
1216
1218
1219
1220
1221
1222
1224
1225
1226
1227
1228
1230
1231
1232
1233
1234
1236
1237
1238
1239
1240
1242
1243
1246
1247
1248
1249
1250
1252
1253
1254
1255
1256
1257
1259
1261
1262
1266
1268
1269
1274
1275
1278
1279
1280
1283
1286
1287
1288
1289
1290
1291
1292
1293
1294
1295
1296
1298
1299
1302
1303
1304
1305
1306
1307
1309
1311
1312
1316
1318
1319
1324
1325
1328
1329
1330
1333
1336
1337
1338
1339
1340
1341
1342
1343
1344
1345
1346
1347
1348
1349
1350
1351
1354
1355
1356
1357
1358
1359
1360
1362
1363
1364
1365
1368
1369
1371
1372
1375
1376
1377
1378
1379
1380
1382
1384
1385
1389
1391
1392
1397
1398
1401
1402
1403
1406
1409
1410
1411
1412
1413
1414
1415
1416
1417
1418
1419
1421
1422
1425
1426
1427
1428
1429
1430
1432
1434
1435
1439
1441
1442
1447
1448
1451
1452
1453
1456
1459
1460
1461
1462
1463
1464
1465
1466
1467
1468
1469
1470
1471
1472
1473
1474
1475
1476
1477
1478
1479
1480
1481
1482
1483
1486
1487
1488
1489
1490
1491
1492
1494
1495
1496
1497
1500
1501
1503
1504
1505
1506
1507
1509
1510
1514
1515
1516
1517
1518
1519
1521
1523
1524
1528
1530
1531
1536
1537
1540
1541
1542
1545
1548
1549
1550
1551
1552
1553
1554
1555
1556
1557
1558
1559
1560
1561
1563
1564
1567
1568
1569
1570
1571
1572
1574
1576
1577
1581
1583
1584
1589
1590
1593
1594
1595
1598
1601
1602
1603
1604
1605
1606
1607
1608
1609
1610
1611
1612
1613
1615
1616
1619
1620
1621
1622
1623
1624
1626
1628
1629
1633
1635
1636
1641
1642
1645
1646
1647
1650
1653
1654
1655
1656
1657
1658
1659
1660
1661
1662
1663
1664
1665
1666
1667
1668
1669
1670
1671
1672
1673
1674
1675
1676
1677
1678
1680
1681
1682
1683
1686
1687
1688
1689
1690
1692
1693
1696
1697
1698
1699
1700
1701
1703
1705
1706
1710
1712
1713
1718
1719
1722
1723
1724
1727
1730
1731
1732
1733
1734
1735
1736
1737
1739
1740
1743
1744
1745
1748
1751
1752
1753
1754
1755
1756
1757
1758
1760
1761
1764
1765
1766
1769
1772
1773
1774
1775
1776
1777
1778
1779
1780
1781
1782
1783
1785
1786
1789
1790
1791
1792
1793
1795
1796
1800
1801
1802
1805
1808
1809
1810
1811
1812
1813
1814
1815
1816
1817
1818
1819
1820
1821
1822
1823
1824
1825
1826
1827
1828
1831
1832
1833
1835
1836
1839
1840
1841
1842
1843
1844
1846
1848
1849
1853
1855
1856
1861
1862
1865
1866
1867
1870
1873
1874
1875
1876
1877
1878
1879
1880
1881
1882
1883
1884
1885
1886
1889
1890
1891
1896
1897
1898
1899
1900
1901
1902
1903
1904
1905
1906
1907
1908
1909
1910
1911
1912
1915
1916
1917
1918
1919
1920
1922
1924
1925
1929
1931
1932
1937
1938
1941
1942
1943
1948
1949
1950
1951
1952
1953
1954
1955
1956
1957
1958
1959
1960
1961
1962
1963
1964
1965
1966
1967
1968
1969
1970
1971
1972
1974
1975
1976
1977
1979
1981
1982
1984
1985
1988
1989
1990
1991
1992
1993
1995
1997
1998
2002
2004
2005
2010
2011
2014
2015
2016
2019
2022
2023
2024
2025
2026
2027
2028
2029
2030
2031
2032
2033
2034
2035
2038
2039
2040
2041
2042
2043
2044
2045
2046
2047
2048
2049
2052
2053
2054
2055
2056
2057
2058
2061
2062
2065
2066
2067
2068
2069
2070
2072
2074
2075
2079
2081
2082
2087
2088
2091
2092
2093
2096
2099
2100
2101
2102
2103
2104
2105
2106
2107
2108
2109
2110
2111
2112
2114
2115
2118
2119
2120
2121
2122
2123
2125
2126
2129
2130
2131
2132
2133
2134
2136
2137
2140
2141
2142
2143
2144
2146
2147
2151
2152
2153
2156
2159
2160
2161
2162
2163
2164
2165
2166
2167
2168
2169
2170
2172
2173
2176
2177
2178
2179
2180
2182
2183
2187
2188
2189
2190
2191
2192
2194
2196
2197
2201
2203
2204
2209
2210
2213
2214
2215
2218
2221
2222
2223
2224
2225
2226
2227
2228
2229
2230
2231
2232
2234
2235
2238
2239
2240
2241
2242
2244
2245
2248
2249
2250
2251
2252
2254
2255
2258
2259
2260
2261
2262
2264
2265
2268
2269
2270
2271
2272
2274
2275
2278
2279
2280
2281
2282
2284
2285
2288
2289
2290
2291
2292
2294
2295
2298
2299
2300
2301
2302
2304
2305
2308
2309
2310
2311
2312
2314
2315
2318
2319
2320
2321
2322
2324
2325
2326
2327
2328
2329
2331
2333
2334
2338
2340
2341
2346
2347
2350
2351
2352
2355
2358
2359
2360
2361
2362
2363
2364
2365
2366
2367
2368
2369
2370
2371
2372
2373
2374
2375
2376
2377
2378
2379
2380
2381
2383
2384
2385
2386
2387
2389
2390
2391
2392
2393
2394
2396
2398
2399
2403
2405
2406
2411
2412
2415
2416
2417
2422
2423
2424
2425
2426
2427
2428
2429
2430
2431
2432
2434
2435
2438
2439
2440
2441
2442
2444
2445
2448
2449
2450
2451
2452
2454
2455
2458
2459
2460
2461
2462
2464
2465
2468
2469
2470
2471
2472
2474
2475
2478
2479
2480
2481
2482
2484
2485
2488
2489
2490
2491
2492
2494
2495
2498
2499
2500
2501
2502
2504
2505
2508
2509
2510
2511
2512
2514
2515
2518
2519
2520
2521
2522
2523
2524
2527
2528
2533
2534
2535
2537
2538
2541
2542
2543
2544
2545
2547
2548
2549
2550
2551
2552
2554
2556
2557
2561
2563
2564
2569
2570
2573
2574
2575
2578
2581
2582
2583
2584
2585
2586
2587
2588
2589
2591
2592
2595
2596
2597
2600
2603
2604
2605
2606
2607
2608
2609
2610
2611
2613
2614
2617
2618
2619
2622
2625
2626
2627
2628
2629
2630
2631
2632
2633
2635
2636
2639
2640
2641
2644
2647
2648
2649
2650
2651
2652
2653
2654
2655
2657
2658
2661
2662
2663
2666
2669
2670
2671
2672
2673
2674
2675
2676
2677
2679
2680
2683
2684
2685
2688
2691
2692
2693
2694
2695
2696
2697
2698
2699
2701
2702
2705
2706
2707
2710
2713
2714
2715
2716
2717
2718
2719
2720
2721
2723
2724
2727
2728
2729
2732
2735
2736
2737
2738
2739
2740
2741
2742
2743
2744
2745
2746
2747
2748
2750
2751
2754
2755
2756
2757
2758
2759
2761
2763
2764
2768
2770
2771
2776
2777
2780
2781
2782
2785
2788
2789
2790
2791
2792
2793
2794
2795
2796
2797
2798
2799
2801
2802
2805
2806
2807
2808
2809
2810
2812
2814
2815
2819
2821
2822
2827
2828
2831
2832
2833
2836
2839
2840
2841
2842
2843
2844
2845
2846
2847
2848
2849
2850
2852
2853
2856
2857
2858
2859
2860
2861
2863
2865
2866
2870
2872
2873
2878
2879
2882
2883
2884
2887
2890
2891
2892
2893
2894
2895
2896
2897
2898
2899
2900
2901
2902
2903
2904
2905
2906
2909
2910
2911
2912
2913
2916
2917
2918
2919
2920
2921
2922
2925
2926
2927
2928
2931
2932
2933
2936
2937
2938
2939
2940
2941
2943
2944
2945
2946
2947
2948
2952
2953
2954
2957
2958
2959
2960
2961
2962
2964
2965
2966
2967
2968
2969
2970
2974
2975
2976
2977
2978
2979
2980
2981
2982
2986
2987
2988
2989
2990
2991
2992
2993
2994
2995
2999
3000
3001
3002
3003
3004
3005
3006
3010
3011
3012
3013
3014
3015
3016
3017
3018
3022
3023
3024
3025
3026
3027
3029
3030
3031
3032
3034
3035
3036
3039
3040
3041
3042
3043
3044
3046
3047
3048
3051
3052
3053
3054
3055
3056
3057
3058
3061
3064
3065
3066
3067
3068
3072
3073
3074
3076
3077
3078
3079
3080
3081
3082
3084
3085
3086
3087
3088
3090
3091
3093
3094
3099
3100
3101
3102
3103
3106
3107
3108
3110
3113
3114
3117
3118