1
2
3
4
5
6
7
8
9
10
11
12
13
14
15
16
17
19
21
22
23
25
26
27
28
30
31
32
33
34
36
37
39
40
41
43
45
46
47
48
49
52
53
54
55
56
57
58
59
62
63
64
65
66
67
68
71
72
73
74
75
76
77
78
81
82
83
84
85
86
87
88
89
90
91
92
95
96
97
101
102
103
104
105
106
107
108
109
110
111
114
115
116
117
118
119
120
121
124
125
126
127
128
129
130
131
132
133
134
137
138
139
140
141
142
143
144
145
146
147
150
151
152
155
156
157
158
159
160
161
162
163
164
165
167
168
169
172
173
174
175
176
179
180
181
182
185
186
187
188
189
190
191
192
194
195
196
197
199
201
204
205
206
207
208
210
211
213
214
215
216
217
221
222
223
224
225
227
230
231
233
234
235
241
242
245
246