1
2
3
4
5
6
7
8
9
10
11
12
13
14
15
16
17
19
21
22
23
24
25
26
27
28
29
30
31
32
34
35
36
37
38
39
40
41
42
43
44
45
46
47
48
49
50
51
52
53
54
55
56
57
58
59
60
61
62
63
64
65
66
68
69
70
71
72
74
75
76
77
79
80
81
82
84
85
86
87
89
90
91
92
93
94
95
96
97
98
99
100
101
102
103
104
105
106
108
109
110
111
113
115
116
117
118
119
120
121
124
125
126
127
128
129
130
131
133
134
135
136
137
140
141
142
143
144
145
146
147
148
149
150
151
152
153
154
155
156
157
158
163
164
165
166
167
168
169
170
171
173
174
175
177
178
179
181
182
183
184
185
186
187
188
189
190
191
192
193
194
195
196
197
200
201
202
204
205
206
207
208
211
212
213
217
218
219
220
221
222
223
226
227
228
230
233
234
235
236
237
238
239
240
241
243
244
246
247
248
249
250
251
252
253
254
256
259
260
261
262
263
264
265
266
267
269
270
274
276
277
278
279
281
282
283
284
285
286
287
288
292
293
294
295
296
297
298
301
303
304
305
306
308
309
310
311
312
313
314
315
320
321
322
323
324
325
326
327
328
329
330
331
332
333
334
338
340
341
342
343
344
346
347
348
349
350
351
352
353
354
355
356
357
358
362
363
364
365
366
367
371
372
373
374
375
376
377
379
380
381
382
383
384
385
386
390
392
393
394
395
396
397
398
399
400
402
403
404
407
408
412
413
414
415
416
417
418
419
420
421
422
423
424
425
426
427
428
429
432
434
435
436
439
441
442
443
444
445
446
447
448
449
450
451
453
456
457
458
459
460
461
462
463
464
465
466
468
469
471
472
473
474
477
478
479
480
482
483
484
485
486
487
488
489
491
494
495
496
497
498
499
502
503
504
505
506
507
510
511
512
514
515
518
520
521
522
523
524
525
526
527
528
530
535
536
537
538
539
540
542
543
544
547
548
549
550
551
552
553
558
559
560
561
562
563
564
566
567
568
570
571
572
574
575
576
577
578
579
580
582
583
584
585
586
587
588
590
591
592
593
594
595
596
599
600
601
603
604
605
606
607
611
613
614
617
618
619
620
621
622
623
624
625
628
629
630
632
633
634
639
640
641
643
645
646
647
649
650
651
652
653
654
657
658
659
661
662
663
666
667
669
670
671
672
673
674
676
678
679
680
681
682
683
686
687
688