1
2
3
4
5
6
7
8
9
10
11
12
13
14
15
16
17
19
21
22
23
24
25
26
27
29
30
31
32
33
34
35
36
37
38
39
40
41
42
43
44
46
47
48
49
51
52
54
55
56
58
59
60
61
62
63
65
66
67
68
69
70
71
72
73
80
81
82
83
84
87
88
89
92
93
94
95
96
97
98
99
100
105
108
109
110
111
112
113
114
115
116
117
118
119
120
121
122
123
124
125
126
127
128
129
131
132
136
137
138
139
140
141
142
144
145
148
151
152
153
154
155
156
157
158
159
160
161
162
163
164
165
166
167
168
169
170
173
176
177
178
179
180
181
182
183
184
185
186
187
188
189
190
191
192
193
194
195
196
197
198
199
200
201
204
207
208
209
210
211
212
213
214
215
216
217
218
220
221
222
223
224
225
226
228
229
230
231
232
234
237
238
239
242
243
244
245
246
249
251
252
253
254
255
259
260
261
262
264
265
266
267
268
269
270
271
272
273
275
278
279
280
283
284
286
287
288
289
290
291
292
293
296
299
300
301
304
305
306
307
308
309
310
311
312
313
314
315
319
320
321
322
323
324
325
326
327
328
332
333
334
335
336
337
338
339
340
341
342
343
347
348
349
350
351
352
353
354
356
357
358
359
360
365
366
367
368
369
370
374
375
376
377
378
379
380
381
382
383
384
385
386
387
388
389
393
394
395
396
397
398
399
400
401
402
403
404
408
409
410
411
412
413
414
415
416
418
419
420
421
422
423
427
428
429
430
431
432
433
434
435
436
438
439
440
441
442
443
444
445
446
449
452
453
454
455
456
457
458