1
2
3
4
5
6
7
8
9
10
11
12
13
14
15
16
17
19
20
23
24
25
26
27
28
29
31
32
34
35
37
38
40
42
43
44
45
46
47
48
49
50
51
52
53
54
55
56
57
58
59
60
61
62
63
64
65
66
67
68
69
70
71
72
73
74
75
76
77
78
79
80
81
82
83
84
85
86
88
89
92
95
97
98
99
100
101
103
104
106
107
109
110
112
113
115
116
118
119
121
122
124
125
127
128
130
132
133
134
135
136
137
138
139
140
141
142
143
144
145
148
150
151
152
153
154
155
156
159
160
161
162
163
164
165
168
169
170
171
172
173
174
177
178
179
180
181
182
183
184
186
187
188
190
191
192
193
195
196
198
199
200
204
205
206
208
209
210
212
213
214
215
217
218
219
221
224
225
227
229
230
231
232
235
236
237
238
240
241
243
245
246
247
248
249
251
252
253
255
257
258
260
263
264
267
268
269
271
272
273
274
275
278
279
280
281
284
285
286
287
290
291
292
293
295
297
299
300
301
304
307
308
309
310
311
312
313
314
315
316
317
318
322
323
324
325
326
327
328
329
330
331
332
333
334
335
336
337
338
340
342
345
347
348
349
350
351
352
354
355
356
358
360
364
366
369
370