1
2
3
4
5
6
7
8
9
10
11
12
13
14
15
16
17
19
21
22
23
25
26
27
28
29
30
31
32
33
34
35
38
39
40
41
42
43
44
45
46
49
50
51
52
53
54
55
56
58
60
61
63
64
66
67
69
70
71
72
73
74
75
76
77
78
80
81
84
85
86
87
91
92
93
94
96
98
99
100
102
108
109
111
112
114
115
116
117
118
119
120
122
124
126
127
129
132
135
136
137
138
139
141
142
144
145
147
148
149
150
152
153
156
157
158
159
161
164
165
166
167
168
170
171
172
173
175
177
179
180
181
182
183
185
188
189
190
191
193
194
195
197
198
200
201
202
204
207
208
210
211
213
215
221
222
223
224
226
227
229
230
232
235
236
237
238
240
241
244
245
246
247
248
249
253
254
255
256
257
258
262
263
264
265
267
268
271
272
273
274
275
276
277
278
279
280
281
282
283
284
285
287
290
291
292
293
294
295
296
297
298
299
300
301
302
306
307
308
309
310
311
312
313
317
318
319
320
321
322
323
324
326
328
330
332
335
338
340
341
342
343
344
345
346
347
348
350