1
2
3
4
5
6
7
8
9
10
11
12
13
14
15
16
17
19
22
23
24
25
26
27
30
31
33
34
36
37
39
40
43
44
46
47
48
49
50
51
52
53
55
56
59
60
61
62
63
64
65
66
68
69
73
74
75
76
77
78
79
80
81
83
84
86
88
91
92
93
94
95
96
97
98
99
100
101
103
104
106
108
109
110
113
114
115
116
117
118
119
120
121
123
126
127
128
129
130
131
132
133
134
135
136
138
139
140
143
144
145
146
147
148
149
150
151
153
155
156
157
158
159
160
162
163
165
167
168
170
171
172
173
174
176
178
179
180
181
182
184
185
189
190
191
192
193
195
198
199
200
201
202
204
207
208
209
210
211
213