1
2
4
5
6
8
9
10
11
12
13
14
15
16
18
19
20
21
22
23
24
26
28
29
30
31
32
33
34
35
36
37
38
40
44
45
46
47
48
49
50
51
52
53
54
55
56
57
58
59
60
61
62
63
64
65
66
67
68
69
70
71
72
73
74
75
76
77
78
79
80
81
82
83
84
85
86
87
88
89
90
91
92
93
94
95
96
97
98
99
100
101
102
103
104
105
106
107
108
109
110
111
112
113
114
115
116
117
118
119
120
121
124
126
128
129
130
131
132
133
134
135
136
137
138
139
140
141
142
143
144
145
146
147
148
149
150
151
152
153
154
155
156
157
158
160
161
162
163
165
166
167
168
169
170
171
173
174
175
176
178
179
180
181
182
183
185
187
188
189
190
191
193
194
195
196
197
199
202
203
204
205
210
211
212
214
216
217
218
219
220
222
223
224
225
226
228
229
230
231
232
234
235
236
237
238
240
241
242
243
244
245
247
248
249
250
251
252
254
255
256
257
258
259
261
262
263
264
265
266
267
268
269
270
272
273
274
275
276
277
280
281
282
283
284
285
286
288
290
291
292
294
296
298
299
301
304
307
308
309
310
311
312
313
314
316
317
318
319
320
323
324
325
326
327
328
329
331
334
335
336
337
338
339
341
342
345
346
347
348
349
350
351
352
353
354
355
356
357
358
359
360
361
362
363
364
366
368
370
371
373
375
376
379
380
381
382
383
384
385
386
387
388
390
393
394
395
396
397
399
402
403
404
405
406
407
408
410
411
412
415
416
417
418
419
420
422
423
425
427
430
431
432
433
434
435
437
439
441
444
447
448
449
450
451
452
453
454
455
456
457
458
459
461
463
464
465
466
467
469
471
473
474
476
478
480
485
486
487
489
490
491
492
494
496
498
502
506
507
508
509
510
511
512
513
514
515
516
517
518
520
523
524
525
526
527
528
529
530
531
532
533
534
535
536
537
538
539
540
541
542
543
544
546
548
550
551
552
553
554
556
558
559
560
562
564
566
567
568
572
573
574
576
578
581
582
583
585
589
590
591
592
594
597
600
601
602
603
604
605
606
607
608
609
610
611
613
614
616
618
619
621
623
625
631
632
633
634
635
637
639
640
642
644
645
648
649
650
652
653
654
655
656
657
658
659
660
661
662
664
666
667
668
670
672
673
675
676
678
680
682
683
684
685
687
688
690
691
694
696
697
699
700
706
709
710
711
712
713
714
715
716
717
718
719
720
722
725
726
727
728
729
730
731
732
733
734
735
736
737
738
739
740
742
743
744
745
746
747
748
750
751
753
755
756
757
758
760
762
764
766
768
770
773
774
776
779
781
782
784
786
787
788
792
793
794
795
796
797
798
799
800
801
802
803
804
806
808
810
812
813
814
816
818
820
822
824
829
832
833
834
835
836
837
838
839
840
841
842
843
844
845
846
847
848
849
850
851
853
856
857
858
859
860
861
862
863
864
865
867
868
870
873
874
875
876
878
879
880
881
882
883
885
887
889
892
894
895
899
900
901
902
904
905
906
908
909
911
912
914
916
918
919
925
926
927
928
929
930
931
933
934
935
936
939
941
942
943
945
946
947
948
949
950
951
952
953
954
955
956
958
959
962
964
965
966
967
969
972
973
974
975
977
980
981
982
983
985
988
989
990
991
993
996
997
998
999
1001
1005
1006
1007
1008
1009
1010
1011
1012
1013
1014
1015
1016
1017
1019
1020
1023
1025
1026
1027
1028
1030
1033
1034
1035
1036
1038
1041
1042
1043
1044
1046
1049
1050
1051
1052
1054
1058
1059
1060
1061
1062
1063
1064
1065
1066
1067
1068
1069
1070
1071
1073
1074
1077
1079
1080
1081
1082
1084
1087
1088
1089
1090
1092
1094
1096
1097
1098
1101
1102
1103
1104
1106
1108
1110
1111
1114
1115
1116
1117
1119
1122
1123
1124
1125
1127
1131
1132
1133
1134
1135
1136
1137
1138
1139
1140
1142
1145
1146
1147
1148
1149
1150
1151
1152
1153
1154
1155
1157
1160
1161
1162
1163
1165
1166
1167
1168
1169
1171
1172
1173
1174
1176
1178
1179
1180
1181
1184
1186
1187
1188
1189
1191
1194
1195
1196
1197
1198
1199
1200
1201
1202
1203
1204
1205
1207
1210
1211
1212
1213
1214
1215
1216
1217
1218
1219
1220
1221
1222
1223
1224
1225
1226
1227
1228
1229
1230
1232
1234
1236
1237
1238
1241
1242
1243
1244
1246
1248
1250
1251
1254
1255
1256
1257
1259
1262
1263
1264
1265
1267
1271
1273
1274
1275
1276
1277
1278
1280
1282
1283
1285
1287
1289
1291
1294
1295
1296
1297
1299
1302
1303
1304
1305
1307
1310
1311
1312
1313
1315
1316
1317
1318
1319
1320
1322
1324
1326
1327
1329
1330
1331
1333
1335
1339
1341
1344
1346
1347
1352
1354
1357
1358
1359
1360
1362
1364
1367
1368
1369
1370
1371
1374
1375
1376
1377
1379
1381
1383
1384
1388
1390
1392
1396
1398
1400
1404
1405
1406
1407
1408
1409
1410
1411
1412
1413
1414
1415
1417
1418
1420
1421
1422
1424
1425
1427
1429
1431
1432
1434
1435
1436
1438
1440
1442
1444
1445
1450
1451
1454
1455
1456
1457
1458
1459
1460
1461
1463
1464
1466
1467
1468
1470
1474
1475
1477
1478
1479
1481
1483