1
2
3
4
5
6
7
8
9
10
11
12
13
14
15
16
17
19
20
22
23
24
27
28
29
30
31
32
33
34
35
36
37
38
39
40
41
42
43
44
45
46
47
48
51
52
53
54
55
57
58
59
60
62
63
64
65
66
67
68
71
72
74
75
79
80
82
83
87
88
89
90
91
92
93
95
96
98
100
102
106
108
109
112
113
114
115
116
117
118
119
120
121
124
125
126
129
131
134
136
139
141
143
145
148
150
153
154
155
157
158
159
160
162
165
166
167
168
169
170
171
173
175
178
180
182
184
186
188
190
193
195
196
202
204
205
206
209
210
211
212
214
215
216
217
219
221
224
226
229
231
233
236
237
238
239
241
243
244
245
246
248
250
251
252
255
258
259
260
261
263
265
266
269
271
273
275
277
279
281
284
286
287
293
296
297
298
299
301
302
303
305
307
310
314
315
316
317
319
323
324
325
326
328
331
332
333
335
336
337
338
339
341
342
343
345
346
347
348
349
350
351
352
353
355
356
359
360
361
362
364
367
368
369
370
372
375
376
377
378
380
382
384
385