1
2
3
4
5
6
7
8
9
10
11
12
13
14
15
16
17
19
21
22
23
24
25
26
27
30
31
32
33
34
35
36
37
38
39
40
41
42
43
44
45
46
47
48
49
50
51
53
54
56
57
59
60
62
63
65
66
67
68
69
71
73
74
76
77
78
79
80
82
83
85
86
87
88
89
90
91
92
93
94
95
96
97
98
99
101
104
105
106
107
108
109
110
111
112
113
114
115
116
117
118
119
120
122
124
126
130
131
132
133
134
135
136
137
138
139
140
141
143
146
147
148
149
150
151
152
153
154
155
156
157
158
159
161
163
165
167
171
172
173
174
175
176
178
181
182
183
184
185
186
188
191
192
193
194
195
196
197
199
202
203
204
205
207
210
211
212
213
214
215
216
217
218
220
223
224
225
226
228
229
230
233
234
235
236
240
241
242
243
247
248
249
250
251
252
253
254
255
256
257
259
261
264
266
267
268
269
270
271
272
273
274
276
278
280
283
284
287
288
289
290
291
292
293
294
295
296
298
301
302
303
304
305
306
307
308
309
310
312
315
316
317
318
319
320
321
322
323
324
326
327
328