1
2
3
4
5
6
7
8
9
10
11
12
13
14
15
16
17
19
20
22
24
25
26
27
28
29
30
33
34
35
36
37
38
40
42
44
46
48
50
51
52
53
54
55
56
57
58
60
61
62
65
66
67
68
69
70
71
72
73
74
75
77
79
80
81
82
83
84
86
87
88
90
92
93
94
99
100
101
102
103
104
105
107
108
110
111
112
114
116
117
118
120
121
122
124
125
126
127
129
131
134
136
137
138
140
142
144
146
150
153
154
156
160
161
162
163
164
165
166
167
169
170
172
174
176
178
180
184
185
186
187
188
189
190
191
193
196
197
198
199
200
201
202
203
205
206
209
210
211
212
213
214
215
216
218
220
222
224
226
228
230
232