1
2
3
4
5
6
7
8
9
10
11
12
13
14
15
16
17
19
20
21
22
23
24
25
26
27
28
30
31
32
33
34
35
36
37
38
39
40
41
42
44
45
47
48
50
51
53
54
56
57
58
59
61
62
64
65
66
67
68
69
70
72
74
75
76
77
80
81
82
84
85
88
89
91
92
95
96
97
98
100
102
103
104
105
107
108
111
113
114
115
118
123
124
125
126
128
131
132
133
134
135
136
137
138
140
142
144
145
146
148
149
150
153
154
155
156
158
159
160
163
164
165
166
167
168
170
173
174
175
176
177
178
180
183
184
185
186
187
188
190
193
194
195
196
197
198
199
201
202
205
206
207
208
209
210
212
213
216
217
218
219
220
221
222
223
224
225