1
2
3
4
5
6
7
8
9
10
11
12
13
14
15
16
17
19
20
21
22
23
24
25
27
28
29
30
31
32
33
34
35
36
39
40
41
42
43
44
45
46
48
49
50
51
52
54
56
57
59
60
62
63
64
65
69
70
71
72
74
77
78
79
80
82
84
86
88
92
93
94
95
97
100
101
102
103
105
108
109
110
111
113
115
117
119
123
124
125
126
128
131
132
133
134
136
137
139
140
142
144
148
149
150
151
152
153
154
155
156
158
160
162
164
168
171
173
174
175
176
177
178
179
180
181
182
183
184
185
186
187
188
189
190
191
192
193
195
197
198
199
201
202
204
207
209
210
211
212
213
214
215
216
217
218
219
220
221
222
224
225
228
229
230
231
232
233
234
236
238
243
244
245
246
247
248
251
252
253
254
255
256
257
259
262
263
264
265
267
268
269
271
273
275
279
280
281
282
284
285
287