1
2
3
4
5
6
7
8
9
10
11
12
13
14
15
16
17
19
20
21
22
23
25
26
27
28
29
30
33
34
35
36
37
38
39
40
41
43
44
46
47
49
50
52
53
55
56
58
59
61
62
64
65
66
67
68
70
71
72
73
74
76
77
79
80
82
83
85
86
88
89
90
91
95
96
97
98
99
101
104
105
106
107
108
110
113
114
115
116
117
119
122
123
124
125
126
128
131
132
133
134
135
136
137
138
140
141
142
143
145
146
147
148
150
151
153
154
155
158
159
162
163
164
166
167
168
170
171
174
175
178
179
180
181
182
183
184
186
187
189
192
194
195
198
199
201
202
204
206
207
208
209
210
213
214
215
216
219
220
222
223
224
226
227
230
231
233
234
235
237
238
241
242
243
245
246
249
250
252
253
255
256
258
260
261
262
264
266
267
269
270
271
272
274
275
277
278
280
282
283
288
289
290
291
293
294
295
296
297
298
299
301
302
303
304
306
308
309
313
314
315
316
317
318
319
320
321
322
324
325
327
328
329
330
331
332
334
335
336
339
340
341
343
344
345
347
348
349
351
353
355
358
359
361
362
363
366
367
368
370
371
373
374
376
377
379
381
382
383
386
387
388
390
392
394
395
397
398
399
403
405
407
408
409
412
413
414
417
418
419
420
421
422
423
425
427
429
430
432
433
435
436
438
439
441
442
444
445
449
452
453
454
455
456
457
458
459
460
461
463
465
467
468
470
472
475
477
479
481
485
488
489
490
491
492
493
494
495
496
497
498
499
500
501
502
504
507
508
509
510
511
512
513
514
515
516
517
519
520
523
524
525
526
527
528
529
530
531
532
533
534
536
538
539
540
542
544
545
547
552
553
554
555
556
558
561
562
563
564
565
567
570
571
572
573
574
576
579
580
581
582
583
584
585
586
587
589
590
592
593
594
596
598
599
600
602
603
604
605
607
610
611
612
614
615
617
618
620
623
624
626
627
629
632
633
635
636
638
639
641
642
645
646
647
649
653
656