1
2
3
4
5
6
7
8
9
10
11
12
13
14
15
16
17
19
20
21
23
24
25
26
29
30
31
32
33
34
35
36
37
38
39
40
41
42
43
44
45
46
47
48
49
50
51
52
53
54
55
56
57
58
59
60
61
62
63
64
65
66
67
68
69
70
71
72
73
74
75
76
77
78
79
80
81
82
83
84
85
86
87
88
89
91
93
94
96
97
99
100
102
103
105
106
108
109
111
112
114
115
117
119
120
121
122
123
124
125
126
128
129
131
132
134
135
138
139
140
141
142
143
144
145
147
148
150
151
153
154
157
158
159
160
161
162
163
165
168
169
170
171
172
173
174
176
179
180
181
182
183
184
185
186
187
189
192
193
194
195
196
197
198
200
203
204
205
206
207
208
209
211
214
215
216
217
218
219
220
222
225
226
227
228
229
230
231
233
236
237
238
239
240
241
242
244
247
248
249
250
251
252
253
255
258
259
260
261
262
263
264
266
269
270
271
272
273
274
275
277
280
281
282
283
284
285
286
287
289
292
293
294
295
296
297
298
299
300
301
302
303
305
308
309
310
311
312
313
314
315
316
317
318
319
320
321
322
324
326
328
329
331
333
335
337
339
341
343
345
347
349
351
353
356
358
362
363
364
365
366
367
368
370
373
374
375
376
377
378
379
380
382
385
386
387
388
389
390
392
395
396
397
398
399
400
402
405
406
407
408
409
410
412
415
416
417
418
419
420
422
425
426
427
428
430
432
434
436
438
443
444
445
446
447
448
449
450
452
455
456
457
458
459
460
461
463
466
467
468
469
470
471
472
473
474
476
478
480
483
485
488
490
493
495
498
500
502
506
507
508
509
510
511
512
513
514
515
516
517
518
520