1
2
3
4
5
6
7
8
9
10
11
12
13
14
15
16
17
19
20
21
22
23
24
25
26
27
28
29
30
31
32
33
34
35
36
37
38
39
40
41
42
43
44
45
46
47
48
51
52
53
54
55
56
57
58
59
60
61
62
63
64
65
66
67
68
69
70
71
73
75
76
78
79
82
83
84
85
86
88
89
90
91
92
94
95
96
97
98
100
103
104
105
106
108
109
112
113
114
115
117
118
121
122
123
124
126
127
130
131
132
133
134
135
136
137
138
139
140
141
142
143
145
148
149
150
151
152
153
154
155
156
157
158
160
163
164
165
166
168
170
171
172
175
176
177
178
180
183
184
185
186
187
188
189
190
192
195
196
197
198
200
201
203
207
208
209
210
211
212
213
214
215
216
217
218
219
220
221
222
223
224
225
227
229
231
234
236
238
240
241
242
243
245
246
247
248
249
251
252
254
255
257
258
259
261
263
264
274
275
276
277
278
280
281
282
283
284
285
286
287
289
291
294
295
296
297
299
300
301
303
305
307
309
310
311
314
315
316
317
318
319
320
321
322
324
326
327
329
331
332
333
334
335
336
338
341
342
343
344
346
347
348
350
351
352
354
356
358
361
363
364
365
367
368
370
372
374
375
376
377
378
379
380
382
384
385
386
387
388
389
390
391
393
394
395
396
397
399
401
403
404
405
406
407
408
409