1
2
3
4
5
6
7
8
9
10
11
12
13
14
15
16
17
19
20
21
22
23
24
26
27
28
29
30
31
32
33
34
35
36
37
38
39
40
41
42
43
44
45
46
47
48
49
50
51
52
53
54
55
56
57
59
61
62
64
65
67
68
69
70
71
72
73
74
75
76
78
80
82
85
88
89
90
91
92
93
94
95
97
100
101
102
103
104
105
106
107
108
109
111
112
114
116
119
122
123
124
125
126
127
128
129
130
132
134
136
138
141
143
145
149
150
151
152
153
154
155
156
157
159
160
161
163
165
168
171
172
173
174
175
176
177
178
180
182
184
187
190
191
192
193
194
195
196
197
199
200
202
204
207
210
211
212
213
215
218
219
220
221
222
223
224
226
229
230
231
232
233
234
235
237
238
241
242
243
244
245
246
247
248
249
251
253
254
257
258
259
260
261
262
263
265
268
269
270
271
272
273
275
278
279
280
281
282
283
284
285
286
288
291
292
293
294
296
299
300
301
302
303
304
306
308
310
312
315
317
322
323
324
325
326
327
328
330
333
334
335
336
337
338
339
341
342
345
346
347
348
350
353
354
355
356
358
361
362
363
364
366
369
370
371
372
373
374
376
379
380
381
382
384