1
2
3
4
5
6
7
8
9
10
11
12
13
14
15
16
17
19
21
22
25
26
27
28
29
30
31
33
35
36
38
39
41
42
44
45
47
48
49
50
51
53
54
56
57
60
61
62
63
64
65
66
68
69
71
72
74
75
77
78
79
80
81
82
83
84
85
86
87
88
89
91
92
93
96
97
98
99
100
101
103
107
108
109
110
112
116
117
118
119
120
121
122
123
125
128
129
130
131
132
133
135
138
139
140
141
142
143
145
148
149
150
151
152
153
155
158
159
160
161
162
163
165
168
169
170
171
172
173
175
178
179
180
181
182
183
185
188
189
190
191
192
193
195
198
199
200
201
202
203
204
205
207
210
211
212
213
214
215
217
220
221
222
223
224
225
227
230
231
232
233
235
236