1
2
3
4
5
6
7
8
9
10
11
12
13
14
15
16
17
19
20
21
22
24
25
26
27
28
29
30
31
32
33
34
35
36
37
40
41
42
43
44
45
46
47
48
49
51
52
53
54
56
58
60
61
62
63
64
65
67
70
71
72
73
74
76
78
80
82
84
86
89
91
93
95
99
100
101
102
103
105
107
110
114
116
117
118
119
122
123
124
125
127
128
129
130
131
132
133
134
135
136
137
138
139
140
141
142
143
144
145
146
149
150
151
152
153
154
155
156
157
159
162
163
164
165
166
167
168
169
170
171
172
173
175
176
178
182
183
184
186
188
191
192
193
194
195
196
197
198
199
200
202
205
206
207
208
209
210
211
212
213
214
215
217
219
221
223
225