1
2
3
4
5
6
7
8
9
10
11
12
13
14
15
16
17
19
20
21
22
23
24
26
28
29
30
31
32
33
34
35
36
39
40
41
42
43
44
45
46
47
48
50
51
53
54
57
58
59
60
61
63
64
67
68
69
70
71
72
73
74
75
76
77
78
80
82
83
84
86
89
91
92
94
95
96
97
99
100
102
105
107
109
111
113
115
118
120
121
122
125
127
130
131
133
134
136
137
139
140
141
143
145
147
149
152
154
157
159
161
162
167
168
169
170
171
172
173
174
175
177
179
181
183
184
185
187
189
193
196
197
198
199
201
204
205
206
207
208
209
210
211
213
216
217
218
219
221
222
225
226
227
228
230
233
234
235
236
238
241
242
243
244
245
246
248
251
252
253
254
255
256
261
262
263
264
265
266
267
272
273
274
275
280
281
282
283
284
285
288
290
291
292
293
294
295
296
298
301
302
303
304
306
307
308
309
312
313
314
315
317
318
319
320
323
324
325
326
328
329
330
331