1
2
3
4
5
6
7
8
9
10
11
12
13
14
15
16
17
19
20
21
22
23
24
25
26
27
29
30
31
32
33
34
35
36
37
38
39
40
41
42
43
44
45
46
47
48
49
50
51
52
53
54
55
56
57
58
59
60
61
62
63
64
65
66
67
68
69
70
71
72
73
74
75
76
77
79
80
82
84
85
87
88
89
90
91
92
94
97
99
103
105
106
107
108
109
110
111
112
113
115
116
117
118
119
121
122
123
124
125
127
128
129
130
132
135
136
137
138
140
143
144
145
146
147
148
150
153
154
155
156
157
158
159
160
162
165
166
167
168
169
170
171
172
174
177
178
179
180
182
183
185
186
188
191
193
196
197
198
199
201
202
203
204
205
206
207
208
209
210
211
213
214
215
216
218
219
221
222
226
227
228
229
230
231
232
233
234
235
236
237
238
240
241
244
245
246
247
248
249
250
251
252
253
255
256
259
260
261
262
263
264
265
266
267
268
270
271
274
275
276
277
278
279
280
281
282
283
284
285
286
287
288
289
290
291
292
293
294
295
296
297
298
300
302
303
305
307
308
310
312
314
317
319
321
323
329
331
333
335
336
338
344
347
348
349
350
351
352
354
357
358
359
360
361
362
363
364
365
367
370
371
372
373
374
375
377
380
381
382
383
384
385
386
387
389
392
393
394
395
396
397
398
399
401
402
404
405
407
408
410
411
413
415
417
418
419
421
422
424
425
427
428
429
432
433
435
437
439
440
442
443
444
446
448
449
453
454
455
457
460
462
463
465