1
2
3
4
5
6
7
8
9
10
11
12
13
14
15
16
17
19
20
22
25
26
27
28
29
30
31
32
33
34
35
36
37
38
39
40
41
42
43
44
45
46
47
48
49
50
51
52
53
54
55
56
57
58
60
62
63
65
66
68
69
71
72
74
75
77
79
80
81
82
83
84
85
87
91
92
93
94
95
96
97
98
99
100
101
102
104
106
109
111
114
116
119
120
123
124
125
126
127
128
130
133
134
135
136
137
138
139
140
142
145
146
147
148
149
150
151
152
153
154
155
156
157
158
159
161
163
165
167
169
172
174
176
178
180
185
186
187
188
189
190
191
192
193
194
195
196
198
201
202
203
204
205
206
207
208
209
210
211
212
214
216
218
219
224
225
226
227
228
229
230
231
232
233
235
236
239
240
241
242
243
244
245
246
248
251
252
253
254
255
256
257
258
260
263
264
265
266
267
268
269
270
271
273
276
277
278
279
280
281
282
283
285
288
289
290
291
292
293
294
296
298
299
301
305
306
307
308
309
310
312
315
316
317
318
319
320
322
325
326
327
328
329
330
332
335
336
337
338
339
340
341
342
344
345
347
348
350
351
352
354
356
357
361
362
363
364
365
366
368
371
372
373
374
376
377
380
381
382
383
384
385
386
387
389
392
393
394
395
396
397
398
399
401
404
405
406
407
408
409
410
411
413