1
2
3
4
5
6
7
8
9
10
11
12
13
14
15
16
17
19
20
21
22
23
24
26
28
29
30
31
32
33
34
37
38
39
40
41
42
43
45
47
49
51
53
55
57
58
59
60
61
62
63
64
65
66
67
69
70
71
74
75
76
77
78
79
80
81
82
83
84
86
88
89
90
94
95
96
97
98
99
100
102
103
104
106
107
108
110
111
112
114
115
116
118
120
124
126
127
128
129
131
133
134
135
136
138
139
140
141
143
144
146
147
148
150
151
152
153
154
155
156
157
158
159
160
162
165
166
168
170
173
174
176
177
179
181
182
188
191
192
193
194
195
196
197
199
200
201
203
204
206
207
208
210
212
213
214
216
217
219
220
221
222
223
225
227
228
229
230
232
233
235
237
239
240
244
245
247
248
249
251
252
253
254
255
256
258
259
261
262
263
264
265
272
273
275