1
2
3
4
5
6
7
8
9
10
11
12
13
14
15
16
17
19
20
22
23
24
25
26
27
28
29
30
31
32
33
34
35
36
39
40
41
42
43
44
45
46
48
49
50
51
53
54
55
56
57
58
59
60
63
64
65
66
67
68
69
71
73
74
75
76
77
78
79
80
81
82
83
84
86
88
90
92
93
95
97
99
101
102
103
104
106
112
113
116
118
119
120
121
122
123
124
125
126
127
128
129
130
131
132
133
134
135
136
137
138
139
140
141
142
143
145
148
149
151
152
153
154
155
156
157
159
160
163
164
165
166
167
168
169
170
171
172
173
175
176
180
181
182
183
184
185
186
187
188
189
190
192
193
196
198
200
201
203
206
207
208
209
211
212
213
214
215
217
218
219
221
222
223
227
228
229
230
231
232
234
235
237
238
239
244
245
246
247
249
252
253
254
255
256
257
258
259
260
261
262
263
264
265
266
267
268
270
273
274
275
276
278
279
281
282
283
285
286
289
290
294
295
296
297
298
299
300
301
302
304
306
307
308
309
310
312
313
314
316
317
318
320
322
323
324
325
327
329
332
336
337
338
339
340
342
343
345
346
347
349
351
352
353
354
356
358
361
364
366
367
368
369
371
373
375
376
378
380
382
388
389
390
391
392
393
394
395
397
398
399
401
402
404
405
408
410
414
416
417
418
419
420
421
422
424
426
428
430