1
2
3
4
5
6
7
8
9
10
11
12
13
14
15
16
17
19
20
21
22
23
24
25
27
30
31
32
33
34
35
36
37
39
40
42
43
44
46
47
49
50
52
53
55
56
58
59
60
61
62
63
64
65
66
67
68
69
71
72
74
75
77
79
82
85
86
87
88
89
90
92
95
96
97
98
99
100
102
105
106
107
108
109
110
112
114
117
118
119
120
122
123
125
126
128
130
131
134
136
137
139
141
142
146
147
148
149
150
151
152
154
155
156
158
159
162
163
164
166
169
171
174
177
178
179
180
181
182
183
184
185
186
187
188
189
190
191
192
193
195
196
198
199
200
202
204
205
206
207
209
213
214
215
217
218
221
222
223
226
227
228
229
231
232
235
236
237
238
240
243
244
245
246
248