1
2
3
4
5
6
7
8
9
10
11
12
13
14
15
16
17
19
21
22
23
26
27
28
29
30
31
32
33
35
36
38
39
41
42
43
44
45
46
47
48
49
50
51
53
54
57
58
59
60
61
62
63
64
65
66
67
68
69
71
72
75
76
77
78
79
80
82
83
85
88
91
92
93
94
95
96
98
101
102
103
104
105
106
108
111
112
113
114
115
116
118
120
123
124
127
128
129
130
132
134
135
138
141
142
143
144
145
146
147
149
151
154
155
157
160
161
165
166
167
168
169
170
171
173
177
178
179
180
181
182
183
184
185
186
188
192
193
194
195
197
199
200
202
203
204
205
206
208
210
211
212
213
215
218
219
220
221
223
227
228
229
230
232
234
235
237
238
239
240
241
243
245
246
247
248
250
253
254
255
256
258