1
2
3
4
5
6
7
8
9
10
11
12
13
14
15
16
17
19
20
21
22
23
25
26
29
30
31
32
33
34
35
37
38
39
40
42
43
44
45
46
47
48
50
52
55
58
59
60
61
62
63
65
66
67
68
69
72
73
74
75
76
77
79
80
81
82
83
86
87
88
89
90
91
92
93
94
95
97
98
99
100
101
102
103
104
105
106
108
109
110
111
113
116
117
118
119
121
124
125
126
127
129
132
133
134
135
137
140
141
142
143
145
148
149
150
151
153
156
157
158
159
161
164
165
166
167
169
172
173
174
175
177
180
181
182
183
185
188
189
190
191
193
196
197
198
199
201
204
205
206
207
209