1
2
3
4
5
6
7
8
9
10
11
12
13
14
15
16
17
19
20
21
22
23
24
25
26
27
29
30
31
32
33
34
37
38
39
40
41
42
43
45
47
48
50
51
52
53
55
56
58
59
60
61
62
63
64
65
67
68
69
70
71
72
73
78
81
82
83
84
85
86
88
91
92
93
94
95
96
98
101
102
103
104
105
106
108
111
112
113
114
115
116
117
119
122
123
124
125
126
127
128
130
133
134
135
136
137
138
139
141
143
144
146
148
150
152
154
155
160
162
164
166
168
169
170
173
174
175
176
177
178
179
180
181
182
183
185
186
187
189
191
193
196
197
198
199
200
201
202
203
204
205
207
208
209
211
214
217
218
219
220
221
222
223
224
225
226
227
228
229
230
232
233
235
237
239
240
242
243
245
247
249
250
255
257
259
261
263
264
269
271
274
277
278
279
280
281
282
283
285
288
289
290
291
292
293
294
295
297
298
299
300
302
303
304
305
307
308
309
310
312
313
315
317
318
320
322
324
325
326
327
328
332
334
336
339
341