1
2
3
4
5
6
7
8
9
10
11
12
13
14
15
16
17
19
20
21
22
23
24
25
26
27
28
29
30
31
32
33
34
35
36
37
38
39
40
42
43
44
45
47
48
49
50
52
53
54
55
57
58
59
60
62
63
64
65
67
68
69
70
72
73
74
75
77
78
79
80
81
82
83
84
85
86
87
89
90
91
92
93
94
95
96
97
98
99
100
101
102
104
105
107
109
111
113
115
117
119
121
124
125
127
129
132
134
137
139
142
143
146
147
148
149
150
151
152
154
156
158
160
164
165
166
167
168
169
170
171
172
174
176
177
179
180
181
183
185
187
190
193
194
195
196
197
198
199
200
201
202
203
204
205
207
209
211
214
215
216
217
218
219
220
221
223
226
227
228
229
230
231
232
234
235
236
237
238
240
242
243
245
247
248
251
253
255
257
260
262
264
265
266
268
269
271
272
273
274
276
278
279
281
282
283
284
285
286
288
289
290
291
292
293
294
295
296
298
301
302
304
306
307
308
309
310
311
312
313
315
317
318
319
320
322
323
324
325
327
328
329
330
333
336
337
338
339
340
341
342
344
345
347
348
350
353
354
355
357
358
359
361
363
365
366
368
370
371
372
374
375
376
377
379
381
382
384
385
386
388
390
391
393
395
398
399
400
401
402
403
404
405
407
408
410
412
414
415
416
417
418
419
420
424
426
428
431
432
433
434
435
436
437
438
439
440
442
443
445
447
449
453
455
457
460
462
463
464
465
466
467
468
469
470
471
472
473
474
476
478
481
484
485
486
487
488
489
490
491
493