1
2
3
4
5
6
7
8
9
10
11
12
13
14
15
16
17
19
20
21
22
23
25
26
27
28
29
30
31
32
33
34
35
36
37
38
39
40
41
42
43
44
45
46
47
48
49
50
51
52
53
54
55
56
57
58
59
60
61
62
63
64
65
66
67
68
69
70
71
72
73
74
75
76
77
78
79
80
81
82
83
84
85
86
87
88
89
90
93
96
97
98
99
102
103
104
105
108
109
110
111
114
115
116
117
118
121
122
123
124
127
128
129
130
133
134
135
136
137
140
141
142
143
144
147
150
151
152
153
156
157
158
159
162
163
164
165
166
169
170
171
172
175
176
177
178
181
182
183
184
187
188
189
190
191
194
195
196
197
198
201
202
203
204
207
210
211
212
213
214
215
216
217
222
223
224
225
226
227
228
229
230
231
232
233
234
235
236
237
238
239
240
241
242
243
244
246
247
248
250
251
252
253
254
255
256
257
258
259
261
262
266
267
268
269
270
271
272
273
274
275
276
277
278
279
280
282
286
289
290
291
292
293
294
295
296
297
299
303
304
305
306
307
308
309
310
311
313
317
318
319
320
321
322
323
324
325
326
328
329
331
332
333
334
336
337
340
344
345
346
347
348
349
350
351
352
353
354
355
357
358
360
361
363
364
366
367
368
369
370
371
372
375
376
378
380
382
384
386
389
391
393
397
398
399
400
401
402
403
404
405
406
407
408
409
410
411
412
413
414
415
416
417
418
419
421
423
425
428
429
430
431
432
433
434
435
436
437
438
439
440
441
442
443
444
446
447
448
449
450
451
452
454
456
458
460
462
463
465
467
469
471
473
475
477
481
482
484
486
488
490
491
492
495
497
500
504
505
506
507
508
509
510
511
512
513
514
515
516
517
518
519
520
521
522
523
524
525
527
528
529
530
531
532
534
535
536
538
539
540
541
542
544
546
547
548
550
552
554
556
557
559
560
561
563
564
565
567
568
570
572
574
575
576
577
578
579
580
584
585
589
590
591
592
593
594
595
596
597
598
599
600
601
602
603
604
605
607
608
609
610
611
612
614
615
616
618
619
620
621
623
625
626
627
629
631
633
635
637
638
640
641
642
644
645
647
649
651
652
653
654
655
659
663
664
665
666
667
668
669
670
671
672
674
675
676
677
679
680
682
683
684
686
688
690
692
693
694
695
696
701
702
703
704
705
706
707
708
709
710
711
712
713
714
715
717
719
721
724
728
729
730
731
732
733
734
735
736
737
738
739
740
742
744
746
750
754
755
756
757
758
759
760
761
763
764
765
766
768
769
771
773
775
777
781
783
785
788
789
790
791
792
793
795
796
797
798
799
800
803
804
805
806
807
810
812
813
814
815
816
818
821
822
823
824
825
826
827
828
830
835
836
837
838
841
843
844
845
846
847
849
852
853
854
855
856
857
858
859
861
866
869
870
871
872
873
874
875
876
877
878
879
880
881
882
883
884
885
886
887
888
889
890
891
892
893
894