1
2
3
4
5
6
7
8
9
10
11
12
13
14
15
16
17
19
20
21
23
24
25
26
29
30
31
32
33
34
35
36
37
38
40
41
43
44
45
46
47
48
49
50
51
52
53
54
55
56
58
59
60
61
63
64
66
67
69
71
72
73
74
75
76
78
79
81
83
86
88
89
91
94
95
96
98
99
101
102
103
104
105
106
107
111
112
113
114
115
116
117
118
119
120
121
122
123
124
125
126
128
129
130
132
133
135
136
138
144
145
146
147
148
149
150
151
152
153
154
156
159
160
161
162
163
164
165
166
167
169
172
173
174
175
176
177
178
179
180
181
182
183
184
185
186
187
188
190
191
193
194
195
197
199
201
205
206
208
209
210
212
214
216
220
221
223
224
225
227
229
231
235
236
237
240
241
242
243
244
245
246
247
249
251
255
256
257
258
259
260
261
262
263
264
265
267
268
271
272
273
274
275
276
277
278
280
283
284
285
286
287
288
289
291
293
297
298
299
300
301
302
303
304
305
306
307
308
309
310
311
313
314
316
318