1
2
3
4
5
6
7
8
9
10
11
12
13
14
15
16
17
19
20
21
22
23
24
25
26
27
28
29
30
31
32
34
35
36
38
41
42
43
44
45
46
47
48
50
52
54
56
58
60
62
64
66
68
70
72
74
76
78
80
82
83
84
85
87
90
91
92
93
94
95
96
98
101
102
103
104
105
106
107
108
109
111
112
115
116
117
118
119
120
121
122
123
124
126
127
129
130
132
135
136
137
138
139
140
141
142
143
145
148
149
150
151
152
153
154
155
157
160
161
162
163
164
165
166
167
168
170
173
174
175
176
177
178
179
180
181
183
186
187
188
189
190
191
192
193
194
196
199
200
201
202
203
204
205
206
207
209
212
213
214
215
216
217
221
222
223
224
225
226
228
231
232
233
234
235
236
238
240
242
244
246
248
252
253
254
255
256
257
259
262
263
264
265
266
267
269
272
273
274
275
276
277
279
282
283
284
285
286
287
289
291
293
295
299
300
301
302
303
304
306
309
310
311
312
313
314
315
316
318
319
321
323
325
329
330
331
332
333
334
336
339
340
341
342
343
344
346
349
350
351
352
353
354
356
358
360
361
364
365
366
367
368
369
371
374
375
376
377
378
379
381
384
385
386
387
388
389
390
391
393
395
397
398
401
402
403
404
406
407
408
409
410
411
412
413
415
416
418
420
423
424
426
428
431
433
436
439
440
441
442
443
444
446
449
450
451
452
453
454
456
459
460
461
462
463
464
466
469
470
471
472
474
477
478
479
480
482
484
486
488
492
493
494
495
496
497
498
499
500
501
503
504
507
508
509
510
511
512
513
514
515
516
517
518
520
521
524
525
526
527
528
529
530
531
532
533
534
536
539
540
541
542
543
544
545
549
550
551
552
553
554
555
557
560
561
562
563
564
565
566
568
571
572
573
574
575
576
577
579
582
583
584
585
586
587
588
589
590
592
595
596
597
598
599
600
601
602
603
604
607
608
610
613
614
615
616
617
618
619
620
622
623
625
626
627
628
629
630
632
633
634
635
636
638
639
640
641
643
645
646
647
648
650
652
653
654
655
656
658
659
660
661
662
663
664
666
667
668
669
670
672
674
675
678
680
681
682
683
684
685
686
687
688
690
691
692
695
696
697
698
699
700
701
702
703
705
708
709
710
711
712
713
714
716
719
720
721
722
723
724
725
727
730
731
732
733
734
735
736
737
738
739
741