1
2
3
4
5
6
7
8
9
10
11
12
13
14
15
16
17
19
20
21
22
23
24
25
26
27
28
29
31
32
33
36
37
38
39
40
41
42
43
44
45
46
47
48
49
50
51
52
53
54
55
58
60
63
64
65
66
67
68
71
72
73
74
77
80
81
82
83
86
87
88
89
92
93
94
95
96
99
100
101
102
105
106
107
108
111
112
113
114
117
118
119
120
123
124
125
126
129
130
131
132
135
138
139
140
141
142
143
144
145
146
147
148
149
150
151
152
153
154
155
156
157
158
159
160
162
163
164
165
166
167
171
174
175
176
177
178
179
180
181
182
183
184
186
188
191
193
195
199
200
201
202
203
204
205
206
208
212
213
214
215
216
217
218
219
221
222
223
224
225
229
230
231
232
233
234
236
240
243
244
245
246
247
248
249
250
252
256
257
258
259
260
261
263
265
267
269
271
273
278
279
280
281
282
283
284
285
287
289
291
293
296
297
299
301
302
304
306
308
310
312
314
316
318
323
327
328
329
330
331
332
333
334
335
336
337
338
339
340
342
346
347
348
349
350
351
352
353
354
355
357
358
359
361
363
365
367
369
374
375
376
377
378
379
380
381
382
383
384
385
386
387
388
389
390
391
392
393
394
395
396
398
400
401
403
404
406
408
410
414
416
417
419
420
421
422
423
425
426
427
429
430
431
432
433
435
438
440
442
444
446
448
451
453
455
457
459
465
467
468
469
470
476
477
478
479
480
481
482
483
485
486
487
489
494
495
496
497
498
499
500
501
502
503
505
509
510
511
512
513
514
515
516
517
518
520
524
525
526
527
528
529
530
531
532
533
534
536
540
541
542
543
544
545
546
547
548
549
550
551
553
557
558
559
560
561
562
563
564
565
566
567
569
571
572
574
578
581
582
583
584
585
586
587
588
589
590
591
592
593
595
599
602
603
604
605
607
609
611
616
617
618
619
620
621
622
623
624
626
627
629
630
632
634
636
641
644
646
647
648
652
655
656
657
658
659
660
661
663
664
666
668
670
671
672
674
676
679
680
681
682
684
685
686