1
2
3
4
5
6
7
8
9
10
11
12
13
14
15
16
17
19
20
21
22
23
25
26
28
29
30
31
32
33
34
35
36
37
38
39
41
43
44
46
47
49
50
52
53
55
56
58
59
61
62
64
65
66
67
68
70
71
72
73
74
76
77
78
79
81
82
85
86
87
88
90
91
93
95
96
97
98
99
101
102
104
106
107
109
110
111
116
117
118
121
122
123
124
125
126
128
129
131
132
135
136
137
138
140
142
144
146
150
151
152
153
155
158
159
160
161
162
163
164
165
166
167
169
172
173
174
175
176
177
179
182
183
184
185
186
187
188
189
191
194
195
196
197
198
199
201
204
205
206
207
208
209
210
211
213
216
217
218
219
220
221
223
226
227
228
229
230
231
232
233
234
235
237
239
242
243
244
245
246
247
248
249
250
252
253
254
255
257
258
260
261
264
265
267
268
271
272
275
276
277
278
279
280
281
283
286
287
288
289
290
291
292
294
295
297
299
303
304
305
306
307
308
309
311
314
315
316
317
318
319
320
321
323
326
327
328
329
330
331
333
336
337
338
339
340
341
342
344
347
348
349
350
351
352
353
354
356
357
359
360
362
365
366
368
370
372
374
378
379
380
381
382
383
384
385
386
387
389
390
392
393
394
395
397
398
400
403
405
406
408
410
412
413
416
417
418
421
423
424
425
427
428
429
431
433
435
440
443
444
445
446
448
450
451
452
453
454
457
458
459
460
461
463
464
465
466
467
470
471
472
473
474
475
476
477
478
479
481