1
2
3
4
5
6
7
8
9
10
11
12
13
14
15
16
17
19
20
21
22
24
25
26
27
28
29
30
31
32
33
34
36
38
39
41
42
44
45
47
48
49
50
51
52
53
54
56
59
60
61
62
63
64
66
69
70
71
72
73
74
75
76
77
78
79
80
82
84
86
88
93
94
95
96
97
98
99
100
101
103
106
107
108
109
110
111
112
113
114
115
116
118
120
122
124
129
130
131
132
133
134
135
136
137
138
139
141
143
144
145
146
147
149
150
154
155
156
157
158
159
160
161
163
166
167
168
169
170
171
172
173
175
178
179
180
181
182
183
184
185
186
188
191
192
193
194
195
196
197
198
199
200
201
203
204
205
208
209
210
211
212
213
214
215
217
220
221
222
223
224
225
226
228
231
232
233
234
235
236
237
238
239
241
244
245
246
247
248
250
251
253
255
258
259
260
261
262
263
264
265
267
270
271
272
273
274
275
276
277
278
279
281
283
285
289
290
291
292
293
294
295
296
298
301
302
303
304
305
306
308
311
312
313
314
315
316
317
318
320
323
324
325
326
327
328
330
333
334
335
336
337
338
339
340
342
345
346
347
348
349
350
352
355
356
357
358
359
360
361
362
364
367
368
369
370
371
372
374
377
378
379
380
381
382
383
384
386
389
390
391
392
393
394
396
399
400
401
402
403
404
405
406
408
411
412
413
414
415
416
418
421
422
423
424
425
426
427
428
430
433
434
435
436
437
438
439
440
441
443
446
447
448
449
450
451
452
453
455
458
459
460
461
462
463
464
466
469
470
471
472
473
474
475
477
480
481
482
483
484
485
486
487
489
491
493
495
500
501
502
503
504
505
507
510
511
512
513
514
515
516
517
518
519
521
522
523
526
527
528
529
530
531
532
533
535