1
2
3
4
5
6
7
8
9
10
11
12
13
14
15
16
17
19
20
21
23
24
27
28
29
30
31
32
33
34
35
36
37
38
39
40
41
42
44
45
46
47
49
50
51
52
53
54
55
56
59
60
61
62
64
66
67
68
69
70
71
73
77
79
80
82
83
85
86
88
89
91
92
94
95
97
98
100
101
102
103
107
108
109
110
111
112
113
114
115
117
118
119
120
123
124
125
126
127
128
129
130
131
132
133
135
136
139
140
141
142
143
144
145
147
150
151
152
153
154
155
156
157
158
160
163
164
165
166
167
168
169
170
171
173
176
177
178
179
180
181
183
186
187
188
189
190
191
193
196
197
198
199
200
201
202
203
205
208
209
210
211
213
216
217
218
219
220
221
222
223
224
225
227
230
231
232
233
234
235
236
238
241
242
243
244
245
246
247
249
252
253
254
255
257
258
259
262
263
264
265
267
268
269
272
273
274
275
277
278
281
282
283
284
285
286
287
289
292
293
294
295
297
298
299
302
303
304
305
306
307
308
310
312
314
315
317
320
321
322
323
324
325
326
328
331
332
333
334
335
336
337
338
339
341
344
345
346
347
349
352
353
354
355
356
357
358
359
360
362
364
366
370
373
374
375
376
377
378
380
382
383
385
389
392
393
394
395
396
397
399
401
403
404
406
410
413
414
415
416
417
418
419
421
423
424
428
429
430
431
433
435
436
440
441
442
443
445
447
448