1
2
3
4
5
6
7
8
9
10
11
12
13
14
15
16
17
19
20
22
23
24
27
28
29
30
31
32
33
34
35
36
37
39
40
42
43
45
46
47
48
52
53
54
55
56
57
58
59
60
61
63
66
67
68
69
71
72
73
74
76
79
80
81
82
83
84
85
86
88
89
90
91
92
93
95
96
97
98
99
100
101
102
104
105
106
107
109
110
111
112
113
114
115
116
118
119
120
121
122
123
124
126
127
129
132
133
134
135
137
138
141
142
143
145
147
149
150
151
152
155
157
158
160
163
164
165
166
167
168
170
171
172
173
174
175
176
178
181
182
183
184
185
186
187
188
190
193
194
195
196
198