1
2
3
4
5
6
7
8
9
10
11
12
13
14
15
16
17
19
21
22
25
26
27
28
29
30
31
32
33
34
35
36
37
38
39
40
41
42
43
44
45
46
47
48
49
50
51
52
53
54
55
56
57
58
59
60
61
62
64
66
67
68
69
71
74
75
76
77
79
82
83
84
85
86
88
91
92
93
94
95
97
100
101
102
103
104
105
107
110
111
112
113
114
116
119
120
121
122
123
125
128
129
130
131
132
134
138
139
140
141
142
144
147
148
149
150
152
153
154
157
158
159
160
161
162
163
164
166
168
169
170
172
173
175
176
178
180
182
187
190
191
192
193
194
195
196
197
198
199
200
201
202
203
204
208
209
210
211
212
213
214
215
216
217
218
220
223
224
225
226
228
230
232