1
2
3
4
5
6
7
8
9
10
11
12
13
14
15
16
17
19
20
21
23
24
25
26
27
29
30
31
32
33
34
35
36
37
38
39
40
41
42
45
46
47
48
49
50
51
52
53
54
55
56
57
58
60
61
62
63
64
65
66
67
68
69
70
72
74
75
76
77
78
79
80
81
82
83
84
86
87
88
89
90
91
92
96
97
98
99
101
103
104
105
106
107
108
109
110
111
113
116
117
118
119
121
125
126
127
128
130
132
133
134
135
136
137
138
140
143
144
145
146
148
151
152
153
154
156
158
159
160
162
164
166
167
168
169
171
172
177
178
179
180
182
183
185
186
187
189
190
191
193
195
197
200
202
203
204
208
209
210
211
213
215
216
218
219
221
223
224
225
226
227
228
229
230
231
233
236
237
238
239
240
241
242
243
245
248
249
250
251
252
253
254
256
260
262
264
265
266
267
268
270
271
272
274
276
277
280
282
285
287
291
292
294
295
297
298
300
301
302
303
306
307
309
310
312
314
315
316
317
318
319
320
321
322
323
325
326
328
329
331
332
333
334
335
336
337
338
339
341
342
343
345
346
349
350
351
352
353
354
355
356
357
358
360
361
362
364
365
368
369
370
371
372
373
374
375
376
377
378
379
380
381
383
386
387
388
389
390
391
392
393
394
395
396
397
399
402
403
404
405
406
407
408
409
410
411
412
413
414
415
416
418
421
422
423
424
425
426
427
428
429
430
431
432
433
434
436
437
440
441
442
443
444
445
446
448
449
450
451
454
455
456
457
458
459
460
462
463
464
465
468
469
470
471
473
476
477
478
479
481
482
483
484
486
487
488
489
491
493
495
496
498
502
504
506
508
511
512
513
514
516
517
518
519
521
522
524
527
528
529
530
532
533
536
537
538
539
540
541
542
543
545
547
549
551
554
555
558
559
560
561
562
563
564
565
567
569
571
573
576
577
578
581
582
583
584
585
586
588
589
592
593
594
595
596
597
598
599
600
601
602
603
605
606
607
610
611
612
613
614
615
617
620
621
622
623
624
625
626
627
628
629
631
633
634
635
637
639
641
643
645
647
652
654
658
659
660
661
662
663
664
665
666
667
669
672
673
674
675
676
677
678
679
680
681
683
686
687
688
689
691
692
693
695
699
700
701
702
703
704
705
706
707
709
712
713
714
715
716
717
718
719
720
721
722
723
724
725
726
727
728
729
730
731
732
733
734
735
736
737
738
739
741
744
745
746
747
748
749
750
751
752
754