1
2
3
4
5
6
7
8
9
10
11
12
13
14
15
16
17
19
20
21
22
23
24
25
26
28
30
31
32
33
34
35
36
37
39
41
42
44
45
47
48
49
50
51
53
54
56
57
59
60
61
62
64
66
70
71
72
73
75
77
79
81
82
83
85
86
88
89
94
95
96
97
99
101
103
105
108
109
111
112
116
117
118
119
121
123
125
127
128
129
131
132
134
135
140
141
142
143
145
147
149
151
154
155
157
158
162
163
164
165
167
170
171
172
173
175
178
179
180
181
183
185
187
189
193
194
195
196
198
201
202
203
204
206
209
210
211
212
213
215
217
219
221
222
223
224
226
227
231
232
233
235
236
239
241
242
243
245
246
251
252
253
254
256