1
2
3
4
5
6
7
8
9
10
11
12
13
14
15
16
17
19
20
21
22
23
24
25
28
29
30
31
32
33
34
35
36
37
38
39
40
41
42
43
44
45
46
47
48
49
50
51
52
53
54
56
57
58
59
60
61
63
66
67
68
69
70
71
72
74
77
78
80
81
82
83
84
85
86
87
88
89
90
91
92
94
95
96
97
99
100
102
105
106
107
108
109
110
111
112
113
114
115
116
117
119
120
121
123
124
126
129
130
131
132
133
134
135
136
138
139
140
141
143
147
148
149
150
151
152
153
154
155
156
158
159
160
162
166
167
168
169
170
171
172
173
174
175
176
177
178
179
180
181
182
184
185
186
188
192
193
194
195
196
197
198
199
200
201
202
203
204
205
206
207
208
209
210
212
213
214
216
220
221
222
223
224
225
226
227
229
230
233
234
235
236
237
238
239
240
241
242
244
245
248
249
250
251
252
253
254
256
259
260
261
262
263
264
265
266
268
270
272
274
277
278
280
282
285
286
287
288
289
290
291
292
294
296
299
300
302
303
306
307
309
311
314
315
316
317
318
319
320
321
322
323
324
326
327
328
330
332
335
336
337
338
339
340
341
342
343
344
345
347
348
349
351
353