1
2
3
4
5
6
7
8
9
10
11
12
13
14
15
16
17
19
20
21
22
23
24
25
26
27
28
29
31
32
33
34
35
36
37
40
41
42
43
44
45
46
47
48
49
51
53
54
55
56
58
59
60
61
63
65
67
69
70
71
73
74
75
76
77
78
79
80
81
82
83
84
85
86
87
88
89
91
92
93
95
97
100
102
107
108
109
110
112
114
115
116
118
122
123
124
125
126
127
129
130
131
133
134
135
136
138
139
140
141
143
145
146
148
150
152
154
157
159
162
163
165
166
167
169
170
171
176
178
180
182
183
184
185
187
189
191
193
194
195
198
199
201
202
203
205
206
207
209
211
212
214
215
217
219
220
221
224
225
227
228
229
230
231
232
233
237
238
239
241
242
243
245
249
251
256
257
258
259
261
263
264
265
267
271
272
273
274
276
277
278
279
280
281
283
285
286
288
291
292
294
295
296
297
298
299
300
303
305
306
309
310
311
312
314
316
317
318
319
320
321
323
326
327
328
329
331
334
335
336
337
339
340
341
344
345
346
347
348
349
350
352
355
356
357
358
360
361
365
366
367
370
371
374
376
377
379
381
383
385
386
387
388
390
394
395
396
397
398
399
400
402
403
405
406
407
409
410
411
412
413
415
416
417
418
419
421
424
425
426
427
429
430
434
435
436
437
438
439
441
442
443
444
445
447
448
449
451
452
454
455
457
458
459
461
462
463
464
465
466
468
470
472
473
475
476
477
478
480
481
482
483
484
487
489
491
492
494
496
498
500
503
505
510
513
514
515
516
517
519
520
524
525
526
527
528
530
533
534
535
536
537
539
540
542
544
546
548
549
552
553
554
555
557
560
561
562
563
564
565
567
568
572
574
575
577
578
580
582
585
587
593
594
595
596
597
599
601
602
604
606
607
609
610
612
616
617
620
622
623
625
626
628
630
633
635
640
642
643
644
648
650
651
652
653
654
656
657
658
660
663
665
666
668
670
672
673
675
677
678
680
681
682
684
686
688
690
692
694
696
697
699
701
703
704
706
708
712
714
718
719
721
722
724
727
728
729
730
731
732
733
734
736