1
2
3
4
5
6
7
8
9
10
11
12
13
14
15
16
17
19
20
22
23
24
25
26
27
28
29
30
31
32
33
34
35
36
38
40
42
43
44
45
46
47
48
50
53
54
55
56
58
60
62
65
66
67
68
70
72
74
76
80
81
82
83
85
87
89
92
93
94
95
97
100
101
102
103
105
107
111
112
113
114
115
116
117
118
120
123
124
125
126
128
131
132
133
134
135
136
137
138
139
140
141
143
146
147
148
149
150
151
152
153
155
157
159
160
161
162
163
164
165
167
168
171
172
173
174
176
179
180
181
182
184
187
188
189
190
192
193
197
198
199
200
202
203
204
205
208
209
210
211
212
213
214
215
217
220
221
222
223
224
225
227