1
2
3
4
5
6
7
8
9
10
11
12
13
14
15
16
17
19
20
22
23
24
25
26
27
28
29
30
31
32
33
34
35
36
37
38
39
40
41
44
45
46
47
48
49
50
51
52
53
55
56
57
58
60
61
62
63
65
66
67
68
69
73
74
75
76
78
79
80
81
83
84
85
86
87
88
92
93
94
95
97
98
99
100
102
103
104
108
109
110
111
113
114
115
116
118
119
120
121
122
123
124
125
127
129
130
131
134
136
137
139
141
142
149
150
151
152
154
158
159
162
163
165
166
168
169
170
171
172
173
174
176
178
179
181
182
183
184
185
186
188
189
192
193
194
195
196
197
199
202
203
204
205
206
207
209
212
213
214
215
217
220
221
222
223
225
228
229
230
231
232
233
234
236
239
240
241
242
243
244
245
247