1
2
3
4
5
6
7
8
9
10
11
12
13
14
15
16
17
18
19
20
21
22
23
24
25
26
27
28
29
30
31
32
33
34
35
36
37
38
39
40
41
42
43
44
45
46
47
48
49
50
51
52
53
54
55
56
58
60
61
62
63
64
66
69
70
71
72
73
74
75
76
77
78
79
80
81
82
83
84
85
86
87
88
89
90
91
92
93
94
95
96
97
98
99
100
101
102
103
104
105
107
109
110
112
113
115
116
118
119
121
122
123
124
125
126
127
128
130
133
134
135
136
137
138
139
140
141
142
144
146
149
150
151
152
153
156
158
161
162
163
164
165
166
167
168
169
170
171
172
174
176
179
182
183
184
185
186
187
188
189
190
191
192
193
194
195
197
199
202
205
206
207
208
209
210
211
212
213
215
216
217
218
221
222
223
224
225
226
227
228
229
230
232
234
236
238
240
242
245
249
250
251
252
253
254
255
256
257
259
262
263
264
265
266
267
268
269
270
272
274
275
277
280
281
282
283
284
285
286
287
289
292
293
294
295
296
297
298
299
300
301
303
304
305
306
308
309
310
311
312
313
315
317
319
324
327
328
329
330
331
332
333
334
336
339
340
341
342
343
344
345
346
347
348
350
351
352
355
356
357
358
359
360
361
362
363
365
368
369
370
371
372
373
374
375
376
378
379
380
382
384