1
2
4
5
6
8
9
10
11
12
13
14
15
16
18
19
20
21
22
23
24
26
27
28
29
30
31
32
34
35
36
37
38
39
40
41
42
43
44
45
46
47
48
49
50
51
52
53
54
55
56
57
58
59
60
61
62
63
64
65
66
67
68
69
70
71
72
73
74
75
76
79
82
84
85
86
87
89
90
91
92
93
94
95
97
100
101
102
103
104
106
109
110
111
112
113
114
115
117
118
119
120
121
124
125
126
127
128
129
130
132
135
136
137
138
139
140
141
142
143
144
145
146
147
148
149
150
152
153
156
157
158
159
160
161
163
166
167
168
169
170
171
172
174
177
178
179
180
181
182
183
185
186
187
190
191
192
193
194
195
196
197
198
199
200
202
203
204
208
209
210
211
212
213
214
215
217
219
221
222
223
225
227
228
229
231
234
235
236
237
238
239
240
241
242
243
244
245
246
247
249
250
252
253
255
257
258
259
261
263
264
265
267
270
271
272
273
274
275
276
277
278
279
281
282
283
286
288
290
291
292
294
296
297
298
300
303
304
305
306
307
308
309
310
311
312
313
314
316
318
319
320
322
323
324
326
328
329
330
332
335
336
337
338
339
340
341
343
345
346
347
348
349
351
353
354
358
359
360
361
362
364
365
366
367
370
371
372
373
374
375
376
377
378
379
380
381
382
383
384
385
386
387
388
389
390
391
392
394
396
397
398
400
402
403
405
408
410
411
412
413
414
415
416
417
418
419
421
422
423
426
427
428
429
430
431
432
433
434
435
436
437
438
440
441
442
444
445
447
448
449
450
452
455
456
457
458
459
460
461
462
464
465
466
467
468
469
472
473
474
475
476
477
478
479
480
481
482
483
484
486
487
488
490
491
492
493
494
497
498
499
500
501
502
503
504
505
506
507
509
510
511
512
513
514
515
516
517
518
521
522
523
524
525
526
527
528
529
530
531
532
533
534
536
537
538
540
541
543
544
546
548
550
551
552
553
554
556
557
559
561
563
564
566
567
572
573
574
575
576
577
578
579
580
581
582
583
584
585
586
587
588
590
592
593
595
596
597
598
599
600
604
605
606
607
608
609
610
611
612
614
615
616
617
618
620
621
622
623
625
626
627
630
631
632
633
634
635
636
637
638
639
640
642
643
644
645
646
647
649
653
654
655
656
657
658
659
660
661
663
664
665
666
668
669
670
671
673
674
676
680
681
683
684
685
686
687
690
691
692
693
694
695
696
697
698
700
701
702
703
705
706
707
709
710
712
716
717
719
720
721
722
725
726
727
728
729
730
731
732
733
735
737
738
739
741
742
744
745
746
747
749
750
752
754
759
760
762
763
764
765
766
769
770
771
772
773
775
778
779
780
781
782
783
784
785
786
788
789
790
792
793
794
795
796
797
798
800
803
804
805
806
807
808
809
810
811
812
813
814
815
816
817
818
820
821
822
824
825
826
828
829
830
831
832
833
834
835
836
838
841
842
843
844
845
846
847
849
850
853
854
855
856
857
858
859
860
861
862
864
865
867
868
869
871
872
873
876
877
878
879
880
881
882
883
885
886
888
889
890
892
893
894
895
898
899
900
901
902
904
905
906
907
908
910
911
912
914
915
919
920
921
922
923
924
925
926
927
928
929
930
931
932
933
934
935
936
937
938
939
940
941
943
944
945
946
948
949
950
952
953
954
956
957
958
959
961
964
965
966
967
968
969
970
972
973
974
976
977
979
982
983
984
985
986
987
988
989
991
994
995
996
997
998
999
1000
1001
1002
1004
1006
1009
1010
1011
1012
1013
1014
1015
1016
1017
1018
1019
1020
1021
1022
1023
1024
1026
1027
1028
1029
1031
1034
1037
1038
1040
1041
1042
1043
1045
1047
1048
1051
1053
1056
1058
1061
1063
1065
1067
1069
1073
1075
1077
1079
1081
1085
1087
1090
1092
1095
1096
1097
1098
1099
1100
1102
1104
1107
1108
1109
1110
1111
1112
1113
1115
1118
1119
1120
1121
1122
1123
1124
1126
1131
1132
1133
1134
1135
1136
1137
1138
1139
1140
1141
1142
1143
1144
1145
1146
1147
1148
1149
1150
1151
1152
1153
1155
1156
1157
1158
1159
1162
1165
1166
1167
1168
1169
1170
1171
1172
1173
1174
1175
1176
1177
1178
1179
1181
1182
1183
1184
1186
1188
1189
1190
1191
1194
1195
1197
1198
1201
1202
1204
1205
1209
1211
1213
1214
1215
1216
1217
1221
1223
1225
1226
1227
1231
1233
1235
1236
1240
1242
1244
1245
1246
1247
1248
1249
1253
1255
1257
1258
1259
1260
1261
1262
1266
1268
1270
1271
1275
1277
1279
1280
1281
1282
1286
1288
1289
1291
1293
1294
1297
1299
1302
1304
1305
1306
1307
1310
1312
1315
1317
1318
1319
1320
1323
1325
1328
1330
1333
1335
1338
1340
1343
1345
1350
1352
1354
1355
1356
1357