1
2
3
4
5
6
7
8
9
10
11
12
13
14
15
16
17
19
20
21
22
23
24
25
26
27
28
29
30
33
34
35
36
38
39
40
41
42
44
45
46
47
48
49
50
51
52
53
54
55
57
59
62
64
65
66
67
68
69
72
74
75
76
77
79
80
81
84
86
87
88
89
91
95
97
100
102
103
104
105
108
109
110
111
112
113
114
115
117
119
121
123
125
126
129
131
132
133
136
138
141
142
143
144
145
146
147
148
150
152
154
155
157
159
162
165
167
171
173
174
175
176
177
178
179
180
181
183
184
185
186
187
189
190
191
194
195
196
197
199
200
201
204
205
206
207
209
210
211
214
215
216
217
218
220
221
222
225
226
227
228
230
231
232
235
236
237
238
240
241
242
245
246
247
248
250
251
252
255
256
257
258
259
261
262
263
266
267
268
269
271
272
273
276
277
278
279
281
282
283
284
285
287
288
289
290
291
293
294
295
296
299
301
302
303
304
305
307
308
309
310
313
315
316
317
318
319
321
322
323
324
327
329
330
331
332
333
335
336
337
338
341
343
344
345
346
347
349
350
351
352
355
357
358
359
360
361
363
364
365
366
369
371
372
373
374
375
377
378
379
380
383
385
386
387
388
389
391
392
393
394
397
399
400
401
402
403
405
406
407
408
411
412
417
419
420
422
424
426
427
429
431
432
433
434
435
436
437
439
440
444
445
446
447
449
450
451
452
453
454
457
458
459
460
462
464
465
469
470
471
472
474
476
478
480
482
485
488
489
490
491
493
496
497
498
499
501
504
505
506
507
509
512
513
514
515
516
517
518
519
520
522
525
526
527
528
529
530
531
532
533
535
538
539
540
541
542
543
544
545
546
548
551
552
553
554
555
556
557
558
559
561
564
565
566
567
568
569
570
571
572
574
577
578
579
580
581
582
583
584
585
587
590
591
592
593
595
597
599
601
603
608
609
610
611
612
613
614
615
616
618
621
622
623
624
625
626
627
628
629
631
634
635
636
637
638
639
640
641
642
644
647
648
649
650
651
652
653
654
655
657
660
661
662
663
665
668
669
670
671
673
675
676
678
679
681
682
684
686
688
689
690
692
694
695
697
699
700
701
703
705
706
707
709
711
712
714
716
718
719
720
723
725
726
728
729
730
731
733
736
738
739
741
743
744
747
749
751
752
754
755
757
758
759
762
763
764
765
767
769
771
772
773
774
775
777
779
782
784
786
789
791
793
795
797
799
800
801
804
806
807
810
812
813