1
2
3
4
5
6
7
8
9
10
11
12
13
14
15
16
17
19
20
21
23
24
25
26
29
30
31
32
33
34
36
38
39
41
42
43
44
46
48
49
51
52
54
55
57
58
59
60
61
62
63
64
65
66
67
68
69
71
72
73
74
77
78
79
80
82
85
86
87
88
90
94
95
96
97
99
101
102
104
105
106
107
108
109
110
111
112
114
115
118
119
120
121
123
124
126
128
130
133
136
137
138
139
141
145
146
147
148
150
152
153
155
156
158
159
161
162
164
165
166
167
168
169
170
171
172
173
174
175
176
177
178
180
181
182
183
184
187
188
189
190
192
195
196
197
198
200
204
205
206
207
209
210
212
213
214
215
216
217
218
220
223
224
225
226
227
228
229
231
232
234
236
238
240
243
245
249
250
251
252
253
254
256
257
258
259
260
261
264
265
266
267
268
269
270
272
275
276
277
278
279
280
281
282
283
284
285
286
287
288
290
291
292
295
296
297
298
299
300
301
302
303
304
306
307
308
311
312
313
314
315
316
317
318
319
320
321
322
323
324
325
326
328
329
330
333
334
335
336
337
338
340
341
343
344
346
347
349
350
351
353
354
356
358
360
361
362
364
365
368
369