1
2
3
4
5
6
7
8
9
10
11
12
13
14
15
16
17
19
20
21
22
23
24
25
26
27
28
30
33
34
35
36
39
40
43
44
45
46
48
49
50
51
52
53
55
56
59
60
61
62
64
65
66
68
70
72
73
74
76
79
81
82
83
85
86
88
90
92
93
94
95
97
99
101
103
105
107
109
111
113
115
119
121
122
123
125
127
128
129
130
131
132
134
136
138
140
141
142
143
145
147
149
152
153
154
155
157
158
160
161
166
167
168
169
171
172
173
174
177
178
179
180
181
182
183
184
185
188
189
190
191
192
193
194
195
196
199
200
201
202
203
204
205
206
207
210
211
212
213
214
215
216
217
218
221
222
223
224
225
226
227
228
229
232
233
234
235
236
237
238
239
240
243
244
245
246
247
248
249
250
251
254
255
256
257
258
259
260
261
262
265
266
267
268
269
270
271
272
273
276
277
278
279
280
281
282
283
284
287
288
289
290
291
292
293
294
295
298
299
300
301
302
303
304
305
306
307
308
309
310
312
315
316
317
318
320
321
324
325
326
327
329
332
333
334
335
337
340
341
342
343
345
348
349
350
351
353
354
355
359
361
363
365
366
367
369
370
372
373
375
376
378
379
381
382
384
385
387
388
390
391
393
394
396
397
399
400
402
403
405
406
408
409
411
412
414
415
417
418
420
421
423
424
426
427
429
430
432
433
435
436
438
439
441
442
444
445
447
448
450
451
453
454
456
457
459
460
462
463
465
466
468
469
471
473
475
479
480
481
482
484
487
488
489
490
492
493
495
497
500
501
502
503
505
506
508
510
513
514
515
516
518
519
521
523
526
527
528
529
531
532
534
536
539
540
541
542
544
545
547
549
552
553
554
555
557
558
560
562
565
566
567
568
570
571
573
575
578
579
580
581
583
584
586
588
591
592
593
594
596
597
599
601
604
605
606
607
609