1
2
3
4
5
6
7
8
9
10
11
12
13
14
15
16
17
19
20
21
22
24
25
27
30
31
32
33
34
35
36
38
40
42
44
46
48
50
51
52
53
54
55
57
60
61
62
63
64
65
66
67
69
72
73
74
75
76
77
79
83
84
85
86
87
88
90
93
94
95
96
97
98
100
103
104
105
106
107
108
110
113
114
115
116
117
118
120
123
124
125
126
127
128
130
133
134
135
136
137
138
139
141
144
145
146
147
148
149
150
151
152
154
157
158
159
160
161
162
163
165
166
169
170
171
172
174
177
178
179
180
181
182
184
187
188
189
190
191
192
193
194
195
196
198
201
202
203
204
205
206
207
209
212
213
214
215
216
217
218
219
221
224
225
226
227
228
229
230
231
232
234
237
238
239
240
241
242
243
247
248
249
250
252