1
2
3
4
5
6
7
8
9
10
11
12
13
14
15
16
17
19
20
21
22
23
24
25
27
28
29
30
31
32
33
34
35
36
37
38
39
40
41
42
44
46
47
48
49
50
51
52
53
54
55
56
57
58
60
62
64
66
71
72
73
74
75
76
77
78
79
80
81
82
83
84
85
86
88
90
92
94
99
100
101
102
103
104
105
106
107
109
111
113
115
120
121
122
123
124
125
126
127
128
129
130
132
134
136
138
143
144
145
146
147
148
149
150
151
152
154
156
158
160
165
166
167
168
169
170
171
172
173
174
175
176
178
180
182
184
189
190
191
192
193
194
195
196
197
198
199
200
201
203
205
207
209
214
215
216
217
218
219
220
221
222
224
226
228
230
235
236
237
238
239
240
241
242
243
244
246
248
250
252
257
258
259
261
262
264
266
268
269
270
272
273
274
276
279
280
282
284
285
289
290
291
292
294
295
296
297
298
299
300
302
304
306
309
310
311
312
314