1
2
3
4
5
6
7
8
9
10
11
12
13
14
15
16
17
19
20
21
22
23
25
26
27
28
29
30
33
34
35
36
37
38
40
41
43
44
46
47
48
49
50
51
52
53
54
56
59
60
62
63
65
66
67
68
69
70
73
74
75
76
77
78
79
80
82
86
87
88
89
90
91
92
93
94
95
96
98
99
101
105
107
108
110
111
113
114
116
118
120
121
124
126
130
131
133
134
137
138
139
140
142
145
146
147
148
150
153
154
155
156
157
158
160
163
164
165
166
167
168
169
170
171
173
175
177
178
179
180
183
185
186
188
190
191
192
193
195
197
198
199
201
203
204
205
207
209
213
214
215
216
217
218
219
220
221
222
223
224
225
226
227
229
232
233
234
235
237
238
241
242
243
244
246
250
251
252
253
254
255
256
257
258
259
260
261
262
263
264
265
267
268
269
270
271
272
274
275
277
280
281
283