1
2
3
4
5
6
7
8
9
10
11
12
13
14
15
16
17
19
20
21
22
23
24
25
27
28
29
30
31
32
33
34
35
36
37
38
39
40
41
44
45
46
47
48
49
50
51
52
53
54
55
56
57
58
59
60
61
62
64
65
68
69
70
71
72
73
74
75
78
79
80
81
82
83
84
85
86
90
92
94
96
98
100
102
103
104
105
107
109
111
112
113
114
116
117
119
123
126
127
128
129
131
134
135
136
137
139
142
143
144
145
147
150
151
152
153
155
158
160
161
162
163
166
167
168
169
171
174
175
176
177
179
180
181
182
185
187
188
190
191
192
194
197
200
201
202
203
205
206
208
210
212
215
216
217
219
220
222
223
225
227
228
230
231
232
234
235
237
238
239
241
243
244
245
246
248
250
253
255
260
261
262
263
264
266
268
269
270
271
272
273
274
275
277
278
280
282
283
285
286
287
289
290
291
292
293
294
296
297
298
299
300
301
302
303
304
305
306
307
308
309
313
315
317
319
322
323
324
325
327
328
330
331
333
335
336
337
339
341
343
345
349
350
351
352
354
355
357
358
360
362
363
364
366
368
370
372
376
377
378
379
381
383
385
387
389
390
392
394
395
396
398
400
405
406
407
408
410
413
414
415
416
418
422
423
424
425
426
428
429
431
432
433
434
435
436
437
438
439
440
441
442
443
444
446
448
449
450
451
452
453
455
457
458
459
460
462
464
465
466
467
469
471
473
476
477
478
479
480
481
483
485
486
487
488
489
490
491
493
494
495
496
497
498
500
501
502
505
506
507
508
510
513
514
515
516
518
521
522
523
524
526
529
530
531
532
534
537
538
539
540
542
545
546
547
548
549
551
554
555
556
557
559
562
564
565
566
569
571
574
576
579
581
586
587
588
589
590
591
593
595
596
597
598
599
601
603
605
607
609
610
611
612
614
617
618
619
620
621
623
626
627
628
629
631
634
635
636
637
638
640
643
644
645
646
647
648
650
653
654
655
656
658
661
662
663
664
666
669
670
671
672
674
677
678
679
680
682
685
686
687
688
690
693
694
695
696
698
701
702
703
704
706
709
710
711
712
714
715
718
719
720
721
723
726
727
728
729
730
732
733
735
736
737
739
742
745
746
747
748
750
753
754
755
756
758
761
763
764
765
766