1
2
3
4
5
6
7
8
9
10
11
12
13
14
15
16
17
19
20
21
22
23
24
25
26
28
29
30
32
33
34
35
36
37
38
39
40
41
43
44
45
46
47
48
50
52
56
57
58
59
60
61
62
63
64
65
66
67
69
70
71
73
74
76
78
79
81
84
85
86
87
88
89
90
91
92
93
94
95
97
99
101
103
106
107
108
110
111
112
113
114
115
117
118
120
121
123
125
126
127
128
130
132
136
138
140
143
145
148
150
153
154
155
156
157
159
160
162
163
164
168
170
172
174
178
179
180
181
182
183
184
185
186
188
191
192
193
194
195
196
197
198
199
200
201
202
204
207
208
209
210
211
212
213
214
215
217
218
220
222
225
228
229
230
231