1
2
4
5
6
8
9
10
11
12
13
14
15
16
18
19
20
21
22
23
24
25
26
27
28
30
31
32
33
34
35
36
37
38
39
40
43
44
45
46
47
48
49
50
51
52
53
54
55
56
57
58
59
60
61
62
63
64
65
66
67
68
69
70
71
72
73
74
75
76
77
78
79
80
81
82
83
84
85
86
87
88
89
90
91
92
93
94
95
96
97
98
99
100
101
102
103
104
105
106
107
108
109
110
111
112
113
114
115
116
117
118
119
120
121
122
123
124
125
126
127
128
129
130
131
132
133
134
135
136
137
138
139
140
141
142
143
144
145
146
148
150
151
152
153
154
155
156
157
158
159
160
161
162
163
164
165
166
167
168
169
170
172
173
175
178
179
180
181
183
184
185
186
188
189
190
191
192
193
195
197
201
202
203
204
205
206
208
210
215
216
217
218
219
221
222
223
224
225
227
228
229
230
231
233
234
235
236
237
239
240
241
242
244
245
246
247
249
250
251
252
253
254
255
257
258
259
260
261
262
264
265
266
267
268
269
270
272
274
275
276
278
280
282
283
285
288
291
292
293
294
295
296
297
298
300
301
302
303
304
307
308
309
310
311
312
313
315
318
319
320
321
322
323
324
325
326
327
328
329
330
331
333
335
337
339
341
342
345
346
347
348
349
350
351
352
353
354
356
359
360
361
362
363
365
368
369
370
371
372
373
374
376
377
380
381
382
383
384
385
387
390
391
392
393
394
395
397
400
401
402
403
404
405
406
407
408
409
410
411
412
414
415
417
418
419
420
421
422
423
425
426
427
428
430
432
434
435
437
438
440
442
444
445
446
449
451
452
454
457
458
459
460
461
463
465
467
469
471
476
477
478
479
480
481
482
483
484
485
486
487
488
490
493
494
495
496
497
498
499
500
501
502
503
504
505
506
507
508
509
510
511
512
514
516
518
519
520
521
522
524
526
528
532
534
536
538
539
541
542
543
544
546
548
550
552
555
557
558
560
561
566
567
571
572
573
574
575
576
577
578
579
581
582
583
584
586
588
590
591
592
594
596
598
600
602
604
605
606
608
610
615
616
617
618
619
620
622
623
624
626
627
630
631
632
634
635
636
637
638
639
640
641
642
643
644
645
647
649
650
651
653
655
656
658
659
661
663
665
666
667
668
670
671
673
674
677
679
680
682
683
689
690
693
694
695
696
697
698
699
700
701
702
703
704
706
707
708
709
710
711
712
714
715
716
717
718
720
722
724
728
730
732
734
736
739
741
742
744
745
747
748
750
753
754
755
760
761
765
766
767
768
769
770
771
772
774
775
776
778
780
782
783
784
785
786
788
791
792
793
796
799
800
801
802
803
804
805
806
807
808
809
810
811
813
815
818
820
822
824
826
831
834
835
836
837
838
839
840
841
842
843
844
845
846
847
848
849
850
851
852
853
855
858
859
860
861
862
863
864
865
866
867
869
870
872
875
876
877
878
880
883
885
886
887
888
892
893
894
895
897
898
900
901
902
904
907
909
910
913
914
915
916
917
918
919
921
923
925
926
927
929
930
931
933
935
936
938
940
943
945
947
948
952
953
954
955
957
958
959
960
961
962
963
964
965
966
967
968
970
971
974
976
977
978
979
981
984
985
986
987
989
992
993
994
995
997
1000
1001
1002
1003
1005
1008
1009
1010
1011
1013
1017
1018
1019
1020
1021
1022
1023
1024
1025
1026
1027
1028
1029
1031
1032
1035
1037
1038
1039
1040
1042
1045
1046
1047
1048
1050
1053
1054
1055
1056
1058
1061
1062
1063
1064
1066
1070
1071
1072
1073
1074
1075
1076
1077
1078
1079
1080
1081
1082
1083
1085
1086
1089
1091
1092
1093
1094
1096
1099
1100
1101
1102
1104
1106
1108
1109
1110
1113
1114
1115
1116
1118
1120
1122
1125
1126
1127
1128
1130
1133
1134
1135
1136
1138
1142
1143
1144
1145
1146
1147
1148
1149
1151
1152
1153
1155
1156
1158
1160
1164
1165
1166
1167
1168
1169
1170
1171
1172
1173
1175
1178
1179
1180
1181
1182
1183
1184
1185
1186
1187
1188
1190
1194
1195
1196
1197
1199
1200
1201
1202
1203
1205
1206
1207
1208
1210
1212
1213
1214
1215
1218
1220
1221
1222
1223
1225
1228
1229
1230
1231
1232
1233
1234
1235
1236
1237
1238
1239
1240
1242
1245
1246
1247
1248
1249
1250
1251
1252
1253
1254
1255
1256
1257
1258
1259
1260
1261
1262
1263
1264
1265
1266
1268
1270
1273
1274
1275
1278
1279
1280
1281
1283
1285
1287
1288
1291
1292
1293
1294
1296
1299
1300
1301
1302
1304
1308
1310
1311
1312
1313
1314
1315
1317
1319
1320
1323
1324
1325
1326
1328
1331
1332
1333
1334
1336
1339
1340
1341
1342
1344
1345
1346
1347
1348
1349
1351
1353
1355
1356
1358
1359
1360
1362
1364
1368
1370
1373
1375
1376
1381
1383
1386
1387
1388
1389
1391
1393
1396
1397
1398
1399
1400
1403
1404
1405
1406
1408
1410
1412
1413
1418
1420
1422
1426
1428
1430
1434
1435
1436
1437
1438
1439
1440
1441
1442
1443
1444
1445
1446
1447
1448
1450
1451
1453
1454
1456
1457
1459
1460
1462
1464
1466
1467
1468
1473
1474
1475
1476
1477
1478
1479
1480
1481
1483
1484
1486
1487
1488
1490
1491
1493
1494
1496
1497
1498
1502
1503
1504
1505
1506
1508
1511
1512
1513
1514
1515
1517