1
2
3
4
5
6
7
8
9
10
11
12
13
14
15
16
17
19
20
21
22
23
24
25
26
28
30
31
32
33
34
35
36
37
40
41
42
43
44
45
46
47
48
49
51
53
54
56
57
58
59
63
64
65
66
67
71
72
73
74
75
76
77
78
79
80
82
85
86
87
88
89
90
91
92
93
94
95
96
98
99
101
103
105
106
108
111
112
113
114
115
116
118
120
122
124
128
129
130
131
133
134
135
136
137
138
139
140
142
145
146
147
148
149
150
151
152
153
154
155
156
157
158
159
160
161
162
163
164
165
166
167
168
172
173
174
175
176
177
178
179
181
184
185
186
187
188
189
190
191
195
196
197
198
199
200
201
202
206
207
208
209
210
211
212
213
217
218
219
220
221
225
226
227
228
229
230
231
233
236
237
238
239
240
241
242
244
245
246
247
248
249
250
251
252
253
254
255
256
257
259
261
263
265
266
267
268
269
270
272
274
275
277
279
281
282
284
286
288
290
294
295
296
297
298
299
300
301
302
303
304
306
308
310
311
313
315
317
319
320
321
323
324
326
328
329
334
335
336
337
338
339
340
342
343
346
347
348
349
350
351
352
353
354
355
356
357
358
360
361
362
363
364
366
367
368
369
371
374
376