1
2
3
4
5
6
7
8
9
10
11
12
13
14
15
16
17
19
20
21
22
23
25
26
27
28
29
30
31
33
34
35
36
37
38
40
41
42
43
45
47
51
52
53
54
55
56
59
60
61
62
63
64
66
67
68
69
70
71
74
76
77
78
79
80
81
82
83
84
86
89
90
91
92
93
94
95
97
100
101
102
103
104
105
106
108
111
112
113
114
115
116
117
118
119
121
124
125
126
127
128
129
130
132
135
136
137
138
139
140
141
142
144
146
150
151
152
153
155
158
159
160
161
163
166
167
168
169
170
171
172
173
175
176
177
178
180
182
185
186
187
188
189
190
192
193
195
196
197
198
200
204
205
207
208
210
212
214
217
218
219
220
221
222
224
226
228
229
234
235
236
237
238
239
241
242
244
245
246
247
249
253
254
256
257
259
261
263
266
267
268
269
270
271
272
274
277
278
279
280
281
282
284
285
286
288
290
293
294
295
296
297
298
299
300
302
303
304
306
308
309