1
2
3
4
5
6
7
8
9
10
11
12
13
14
15
16
17
19
20
21
22
23
24
25
26
27
28
29
30
31
32
34
36
37
38
39
40
41
42
43
44
45
46
47
48
51
52
53
54
55
56
57
58
59
60
61
62
63
64
65
66
67
69
70
71
72
74
76
77
78
79
80
81
83
87
88
89
90
91
92
93
94
96
97
98
99
100
101
102
103
105
106
108
110
111
112
113
114
115
116
117
118
119
120
121
122
123
124
125
126
127
128
129
130
134
135
136
137
138
139
140
141
142
143
144
145
146
147
148
149
150
151
152
153
154
155
156
157
158
162
163
164
165
166
167
168
169
170
171
172
173
174
175
176
178
181
182
183
184
185
186
187
188
189
190
191
192
193
194
195
196
197
199
202
203
204
205
206
207
208
209
210
211
212
213
214
215
216
217
218
219
220
221
223
225
228
229
231
232
233
234
236
238
239
243
244
245
246
247
248
249
250
251
252
253
254
255
256
257
258
259
261
262
263
266
267
268
269
270
271
272
273
274
275
276
277
278
279
280
281
282
284
287
288
289
290
291
292
293
294
295
296
297
298
299
300
301
302
303
304
305
307
308
309
310
311
313
314
315
317
318
319
321
322
324
326
327
328
329
331
333
335
337
339
341
343
344
345
346
347
348
349
350
351
352
353
354
356
357
358
359
360
361
362
364
366
367
372
374
377
380
381
382
383
384
385
386
387
388
389
390
391
392
393
395
398
399
400
401
402
403
404
405
406
407
408
409
410
411
412
413
414
415
417
418
419
420
422
423
425
428
429
430
432
433
435
436
437
439
440
442
443
449
450
452
453
455
456
458
459
461
462
464
465
466
467
468
469
470
471
472
473
474
475
476
477
478
480
481
483
484
485
487
491
492
493
494
496
498
499
500
502
503
507
508
509
510
511
512
514
517
518
519
520
521
522
524
527
528
529
530
531
532
534
537
538
539
540
542
543
544
546
547
549
550
551
552
554
556
558
561
562
565
566
567
568
569
570
571
573
576
577
578
579
580
581
583