1
2
3
4
5
6
7
8
9
10
11
12
13
14
15
16
17
19
20
21
22
23
24
25
26
28
29
30
31
32
33
34
35
37
39
40
42
43
45
46
48
49
50
51
55
56
57
58
59
60
61
62
63
65
68
69
70
71
73
76
77
78
79
81
84
85
86
87
89
92
93
94
95
97
100
101
102
103
105
108
109
110
111
113
115
118
121
122
123
124
126
127
129
131
133
135
137
138
140
141
142
144
146
148
153
154
155
156
158
160
162
163
165
168
171
172
173
174
176
178
180
182
184
188
189
190
191
193
194
197
198
199
200
202
204
206
208
210
213
215
217
219
221
224
226
229
233
235
240
241
242
243
245
247
249
250
252
255
257
262
263
264
265
267
269
271
273
275
278
280
282
284
286
288
290
293
295
298
300
302
304
309
311
314
318
320