1
2
3
4
5
6
7
8
9
10
11
12
13
14
15
16
17
19
20
21
22
23
25
26
27
28
29
30
31
32
33
34
35
36
37
38
39
40
41
42
43
44
45
46
47
48
49
50
51
52
55
56
57
58
59
60
61
63
64
65
66
68
69
70
71
72
73
74
76
78
79
81
82
84
86
87
91
92
93
94
95
96
97
99
100
101
103
104
105
106
107
108
109
110
111
112
114
115
116
118
120
121
124
126
127
128
130
132
133
136
138
140
141
143
145
147
149
151
153
155
159
161
167
168
170
172
173
177
178
180
182
184
186
187
188
193
194
195
196
198
199
203
204
207
208
209
210
211
212
214
215
216
219
221
222
223
224
228
229
230
231
233
234
235
236
240
241
242
243
245
246
247
251
252
253
254
256
257
258
259
260
261
262
264
266
267
268
271
272
273
274
276
277
278
280
281
282
283
286
287
288
289
291
292
296
297
298
299
300
302
303
306
307
309
310
311
312
314
315
316
317
320
321
322
323
324
325
326
327
329
331