1
3
4
5
6
7
8
9
10
11
12
13
14
15
16
17
18
20
21
22
23
24
25
27
28
29
31
32
33
34
35
37
39
40
41
43
45
47
49
51
52
54
55
60
62
63
64
67
68
72
74
75
76
79
80
85
86
89
91
92
93
94
95
97
101
102
104
108
109
111
112
113
117
118
119
121
122
124
125
126
127
128
130
133
136
137
138
141
142
145
146
147
148
149
150
151
153
156
157
158
159
160
161
164
165
168
169
172
173
174
175
176
177
180
181
182
183
184
185
186
187
190
191
192
195
196
197
198
199
200
203
204
207
209
210
213
214
217
218
221
222
223
224
226
227
228
229
230
231
232
233
234
235
236
237
238
239
240
241
242
243
244
247
248
249
250
251
252
253
254
255
256
259
260
261
262
263
264
265
266
267
268
269
271
272
273
277
281
282
283
284
285
286
287
288
291