1
3
4
5
6
7
8
9
10
11
12
13
14
15
16
17
18
20
21
22
23
24
25
26
28
29
31
32
33
34
36
37
39
40
41
42
43
44
45
46
47
48
49
50
51
52
53
54
55
56
57
58
59
60
61
62
63
64
65
66
67
68
69
70
71
72
73
74
75
76
77
78
79
80
81
82
83
84
85
86
87
88
89
90
91
92
93
94
95
96
97
98
99
100
101
102
103
104
105
106
107
108
109
110
111
112
113
114
115
116
118
119
120
121
122
126
127
128
129
130
131
132
134
135
136
138
139
140
143
144
145
146
147
148
149
150
151
152
154
156
157
159
162
163
164
165
166
167
168
169
170
171
172
173
174
175
176
177
178
179
180
181
182
183
186
187
188
189
190
191
192
193
194
195
199
200
201
203
204
205
206
207
208
209
210
211
212
213
219
220
221
222
223
224
225
226
227
228
229
230
231
233
234
235
236
240
241
243
246
247
248
249
250
251
252
255
256
257
258
259
260
263
264
265
266
267
268
271
272
273
274
277
278
279
280
281
282
285
286
287
288
289
290
291
292
293
294
298
299
300
301
302
303
304
305
308
309
310
311
313
314
317
318
319
320
322
323
324
327
328
331
332
333
334
337
338
339
340
341
343
344
346
349
350
351
352
353
356
357
358
359
362
363
364
365
366
367
368
369
372
373
374
376
377
378
379
380
381
384
387
388
389
390
393
394
395
396
399
400
401
402
405
406
407
408
411
412
413
414
415
416
417
418
419
420
421
422
423
424
425
426
427
428
429
430
431
432
433
434
435
436
438
439
443
444
445
446
447
448
449
450
453
454
455
456
457
459
460
461
462
463
466
467
468
469
472
473
474
475
476
477
478
479
480
481
482
483
484
485
486
487
489
490
495
496
497
498
499
502
503
504
507
508
509
513
514
515
516
517
518
519
520
521
522
523
524
525
526
527
528
530
531
532
533
534
535
536
537
541
542
543