1
2
3
4
5
6
7
8
9
10
11
12
13
14
15
16
18
20
21
22
23
24
25
26
27
29
30
31
32
33
34
35
36
37
38
39
40
41
42
43
44
45
46
47
48
49
50
51
52
53
54
55
56
57
58
59
60
61
63
64
65
66
67
68
69
70
72
73
74
75
76
77
79
81
82
83
84
86
87
88
89
90
91
93
94
95
96
97
98
99
100
102
103
104
105
106
108
110
111
112
113
114
115
117
118
119
120
121
123
124
125
126
127
129
130
131
132
133
134
135
136
137
138
139
140
141
142
143
144
146
147
148
149
150
151
152
153
156
157
158
159
160
161
162
163
166
167
170
171
174
175
176
177
178
179
181
184
185
188
189
190
191
192
193
196
197
198
199
200
201
202
203
205
206
209
211
212
214
215
216
219
221
225
226
228
229
230
231
232
233
234
235
236
237
238
239
241
242
243
245
249
250
251
252
253
254
255
256
259
260
261
264
265
266
267
268
269
271
272
275
276
279
280
281
282
283
284
285
286
287
288
289
291
293
295
296
298
299
300
301
302
306
307
308
309
310
311
312
313
314
315
316
322
323
324
325
327
328
329
330
331
332
333
336
337
338
339
340
341
342
343
349
350
351
354
356
357
358
359
361
362
363
364
365
366
368
369
370
371
374
375
378
379
382
383
388
389
390
392
395
396
399
400
401
402
403
404
406
407
408
410
414
415
418
419
420
421
424
425
426
428
429
430
431
432
433
434
435
436
439
440
441
442
444
445
446
447
448
449
450
451
452
453
454
456
457
458
461
462
463
464
465
466
467
468
470
471
472
478
480
481
483
484
486
487
488
489
494
495
497
498
499
500
501
502
504
507
508
511
512
515
516
519
520
521
522
523
524
525
528
529
532
533
536
537
538
539
540
543
544
545
546
547
548
551
552
553
554
555
556
557
558
559
563
564
565
566
567
568
569
570
573
574
575
578
579
580
583
584
585
586
587
588
591
592
593
594
595
596
599
600
601
602
603
604
605
606
607
609
612
613
616
617
618
619
620
621
622
623
624
625
626
627
630
631
632
633
634
635
636
637
638
639
640
642
643
646
647
648
649
652
653
656