1
2
3
4
5
6
7
8
9
10
11
12
13
14
15
16
17
19
20
21
22
23
24
25
26
27
28
29
30
31
32
33
34
35
36
37
38
39
40
41
42
43
44
45
46
47
48
49
50
51
52
53
54
55
56
57
58
59
60
61
62
63
64
66
67
68
69
70
71
72
74
75
76
77
78
79
80
81
82
85
86
87
88
89
90
91
93
94
96
97
98
99
100
101
104
105
106
107
108
109
112
113
116
117
118
119
120
121
124
125
126
127
130
131
132
133
134
137
138
139
140
141
142
143
146
147
148
149
150
151
152
155
156
157
158
159
160
163
164
165
166
167
168
169
170
173
174
175
176
177
178
179
182
183
184
185
186
187
190
191
192
193
194
195
196
197
198
202
203
204
205
206
207
208
209
212
213
214
219
220
221
222
223
226
228
229
230
231
232
235
237
238
239
240
241
242
243
244
245
248
249
250
255
256
257
258
261
262
263
264
265
266
267
268
270
273
274
275
276
277
278
279
283
285
286
287
289
290
291
293
294
296
297
298
301
302
303
304
305
306
307
308
309
310
311
312
313
314
315
316
317
322
326
327
328
329
331
332
334
338
339
340
342
343
345
348
349
350
352
353
354
356
357
358
359
360
361
362
363
364
366
367
368
370
374
375
376
377
380
381
382
383
386
387
388
389
392
393
394
395
398
399
400
401
404
405
406
407
410
411
412
413
416
417
418
419
422
423
424
425
428
429
430
431
434
435
436
437
440
441
442
443
446
447
448
449
452
453
454
455
458
459
460
461
464
465
466
467
470
471
472
473
476
477
478
479
482
483
484
485
488
489
490
491
494
495
496
497
500
501
502
503
507
508
509
510
511
513
517
518
519
520
521
522
523
526
529
530
531
532
535
536
537
538
543
544
545
546
548
549
550
554
555
556
557
559
561
562
563
564
565
566
567
568
569
570
571
572
573
575
576
577
578
579
580
581
582
585
588
589
590
595
596
598
599
602
603
604
605
607
610
611
612
613
614
616
619
620
621
622
623
625
626
628
629
631
632
633
634
635
636
638
639
641
643
644
647
648
649
653
654
655
656
657
658
661
662
663
667
668
669
670
671
672
675
676
677
681
682
683
684
685
686
689
690
691
695
701
703
704
705
706
708
709
710
711
714
715
716
719
720
721
722
723
724
727
728
729
732
733
734
737
738
739
742
743
744
747
748
749
754
755
756
759
760
761
762
763
766
767
768
771
772
773
776
777
778
781
782
783
786
787
788
793
794
796
797
800
801
806
807
808
811
813
814
815
818
819
820
823
824
825
828
829
830
831
832
833
834
837
838
839
842
843
844
847
848
849
852
853
854
857
858
859
867
868
869
872
874
875
876
879
880
881
883
884
885
886
887
888
889
892
893
894
897
898
899
900
901
902
903
904
907
908
909
912
913
914
917
918
919
922
923
924
927
928
929
934
935
936
937
940
941
942
943
944
945
946
947
950
951
952
953
954
955