1
2
3
4
5
6
7
8
9
10
11
12
13
14
15
16
17
19
20
21
22
23
24
25
26
27
28
30
31
32
33
36
37
38
39
41
42
43
45
46
48
49
50
52
53
55
56
57
58
59
60
62
63
64
65
67
68
69
70
71
73
74
75
76
77
78
79
80
81
82
83
85
87
88
89
90
91
94
95
96
97
98
99
100
103
104
107
108
109
110
111
112
113
116
117
120
124
125
126
127
129
130
132
135
136
137
138
139
140
141
142
144
147
148
149
150
151
153
156
157
158
159
160
161
162
164
168
170
171
172
173
174
176
177
180
181
182
183
184
185
186
189
190
193
194
195
196
197
198
199
201
202
203
204
207
208
209
212
213
214
217
218
219
220
221
222
223
224
225
226
227
230
231
232
235
236
237
242
243
244
245
248
249
250
251
252
253
254
258
259
260
261
262
263
264
265
266
269
270
271