1
2
3
4
5
6
7
8
9
10
11
12
13
14
15
16
18
20
21
22
23
25
26
27
28
29
30
31
32
34
35
36
37
38
39
40
41
42
43
44
45
46
47
48
49
50
51
52
53
54
55
56
57
58
59
61
62
63
64
65
66
67
68
69
70
71
72
74
76
77
78
79
80
82
83
86
87
88
89
91
93
94
95
96
97
100
101
102
104
105
106
108
109
110
111
112
113
114
118
119
120
121
122
123
125
126
127
128
129
130
131
132
133
134
135
137
139
140
141
142
143
144
145
146
147
148
149
150
151
152
153
154
155
156
157
159
160
163
164
170
171
172
173
174
175
176
178
179
180
181
182
183
185
186
187
188
189
190
191
193
195
196
197
198
200
206
207
208
209
210
211
212
213
214
215
216
217
218
219
222
224
226
230
231
232
233
234
235
236
237
238
239
240
241
242
246
247
248
249
250
251
253
254
255
256
257
259
260
261
262
263
267
268
269
270
271
272
273
274
275
277
278
280
281
282
283
284
287
288
289
290
291
292
293
294
295
296
297
298
300
301
302
303
304
305
306
307
308
309
310
311
312
313
316
317
318
319
320
321
323
324
325
326
327
328
331
332
333
334
335
336
337
338
340
341
342
343
344
348
349
350
351
352
353
354
356
358
359
360
362
363
365
366
368
370
371
373
374
375
376
377
379
381
382
383
385
386
388
397
398
399
400
401
403
404
405
406
409
410
411
412
413
414
415
416
417
418
422
423
424
426
427
428
429
430
431
432
435
436
437
438
439
440
441
442
443
447
448
449
450
451
452
453
454
455
456
457
458
459
460
461
462
463
464
469
470
473
474
475
476
477
478
479
480
481
482
483
485
486
487
488
489
490
491
492
493
495
498
499
502
503
504
505
507
510
511
512
513
514
517
518
519
520
521
523
524
526
528
532
533
534
537
538
539
540
541
542
543
544
546
547
548
549
550
551
552
553
554
555
557
558
559
560
561
562
563
565
566
569
570
572
575
576
577
578
580
583
584
585
586
587
588
589
590
591
592
593
594
595
596
597
598
599
600
601
602
604
605
606
607
608
609
610
613
614
615
616
617
618
619
621
622
627
628
630
631
632
633
636
637
638
639
640
641
642
643
644
645
650
651
652
653
654
656
657
658
659
660
663
666
667
668
669
670
671
672
673
674
675
677
678
679
680
681
682
683
684
685
692
693
694
695
696
697
698
702
706
707
710
711
712
714
715
716
719
720
721
724
725
726
729
730
731