1
2
3
4
5
6
7
8
9
10
11
12
13
14
15
16
18
20
21
22
23
24
25
26
27
28
29
30
31
32
33
34
35
36
37
38
39
40
41
42
44
45
46
47
48
49
50
51
52
53
54
56
57
58
59
60
61
62
63
64
66
67
68
69
70
71
73
76
78
79
80
82
83
85
86
89
90
91
92
93
94
95
96
97
98
99
100
101
102
103
104
105
106
108
109
110
111
112
113
114
115
116
117
118
119
120
121
122
123
125
126
129
130
131
132
133
134
137
138
139
140
142
145
146
147
150
151
152
155
156
159
160
161
162
163
164
165
166
167
170
171
172
173
174
175
178
179
180
181
182
184
185
186
187
188
189
190
191
192
193
194
195
196
197
198
200
201
202
203
204
205
206
207
208
209
210
211
212
213
214
215
216
218
219
220
221
223
224
225
226
227
229
231
232
233
234
236
237
238
239
243
244
245
246
247
248
249
250
251
255
256
257
258
259
260
261
262
263
267
268
269
270
271
272
273
274
275
276
277
278
279
280
281
284
285
286
287
288
291
292
293
294
295
296
297
300
302
303
304
305
306
308
309
311
312
313
314
315
316
317
318
321
322
323
324
325
326
327
328
331
332
333
334
336
337
339
342
343
344
345
346
347
348
349
351
352
355
356
358
359
362
363
364
365
366
368
371
373
374
377
378
380
383
384
385
388
389
390
395
396
397
398
399
400
401
403
406
407
409
410
414
415
417
418
419
420
421
422
423
424
425
426
427
428
429
432
434
435
437
438
440
441
443
444
445
447
448
449
450
452
453
454
455
456
458
459
461
464
465
466
467
470
471
472
473
478
479
480
484
485
486
487
488
490
491
493
495
496
497
499
500
501
504
505
506
509
511
512
513
514
515
517
518
519
521
522
523
524
526
527
528
530
531
532
533
534
535
539
540
541
542
545
546
547
548
550
552
553
556
557
558
559
560
561
564
565
566
567
568
569
570
571
572
573
574
575
576
577
581
582
584
587
588
589
590
591
592
593
594
595
596
597
600
603
604
605
606
607
608
611
612
613
614
615
616
617
619
620
622
623
624
626
627
628
629
633
634
635
637
638
639
641
642
643
645
646
647
648
649
650
651
652
653
654
658
661
662
663
665
668
669
670
672
673
674
675
676
677
678
681
682
686
687
688
689
690
691
692
694
695
696
700
701
702
703
704
705
706
707
708
709
710
711
714
715
718
719
720
723
724
725
727
730
732
735
736
737
738
739
740
741
742
743
744
746
747
749
750
751
752
755
756
757
758
759
760
761
764
765
767
769
770
773
774
775
777
778
779
781
782
783
784
786
788
792
794
795
797
798
799
800
801
803
806
807
808
809
810
813
814
815
816
817
818
819
820
822
823
824
825
826
827
828
829
830
831
832
833
834
835
836
837
840
841
842
843
845
846
847
851
853
854
855
856
857
859
860
861
862
863
864
865
866
867
871
872
873
876
878
879
880
881
882
883
884
886
887
888
889
890
892
893
894
895
896
897
900
901
902
905
907
908
909
913
914
915
916
917
919
920
921
922
923
924
925
926
927
931
932
933
936
938
939
943
944
945
947
948
950
952
953
954
955
956
958
959
960
962
963
967
968
969
970
973
974
975
976
977
978
979
980
981
986
987
988
989
990
991
992
993
995
996
997
1000
1001
1002
1003
1004
1005
1006
1009
1010
1011
1015
1016
1017
1019
1020
1023
1024
1025
1026
1029
1031
1034
1035
1036
1040
1042
1044
1045
1047
1048
1051
1052
1053
1055
1056
1057
1058
1060
1061
1062
1064
1065
1069
1070
1072
1073
1074
1076
1077
1080
1081
1082
1087
1088
1089
1090
1092
1095
1096
1097
1099
1102
1103
1104
1105
1106
1107
1108
1109
1110
1111
1112
1115
1116
1119
1122
1123
1124
1125
1126
1127
1128
1129
1132
1133
1136
1139
1140
1141
1142
1143
1144
1145
1146
1147
1148
1149
1150
1151
1153
1154
1157
1160
1161
1162
1163
1164
1165
1166
1167
1168
1169
1170
1171
1172
1175
1176
1177
1178
1179
1180
1183
1184
1185
1186
1187
1188
1189
1190
1191
1192
1193
1194
1195
1196
1197
1198
1199
1201
1204
1205
1206
1207
1208
1209
1210
1211
1214
1215
1216
1217
1218
1219
1220
1221
1222
1223
1224
1225
1226
1227
1228
1229
1230
1231
1235
1236
1237
1238
1239
1240
1241
1242
1243
1244
1245
1246
1247
1249
1252
1253
1254
1256
1260
1261
1262
1263
1264
1266
1267
1268
1269
1271
1272
1273
1274
1275
1279
1281
1282
1283
1284
1285
1286
1287
1288
1289
1290
1291
1293
1294
1295
1296
1300
1301
1302
1303
1304
1305
1309
1310
1313
1314
1315
1316
1317
1318
1319
1320
1321
1322
1323
1324
1325
1328
1329
1331
1334
1337
1338
1339
1340
1341
1342
1344
1347
1348
1349
1350
1351
1352
1353