1
2
3
4
5
6
7
8
9
10
11
12
13
14
15
16
17
19
21
22
23
24
26
27
28
30
31
32
33
34
35
36
37
39
40
41
43
44
45
48
49
50
51
52
53
54
55
56
59
60
61
62
63
64
65
66
67
68
69
70
71
74
75
76
77
78
79
80
81
82
83
84
85
86
89
90
93
94
97
98
101
102
103
104
105
106
107
108
109
110
111
112
113
114
115
116
117
120
121
122
123
126
127
128
129
132
133
136
137
138
139
140
141
142
143
144
145
146
147
150
151
152
153
156
157
158
159
162
163
166
167
168
169
170
171
172
173
174
175
176
179
180
181
182
185
186
187
190
191
192
193
194
195
196
197
198
199
200
201
202
203
204
205
206
207
210
213
214
215
216
218
220
221
222
223
224
226
229
230
233
234
235
236
237
238
240
241
243
244
246
249
250
251
252
253
254
255
256
257
258
259
260
261
262
265
267
270
271
272
273
274
275
277
278
282
283
284
285
286
287
288
290
291
292