1
2
3
4
5
6
7
8
9
10
11
12
13
14
15
16
17
19
21
22
23
24
25
26
27
29
30
31
32
33
34
35
36
37
38
40
41
42
43
44
45
46
47
48
49
51
52
53
54
55
56
58
60
61
62
63
64
65
66
67
68
69
70
71
72
73
74
75
76
77
78
79
80
81
82
83
85
87
88
91
92
93
95
97
98
99
100
101
102
104
105
108
109
110
111
112
113
117
118
119
120
121
122
123
124
125
126
127
128
129
130
131
132
133
135
136
137
138
139
140
141
142
143
144
147
148
149
150
151
152
153
154
156
157
158
160
163
164
165
166
167
169
170
171
173
174
175
176
177
179
182
183
184
186
187
188
189
190
191
193
197
198
199
200
201
202
203
204
205
206
207
208
210
213
214
215
216
217
218
219
220
221
222
223
224
226
229
230
231
234
235
236
238
239
240
243
244
245
246
247
248
249
250
251
252
253
254
255
256
257
258
262
263
264
265
267
268
269
270
272
273
274
275
276