1
2
3
4
5
6
7
8
9
10
11
12
13
14
15
16
17
19
21
22
23
24
25
26
27
28
29
30
31
32
33
34
35
36
37
39
40
41
42
43
44
45
46
47
48
50
51
52
53
54
55
56
57
58
59
60
61
62
63
64
65
66
67
68
69
71
72
73
75
76
77
78
80
82
83
84
85
86
87
88
89
90
91
92
93
94
95
96
97
98
99
100
101
102
103
105
108
109
110
111
112
113
114
115
116
119
120
121
122
123
124
125
126
127
128
131
132
137
139
140
141
142
143
144
145
147
148
149
150
151
152
153
154
157
158
159
160
161
162
164
165
166
167
168
169
171
174
175
176
177
178
183
184
185
186
187
188
189
190
191
192
193
194
195
196
197
198
199
200
201
202
204
205
206
207
208
209
210
211
212
214
217
218
219
220
221
222
223
228
229
230
231
232
233
235
236
237
238
239
240
241
243
244
247
248
249
250
251
253
254
255
259
260
261
262
263
264
265
266
267
268
269
270
271
272
275
276
277
278
279
280
282
283
284
285
287
290
291
292
293
294
295
296
297
298
299
300
301
302
303
304
305
306
307
308
310
312
313
316
317
318
319
320
321
322
323
324
325
326
328
331
332
333
334
335
336
338
339
341
342
345
346
347
348
349
350
351
352
355
357
358
359
360
362
363
364
366
367
370
371
372
373
374
375
376
377
378
379
380
382
383
384
385
387
388
389
390
391
393
394
395
396
397
398
400
401
402
407
408
409
410
411