1
2
3
4
5
6
7
8
9
10
11
12
13
14
15
16
17
18
19
21
23
24
26
27
28
29
30
31
32
33
34
36
37
38
39
40
41
42
43
45
46
48
49
50
51
52
53
54
55
56
58
59
60
61
62
64
66
67
68
69
70
71
72
73
74
75
76
77
78
82
83
84
85
86
87
88
89
90
91
94
95
96
97
98
99
100
101
102
105
106
107
108
109
110
113
114
115
116
117
118
119
122
123
124
125
126
127
128
129
133
134
135
136
137
138
139
140
141
142
143
144
145
146
148
149
150
153
154
155
156
157
158
159
160
163
164
165
166
167
170
171
172
173
174
175
176
177
178
179
180