1
2
3
4
5
6
7
8
9
10
11
12
13
14
15
16
17
18
19
21
23
24
25
26
27
28
29
30
31
33
34
35
36
37
38
39
40
41
42
43
44
46
47
49
50
51
52
53
54
55
57
58
59
60
62
63
64
65
67
68
69
70
71
72
73
75
76
77
78
79
80
82
83
84
85
86
87
89
90
91
92
96
97
98
99
100
101
102
103
104
105
106
107
108
109
110
111
112
114
115
116
118
119
122
124
127
128
129
131
132
134
135
136
137
138
140
143
144
145
148
149
150
152
153
154
155
156
160
161
162
163
164
165
166
167
168
169
170
173
174
175
176
178
181
182
184
187
188
189
190
191
192
193
194
195
196
197
198
199
200
201
203
205
206
209
210
212
213
214
215
216
219
220
221
222
223
224
227
228
231
232
233
234
235
236
237
238
239
240
241
242
245
247
248
249
250
252
255
256
257
258
259
260
261
262
263
264
265
269
270
271
272
275
276
277
280
281
282
283
284
285
286
287
289
292
293
294
295
297
300
301
304
305
308
309
310
311
312
314
317
318
321
322
325
326
327
328
329
331
332
333
334
337
338
339
340
343
344
346
347
348
349
354
355
356
357
358
359
360
361
362
363
364
365
367
368
369
373
374
375
378
379
382
383
386
387
390
391
392
394
395
396
397
398
406
407
408
409
410
411
414
417
418
419
420
421
422
423
424