1
2
3
4
5
6
7
8
9
10
11
12
13
14
15
16
17
18
19
20
22
23
24
25
26
27
28
29
30
31
32
33
34
35
36
37
38
39
40
41
42
43
45
46
47
48
49
50
51
52
53
54
55
56
57
58
59
60
61
62
63
64
65
66
67
68
69
70
71
72
73
74
75
76
77
78
79
81
82
83
84
86
87
88
89
90
92
93
94
95
96
97
99
101
102
103
104
107
108
113
114
115
116
117
118
119
120
121
122
123
125
126
127
130
131
135
136
137
138
139
140
141
143
144
145
148
149
150
153
154
155
156
158
159
160
161
162
163
164
165
170
171
172
173
174
175
176
177
178
179
180
182
184
185
186
190
191
192
193
194
195
196
197
198
199
201
202
203
204
205
206
208
209
210
212
215
216
217
221
222
223
224
225
226
227
230
231
232
233
235
237
238
239
241
243
244
245
248
249
250
251
252
253
254
255
256
258
263
264
265
266
267
268
269
270
271
272
273
274
275
277
278
279
280
283
286
287
288
289
291
292
294
295
296
297
298
299
301
302
303
304
305
310
311
312
313
314
315
316
317
318
319
320
322
323
324
325
327
328
329
330
333
335
336
337
338
339
340
341
343
344
345
346
347
349
350
351
352
353
356
359
360
361
362
365
366
367
368
370
371
372
374
377
378
379
380
381
382
384
385
386
387
388
390
391
394
395
396
397
398
399
400
401
402
403
404
405
406
407
408
409
410
411
412
413
414
415
416
419
420
421
422
423
424
425
426
428
429
430
431
433
434
435
436
437
438
440
441
442
443
444
445
446
447
448
451
452
453
456
457
458
459
460
461
462
463
464
465
466
467
468
469
470
472
473
474
475
478
479
480
481
482
483
484
485
489
490
491
492
493
494
495
497
499
500
501
502
503
507
508
509
510
511
512
513
514
516
517
518
520
521
524
525
526
527
528
529
530
531
532
533
534
535
536
537
538
539
540
541
543
544
545
547
548
549
550
551
552
553
554
555
556
557
558
559
560
561
563
564
565
568
569
570
574
575
578
579
582
583
584
585
586
587
588
589
590
591
592
593
594
595
596
597
598
600
601
602
603
604
605
609
612
613
614
615
616
617
618
620
621
622
625
626
627
630
631
633
634
635
636
638
639
640
641
643
644
645
646
648
649
651
652
653
654
655
656
657
658
659
660
661
663
664
665
667
668
669
671
672
673
675
676
677
678
683
684
686
689
690
691
692
693
696
697
699
700
702
703
705
706
709
710
711