1
2
3
4
5
6
7
8
9
10
11
12
13
14
15
16
17
18
20
22
23
25
26
28
30
31
32
33
34
36
37
38
40
41
42
43
44
45
46
47
48
49
50
51
52
55
56
57
58
59
60
63
64
65
66
69
70
71
72
76
78
80
81
82
83
85
86
89
90
93
94
95
98
99
100
103
104
105
107
108
109
111
112
113
114
115
118
119
120
121
122
123
124
125
126
128
129
130
133
134
135
136
137
139
140
141
142
144
145
146
150
151
152
154
155
156
157
158
161
162
163
165
166
169
170
172
175
176
177
178
179
180
181
184
185
186
187
188
189
193
194
195
196
197
198
199
200
204
205
206
207
208
209
211
212
213
214
217
218
219
220
221
226
227
228
229
230
231
232
233
234
236
237
238
239
241
242
243
248
249
250