1
2
3
4
5
6
7
8
9
10
11
12
13
14
15
16
17
18
19
20
22
23
24
25
26
27
28
29
30
31
32
33
34
36
37
38
39
40
41
42
43
44
45
46
47
48
49
50
51
52
53
54
55
56
57
58
59
60
61
62
63
65
66
67
68
69
70
71
72
73
74
75
76
77
79
80
81
82
83
84
85
86
87
88
89
90
91
92
93
94
95
97
98
100
101
102
103
104
105
106
108
109
110
111
112
113
116
117
118
119
121
122
123
126
127
128
129
132
133
134
137
138
139
142
143
144
145
146
148
149
152
153
154
155
156
157
159
160
162
165
166
167
168
169
170
171
172
173
174
175
176
177
178
179
180
181
182
183
186
187
188
189
190
191
192
193
194
195
196
197
198
202
203
204
205
211
212
213
214
215
216
219
220
221
222
223
224
225
226
227
228
229
231
234
235
236
237
238
239
240
241
242
243
246
247
248
249
250
251
253
254
255
257
259
261
262
263
264
266
267
268
270
271
275
276
277
278
279
280
281
282
283
284
285
286
287
288
289
290
291
292
293
294
295
296
298
299
300
301
303
304
305
306
307
308
309
310
311
314
315
316
318
320
321
322
324
325
326
328
329
330
331
332
333
334
335
336
338
339
341
342
344
345
348
349
350
351
352
353
354
355
356
357
358
359
360
361
362
363
364
366
369
370
371
372
373
374
375
376
377
378
379
380
381
382
383
384
385
388
389
390
391
392
393
396
399
400
401
402
403
404
405
406
407
408
409
410
411
412
413
415
416
417
418
419
421
422
423
425
426