1
2
3
4
5
6
7
8
9
10
11
12
13
14
15
16
17
18
19
21
23
24
25
26
27
28
30
31
32
33
34
35
37
38
39
40
41
42
44
45
46
47
49
50
51
53
55
56
57
58
60
62
64
65
66
67
68
69
70
71
74
75
76
77
78
79
80
81
82
83
86
87
88
89
90
91
92
93
96
97
98
99
100
101
102
103
104
105
106
107
108
109
110
111
113
116
117
120
121
124
125
127
128
129
130
131
132
134
135
137
140
141
143
144
145
146
147
150
151
153
154
155
157
158
162
163
165
166
167
168
169
171
173
174
175
177
178
179
183
184
186
187
188
189
190
191
192
195
196
197
200
201
202
203
204
205
206
207
209
212
213
214
217
218
219
220
221
222
223
224
225
226
227
228
229
230
231
232
233
235
236
239
240
241
242
243
244
245
246
247
248
252
253
254
257
258
259
260
261
262
263
264
265
266
267
268
269
270
271
272
273
274
275
278
279
280
281
282
283
284
285
286
287
288
289
290
294
295
297
298
299
300
301
302
303
304
305
306
307
308
309
310
311
312
313
314
315
316
318
321
322
323
324
325
326
327
328
330
331
334
335
338
339
340
343
344
345
346
348
349
350
351
355
356
359
360
361
364
366
367
370
371
372
373
374