1
2
3
4
5
6
7
8
9
10
11
12
13
14
15
16
17
18
19
20
22
23
24
25
27
28
29
30
31
32
33
34
35
36
37
38
39
41
42
44
45
46
47
48
49
50
51
52
53
54
55
56
57
58
59
60
61
62
63
64
65
66
68
70
71
72
73
74
75
76
77
78
79
80
81
82
83
84
85
86
87
88
89
91
92
93
94
95
96
97
98
99
100
104
105
109
110
111
113
114
115
116
117
118
121
122
123
125
126
129
130
131
133
134
137
138
141
142
143
144
145
146
149
150
151
152
153
154
155
156
157
159
160
162
163
164
168
169
170
171
172
173
174
175
176
178
179
181
185
186
187
188
189
190
192
193
194
195
197
198
199
200
201
202
203
204
205
206
208
209
212
213
216
218
220
221
222
224
225
227
228
231
234
235
237
240
243
244
245
246
247
251
252
255
256
259
260
263
264
267
268
271
272
275
276
279
280
281
284
285
286
287
290
291
292
293
294
295
296
297
298
299
302
305
306
307
310
311
312
313
314
315
316
317
320
321
322
323
324
326
327
328
329
330
333
334
335
336
337
338
339
340
341