1
2
3
4
5
6
7
8
9
10
11
12
13
14
15
16
17
18
19
20
22
23
24
25
26
28
29
30
31
32
34
35
36
37
38
39
40
41
42
43
44
45
46
47
48
49
51
52
54
55
56
57
58
59
60
62
63
64
65
66
67
68
69
70
71
72
73
76
77
78
79
82
83
84
85
86
87
88
89
90
91
92
93
94
99
100
101
102
103
104
105
106
107
108
109
110
111
112
114
115
116
117
118
122
123
124
125
126
127
128
129
130
131
132
133
135
139
140
141
142
143
144
145
146
147
148
149
150
152
156
157
158
159
160
161
162
163
164
165
166
167
169
173
174
175
176
177
178
179
180
181
182
183
184
186
187
191
192
193
194
195
196
197
198
199
200
201
202
204
205
209
210
211
212
213
214
215
216
217
218
219
220
222
223
227
228
229
230
231
233
234
235
239
240
243
244
245
246
247
248
249
250
251
252
253
254
255
256
259
260
263
264
267
268
271
272
273
274
275
276
277
278
279
280
281
282
283
286
287
288
292
293
294
295
296
297
298
299
300
301
302
303
304
305
306
307
310
311
312
316
317
318
322
323
324
325
329
330
331
334
335
336
337
338
339
340
341
342
343
344
347
348
352
353
354
355
356
357
358
359
360
363
364
365
366
367
368
369
370
371
372
376
377
378
379
380
381
382
383
384
385
388
391
392
393
394
395
396
397
398
399
400
401
402
403
405
408
409
410
411
412
413
414
415
416
417
418
419
420
421
423