1
2
3
4
5
6
7
8
9
10
11
12
13
14
15
16
17
18
19
20
22
23
24
26
27
28
29
30
31
32
33
35
36
37
38
39
41
42
44
45
47
48
49
51
52
53
54
55
57
58
60
61
63
65
66
68
69
70
71
72
73
75
76
78
79
81
82
84
85
87
88
90
91
93
94
95
97
98
100
101
103
105
106
108
109
110
111
112
115
116
117
118
119
120
121
122
123
124
125
126
127
128
129
130
133
134
135
136
137
138
142
143
146
147
150
152
153
154
155
156
157
158
159
160
161
162
163
166
167
168
171
172
173
174
175
176
177
178
179
180
181
182
183
184
185
188
189
190
191
192
193
194
195
196
198
199
202
203
204
205
206
207
208
209
210
211
212
213
216
217
218
219
220
221
222
223
224
225
226
227
230
231
232
233
236
237
238
239
242
243
244
245
248
249
250
251
252
253
254
255
258
259
260
263
264
265
268
269
270
273
274
275
278
279
280
281
282
283
284
285
289
290
292
293
294
296
297
298
299
301
303
305
306
307
308
309
310
313
314
315
318
319
320
323
324
325
328
329
330
333
334
335
338
339
340
343
344
345
349
350
351
354
355
358
359
360