1
2
3
4
5
6
7
8
9
10
11
12
13
14
15
16
17
18
19
21
23
24
25
26
28
29
30
32
33
34
35
36
37
38
39
40
42
43
44
45
46
47
48
49
51
52
53
54
56
57
58
59
62
63
64
65
66
67
68
69
70
72
73
74
75
76
77
78
79
80
81
83
84
85
86
88
89
90
91
92
93
95
96
97
98
99
100
101
102
103
106
109
110
111
112
114
115
116
117
118
119
120
122
123
124
125
126
127
129
130
131
133
134
136
137
138
139
140
141
142
143
144
147
148
149
150
151
153
156
157
158
159
161
162
163
164
165
166
167
168
170
171
173
174
175
176
177
179
180
181
182
183
184
186
187
188
189
190
193
194
196
197
198
199
200
202
203
204
205
206
208
211
212
213
215
216
217
218
219
220
221
223
224
225
226
227
228
230
231
233
234
235
237
238
239
241
242
244
245
246
247
248
249
250
251
253
255
256
257
258
259
260
261
262
263
265
267
268
269
270
273
276
277
278
279
280
281
282
285
286
287
290
291
292
293
294
295
297
298
299
302
303
306
307
310
311
314
315
318
319
322
323
326
327
330
331
334
335
338
339
342
343
346
347
350
351
354
355
358
359
362
363
366
367
370
371
374
375
376
377
378
380
381
382
384
385
386
387
388
390
391
392
393
394
395
396
397
398
399