1
2
3
4
5
6
7
8
9
10
11
12
13
14
15
16
17
19
21
22
23
24
25
26
28
29
30
31
32
33
34
35
36
37
38
39
40
41
43
45
46
47
48
50
53
54
55
56
57
60
61
62
63
64
65
67
68
69
70
71
72
75
77
78
79
80
81
82
83
86
88
89
90
91
92
95
97
98
99
100
101
103
104
106
108
109
110
112
113
114
115
116
117
118
119
120
121
124
125
126
127
128
132
133
135
136
138
140
141
143
144
145
146
147
150
151
152
153
154
155
156
157
160
161
162
163
164
165
168
169
170
171
172
176
177
178
179
180
181
182
183
184
185
186
187
191
192
193
194
195
196
197
198
199
200
202
206
209
210
211
212
213
214
215
216
218
219
220
222
224
225
226
227
228
229
230
231
232
233
237
238
240
241
242
244
245
246
248
251
252
253
254
257
259
261
262
263
264
265
266
267
270
271
272
273
274
275
276
277
278
279
280
281
282
283
284
285
286
287
288
289
290
291
292
293
296
297
300
301