1
2
3
4
5
6
7
8
9
10
11
12
13
14
15
16
17
18
19
20
22
23
24
25
26
27
28
29
30
31
32
33
35
36
37
38
39
40
41
42
44
45
46
47
48
49
50
52
53
55
57
58
60
62
63
64
66
67
69
71
72
75
76
77
78
79
80
81
84
85
86
87
89
92
93
94
95
96
97
98
99
100
102
105
106
109
110
113
114
117
118
119
120
121
122
123
124
127
128
131
132
133
134
135
136
137
138
139
140
141
143
144
146
148
149
150
151
152
153
154
155
156
158
159
160
161
162
163
164
165
166
167
168
169
170
171
172
174
177
178
179
180
183
184
185
186
189
190
191
192
193
194
195
198
199
200
202
203
204
205
209
210
211
212
213
214
216
217
218
219
220
222
223
224
228
229
230
231
232
233
235
238
239
240
241
242
243
244
245
246
249
250
251
252
254
255
256
259
260
261
262
263
264
266
267
268
270
271
272
273
274
277
278
279
280
281
282
283
284
285
286
289
290
291
292
293
295
296
297
300
301
302
303
304
305
308
309
310
311
312
313
314
315
316
317
318
319
321
322
325
326
328
329
330
331
334
337
338
339
340
341
342
343
344
345
346
347
349
350
351
352
353
355
356
357
358
361
362
363
366
367
369
370
371
372
375
378
379