1
2
3
4
5
6
7
8
9
10
11
12
13
14
15
16
17
18
19
20
22
23
24
25
26
27
28
30
31
32
34
35
36
37
38
39
41
42
43
44
45
46
47
48
49
50
51
53
54
55
56
57
58
59
60
61
62
63
64
66
67
68
69
70
71
72
74
75
77
78
80
81
82
83
84
85
86
87
88
89
90
91
92
93
95
97
99
100
101
102
103
104
105
108
109
110
111
112
113
115
118
119
120
121
122
123
124
125
126
127
128
129
130
131
132
133
134
135
136
137
138
139
140
144
149
150
151
152
153
154
156
157
158
159
160
161
164
165
166
167
170
171
172
173
176
177
178
179
182
183
184
185
188
189
190
191
194
195
196
197
200
201
202
203
206
207
208
209
212
213
214
217
218
221
222
224
226
227
228
229
231
234
235
236
237
238
239
240
241
242
243
244
245
246