1
2
3
4
5
6
7
8
9
10
11
12
13
14
15
16
17
18
19
21
23
24
25
26
27
28
30
31
32
33
34
35
36
37
39
40
41
42
43
44
45
46
47
48
50
51
52
53
55
56
58
59
60
61
62
63
66
67
68
69
70
71
72
75
76
77
78
79
80
81
82
85
86
87
88
89
90
91
92
93
95
96
97
98
102
103
104
105
106
107
108
109
110
111
112
114
117
118
119
120
121
122
123
124
125
128
129
130
131
132
133
134
135
136
137
138
139
140
141
142
145
146
147
148
149
150
151
152
153
154
155
156
157
158
159
160
161
162
163
165
166
167
170
171
172
173
174
175
176
177
178
181
182
183
184
185
186
187
188
189
190
191
192
195
196
197
198
199
200
201
202
203
204
205
206
207
210
211
212
213
214
215
216
217
218
219
220
221
222
225
226
227
228
229
230
231
232
233
234
235
236
237
238
241
242
243
244
245
246
247
248
249
250
251
252
253
254
255
256
257
258
259
261
262
263
264
265
266
267
268
269
270
271
272
273
276
277
278
279
280
281
285
288
289
290
291
292
293
294
295
296
297
298
299
300
303
306
307
308
309
310
311
312
313
314
315
316
318
321
322
323
324
325
327
328
329
330
331
332
333
335
336
337
338
339
340
341
343
344
347
349
352
353
354
355
356
357
359
360
361
362
363
364
365
366
367
368
369
370
371
372
373
374
375
376
378
380
381
385
386
387
388
389
390
391
392
393
394
395
396
397
398
399
401
402
403
404
407