1
2
3
4
5
6
7
8
9
10
11
12
13
14
15
16
17
19
21
22
23
25
26
27
28
29
30
31
32
33
34
35
36
37
38
39
40
41
42
43
44
45
46
47
48
49
50
51
52
53
54
55
56
57
59
60
61
62
64
65
66
67
68
69
70
71
72
73
74
75
77
78
79
81
82
83
85
86
87
88
89
90
91
92
93
94
95
98
99
100
101
102
103
104
105
108
109
110
111
112
113
114
115
116
119
120
121
123
124
125
126
127
128
129
132
133
134
135
136
139
140
141
143
145
146
147
149
150
151
152
153
154
155
159
160
161
162
163
164
165
169
170
171
172
173
174
175
176
178
179
180
181
182
186
187
188
190
191
192
193
194
195
196
197
198
199
203
204
205
206
207
208
209
213
214
215
216
217
218
219
223
224
225
227
228
229
230
231
232
233
234
235
239
240
241
243
244
245
246
247
248
249
250
251
252
253
254
255
256
257
258
259
260
261
262
263
264
265
269
270
271
272
273
274
275
276
277
278
282
283
284
285
286
287
288
289
290
291
295
296
297
298
299
300
301
302
306
307
308
309
310
311
312
313
317
318
319
320
321
322
323
324
325
326
327
328
329
333
334
335
336
337
338
339
340
341
342
343
344
345
349
350
351
353
354
355
356
357
358
359
360
361
365
366
367
368
369
370
371
372
373
377
378
379
380
381
382
383
384
385
389
390
391
393
394
395
396
397
398
399
400
401
402
403
404
405
406
407
408
409
410
411
412
417
418
419
420
421
422
423
424
425
426
427
428
429
430
431
436
437
438
439
440
441
442
443
444
445
446
447
448
449
450
451
456
457
458
459
460
461
462
463
464
465
466
467
468
469
470
471
476
477
478
479
480
481
482
483
484
485
486
487
488
489
490
495
496
497
499
500
501
502
503
504
505
506
507
508
509
510
511
512
513
514
519
520
521
522
523
524
525
527
528
529
530
531
532
533
537
538
539
540
541
542
543
545
546
547
548
549
554
555
556
558
559
562
563
564
566
568
569
570
571
572
573
574
577
578
579
581
582
583
584
585
586
587
588
589
590
591
592
597
598
600
601
602
603
604
605
608
609
610
611
612
613