1
2
3
4
5
6
7
8
9
10
11
12
13
14
15
16
17
18
19
20
22
23
24
25
26
27
28
29
30
31
32
33
34
35
36
37
38
40
41
42
43
44
45
46
47
48
49
50
51
52
53
55
57
58
59
60
61
62
63
64
65
66
67
68
69
70
71
72
73
74
75
76
77
78
79
80
81
82
83
84
85
86
87
88
89
90
91
92
93
94
95
97
99
101
102
103
105
106
107
109
110
111
112
114
115
117
118
120
121
123
124
126
127
129
130
131
132
133
134
135
137
138
140
141
143
144
146
147
149
150
152
153
155
156
158
159
161
162
164
165
167
168
170
171
173
174
175
176
177
178
179
180
181
182
183
186
187
188
189
190
191
192
193
194
195
198
199
200
201
202
203
204
205
206
207
208
209
210
211
212
213
214
215
216
217
220
221
223
224
226
227
228
229
230
231
232
233
234
235
236
237
238
239
240
241
242
243
244
246
247
250
251
252
253
257
259
260
261
262
263
264
265
266
267
268
269
270
271
273
274
275
276
277
278
282
283
284
285
286
287
288
289
290
291
292
293
296
297
298
299
300
301
302
303
304
305
306
307
309
310
311
312
313
315
318
319
320
321
322
323
324
325
326
327
328
329
331
332
333
337
338
339
340
341
342
345
346
347
348
349
350
351
352
353
354
355
356
357
358
359
360
361
364
367
368
369
370
371
372
375
376
377
378
379
380
381
382
386
387
388
389
391
392
394
395
396
397
399
400
401
402
405
407
408
409
410
411
412
413
415
416
417
418
419
420
422
423
424
426
427
428
433
434
436
437
438
440
441
443
444
445
446
447
448
449
451
454
455
456
457
458
459
460
461
462
463
465
466
467
468
472
473
474
475
476
477
478
480
481
482
484
485
486
487
490
491
492
495
496
497
498
499
500
501
504
507
508
511
512
515
516
517
521
522
523
524
525
526
529
530
531
532
533
534
537
538
539
540
541
542
545
546
547
548
549
550
553
554
555
558
559
560
561
562
565
566
567
568
569
570
573
574
575
576
577
578
579
580
581
583
584
585
586
589
590
591
592
593
594
595
597
598
599
603
604
605
609
610
611
615
616
617
618
619
621
622
623
624
626
627
628
632
633
634
635
636
637
638
639
640
641
642
643
645
646
647
649
650
651
652
655
656
657
658
659
660
661
662
665
666
667
668
670
671
672
675
676
677
678
679
680
683
684
686
687
688
690
691
692
693
695
696
697
698
699
700
701
702
703
704
706
707
710
711
712
713
716
718
719
721
722
724
725
727
728
730
731
734
735
736
737
739
740
741
743
746
747
748
751
752
753
754
755
756
757
758
760
763
764
765
766
767
768
769
771
774
775
776
777
778
779
780
782