1
2
3
4
5
6
7
8
9
10
11
12
13
14
15
16
17
18
19
20
22
23
24
25
26
27
28
30
31
32
33
34
35
36
37
38
39
40
41
42
43
44
45
47
48
50
51
52
53
54
55
56
57
58
59
60
61
63
64
65
66
67
68
69
70
71
72
73
74
76
77
80
83
84
85
88
89
90
91
92
93
94
95
96
97
98
99
100
101
102
103
104
107
108
109
110
114
115
116
117
118
119
120
121
122
123
125
126
127
128
129
131
132
133
135
136
139
140
141
142
143
144
145
146
147
148
149
150
152
153
154
155
156
159
162
163
164
165
166
167
168
169
170
171
172
173
174
176
179
180
181
182
183
185
188
189