1
2
3
4
5
6
7
8
9
10
11
12
13
14
15
16
17
18
19
21
23
24
25
26
28
29
30
31
32
33
34
36
37
39
40
41
42
43
44
45
46
47
48
49
50
51
53
54
55
58
59
60
61
62
63
66
67
68
69
70
71
72
75
76
77
78
79
80
82
83
84
85
88
89
90
91
92
93
94
95
96
97
98
99
100
101
102
103
104
105
106
107
109
110
111
112
113
114
115
116
117
118
119
120
121
122
123
124
127
128
130
133
135
140
141
143
144
145
146
147
148
149
150
152
154
155
156
157
160
161
162
163
164
165
166
167
170
171
172
173
174
175
177
178
179
180
181
182
183
184
186
187
192
193
194
195
196
197
199
200
204
205
206
209
210
211
212
213
214
215
216
217
218
219
220
221
222
223
227
228
230
231
232
233
235
236
237
239
240
243
244
245
246
247
248
252
253
254
257
258
259
260
261
262
263
266
267
268
269
270
271
272
274
275
276
277
279
280
281
282
283
284
285
287