1
2
3
4
5
6
7
8
9
10
11
12
13
14
15
16
17
18
19
20
22
23
24
25
26
27
28
29
30
31
33
34
35
36
37
38
39
40
41
42
43
44
45
46
47
48
49
50
51
52
53
54
55
56
57
58
59
60
62
63
64
65
67
68
69
70
71
72
73
74
75
76
77
78
79
80
81
82
83
84
85
86
87
88
89
90
91
92
93
94
95
96
97
98
99
100
101
102
103
104
105
106
107
108
109
110
111
112
113
114
115
116
117
118
119
120
121
122
123
124
125
126
127
128
129
130
131
132
133
134
135
136
137
138
140
141
142
143
144
145
146
147
148
149
150
151
152
153
154
155
156
157
158
159
161
162
163
164
165
166
167
168
169
170
171
172
173
175
176
177
178
179
180
181
182
184
185
186
187
188
189
190
191
193
194
195
196
197
198
199
200
201
203
204
205
206
207
208
209
210
211
212
214
215
216
217
218
219
221
222
223
224
225
226
228
229
230
231
234
235
236
237
238
239
240
241
242
243
244
245
246
247
248
249
250
251
252
253
254
255
256
257
258
259
260
261
262
263
264
265
266
267
268
269
270
271
272
274
275
276
277
278
279
281
282
283
285
286
287
288
290
291
293
295
298
300
301
302
303
304
305
306
307
312
313
316
317
318
320
321
326
327
329
330
331
333
334
336
337
340
341
342
345
346
347
349
353
354
355
356
357
359
361
362
364
365
366
368
369
370
371
372
374
375
376
377
378
379
380
381
382
385
388
391
392
393
395
397
398
399
401
402
403
404
406
407
408
409
410
412
413
414
415
416
417
418
419
420
421
422
423
425
427
428
430
431
432
433
434
435
436
438
439
440
441
443
444
445
446
447
448
449
450
454
455
456
457
458
462
463
464
465
467
468
469
470
471
472
474
475
476
478
479
480
481
482
483
484
485
486
488
489
490
493
494
495
496
497
498
499
500
501
503
504
505
508
509
511
512
514
515
517
518
519
520
521
523
524
525
526
527
528
529
530
531
532
533
536
537
540
541
542
543
544
545
546
547
548
550
555
556
557
558
559
560
561
562
563
564
565
570
571
572
573
574
575
576
577
579
580
581
584
587
588
589
590
591
592
593
595
596
597
598
599
600
601
602
603
604
605
607
608
610
611
615
616
617
618
622
623
624
625
626
627
628
630
631
632
633
634
636
637
639
640
641
642
644
645
646
647
648
649
651
652
653
654
655
658
659
660
661
662
663
664
665
666
667
668
669
670
671
672
673
674
675
676
677
678
679
682
683
685
686
687
690
691
692
693
695
696
697
698
699
703
704
705
707
710
711
712
713
714
715
717
718
720
721
722
723
725
726
727
728
729
731
732
733
734
735
736
737
739
740
742
743
744
746
747
748
749
750
751
752
753
754
757
758
759
760
761
762
764
765
766
767
768
770
771
772
773
774
775
776
777
778
779
780
781
782
783
784
785
786
787
788
791
793
794
795
796
798
801
802
803
804
805
806
807
808
809
810
811
812
813
814
816
817
818
819
820
822
823
824
825
826
829
830
831
832
833
834
835
836
838
839
840
841
842
843
844
846
849
850
853
854
857
858
859
862
863
864
865
866
869
870
873
874
877
878
881
882
883
884
885
886
887
888
889
892
893
894
895
896
897
898
899
900
901
903
906
907
908
909
910
911
912
913
914
915
916
919
920
921
922
923
924
925
926
929
930
931
932
933
934
935
936
937
940
941
942
943
947
948
949
950
951
952
953
954
955
956
957
958
959
960
961
964
965
966
967
969
970
972
973
974
975
977
978
981
982
983
986
987
988
991
992
993
996
997
998
1001
1002
1003
1006
1007
1008
1011
1012
1013
1016
1017
1018
1019