1
2
3
4
5
6
7
8
9
10
11
12
13
14
15
16
17
18
19
21
23
24
26
27
28
30
31
32
34
36
37
38
39
40
41
42
43
44
45
46
47
48
50
52
53
54
55
56
58
59
60
61
63
64
65
66
67
68
69
70
71
72
73
74
75
76
77
80
81
82
83
84
85
88
89
90
91
92
93
96
97
98
99
100
101
104
105
106
107
108
109
112
113
114
115
116
117
120
121
122
123
124
127
128
129
130
131
134
135
136
137
138
141
142
143
144
145
148
149
150
151
152
155
156
157
158
159
160
161
162
163
164
165
166
167
168
169
170
171
172
175
176
177
178
179
180
181
182
183
186
187
188
189
190
191
192
194
195
197
198
200
201
203
204
206