1
2
3
4
5
6
7
8
9
10
11
12
13
14
15
16
17
18
19
20
22
23
24
25
26
27
28
30
31
32
33
34
36
37
39
41
42
43
44
45
46
47
48
49
50
51
52
53
54
56
58
59
60
61
63
64
65
66
67
69
70
71
72
73
74
75
77
78
80
81
83
84
86
87
89
90
91
92
93
95
96
98
99
100
101
102
104
105
107
108
109
110
111
113
114
116
117
119
120
122
123
124
125
128
129
130
131
132
133
134
135
136
137
138
139
140
142
144
147
148
149
150
151
152
153
156
157
159
160
163
164
167
168
169
170
171
172
173
174
175
176
178
179
181
182
183
184
186
187
188
189
190
193
194
195
196
197
198
199
201
203
204
205
206
207
208
211
212
214
217
218
219
220
221
222
223
224
225
226
227
229
231
232
233
235
236
237
238
240
242
243
244
245
246
247
248
249
250
253
254
255
258
259
260
261
264
265
266
267
268
269
270
271
272
273
274
275
276
277
278
279
281
282
284
287
288
289
290
291
292
293
294
295
296
297
298
299
300
301
302
303
304
305
306
307
310
311
312
313
315
316
317
319
320
321
323
324
325
326
327
330
332
333
334
335
338
339
340
341
342
346
347
348
349
353
354
355
356
357
361
362
365
366
369
370
373
374
377
378
381
382
385
386
389
390
393
394
397
398
401
402
405
406
407
408
409
410
412
413
415
418
419
422
423
426
427
428
431
432
433
436
437
438
441
442
443
446
447
448
451
452
453
456
457
458
459
460
463
464
465
466
467
470
471
472
473
476
477
478
479
480
481
482
483
487
488
489
490
491
492
493
494
498
499
500
503
504
505
506
509
510
511
512
515
516
517
518
519
520
523
524
525
526
527
528
531
532
533
534
535
536