1
2
3
4
5
6
7
8
9
10
11
12
13
14
15
16
17
19
21
22
24
25
26
27
28
29
30
31
32
33
34
35
37
38
39
40
41
42
44
46
47
48
49
50
51
52
53
55
56
58
59
61
62
63
65
66
69
70
71
72
76
77
80
81
82
83
84
85
86
87
90
91
92
93
94
95
97
98
99
100
101
102
104
106
108
110
112
114
116
118
120
122
123
125
126
127
128
129
130
131
132
133
134
136
139
140
141
142
143
144
145
146
149
150
151
152
153
154
155
156
157
159
160
161
162
163
164
165
166
169
172
173
176
177
178
179
180
181
185
186
187
188
189
190
191
192
193
194