1
2
3
4
5
6
7
8
9
10
11
12
13
14
15
16
17
18
19
20
22
23
24
25
26
27
28
29
30
31
33
34
35
36
37
39
40
41
42
43
44
45
46
47
48
49
50
51
53
54
55
56
57
60
61
62
63
64
65
66
67
71
72
73
76
77
78
81
82
85
86
89
90
93
94
97
98
101
102
105
106
109
110
113
114
117
118
121
122
125
126
129
130
133
134
137
138
141
142
145
146
149
150
153
155
156
157
158
161
162
163
164
165
166
168
171
172
173
174
175
176
179
180
181
182
183
184
185
186
187
188
189
190
191
196
197
198
199
200
201
202
203
204
205
206
207
208
209
210
211
212
213
214
215
216
218