1
2
3
4
5
6
7
8
9
10
11
12
13
14
15
16
17
18
20
21
23
24
25
26
27
28
29
30
31
33
34
35
36
37
39
40
41
42
43
46
47
48
49
50
53
54
55
56
59
60
61
62
63
66
67
68
69
70
73
75
76
77
78
79
80
81
83
84
86
87
88
89
90
92
93
95
96
98
99
101
102
104
105
107
108
110
111
112
113
114
115
116
117
118
119
120
121
122
123
124
125
129
130
131
132
133
134
135
136
137
138
139
140
141
142
143
144
145
146
150
151
152
153
154
155
156
157
158
159
160
161
162
163
164
165
166
167
168
169
170
171
172
173
174
177
178
179
180
181
182
183
184
185
188
189
190
191
192
195
196
197
198
199
200
203
204
205
206
207
208
211
212
213
214
215
216
217
218
219
220
221
224
225
226
227
228
231
232
233
234
235
236
239
240
241
242
243
244
245
248
249
250
251
252
253
256
257
258
259
260
261
264
265
266
267
268
269
272
273
274
275
276
277
278
281
282
283
284
285
288
289
290
291
293
294
295
296
297
298
299
302
304
305
306
307
308
310
311
313
314
315
316
317
318
319
320
321
322
324
325
326
327
328
330
331
335
336
337
338
339
340
341
342
343
344
345
346
347
348
349
350
352