1
2
3
4
5
6
7
8
9
10
11
12
13
14
15
16
17
18
19
20
22
23
24
25
27
28
29
30
31
32
33
34
35
36
37
38
39
40
41
42
43
44
45
46
48
49
50
51
52
53
54
55
56
57
58
59
61
62
63
64
65
66
67
69
70
71
72
73
74
75
77
78
79
80
81
83
84
85
88
89
90
93
94
95
96
97
98
99
100
101
102
103
104
105
106
111
112
113
114
115
117
118
121
122
123
124
125
126
127
128
129
130
134
136
137
138
139
140
142
143
144
145
146
147
148
149
150
151
152
153
156
157
158
159
160
163
164
166
167
168
171
172
173
174
175
176
177
178
179
180
183
184
185
186
187
188
189