1
2
3
4
5
6
7
8
9
10
11
12
13
14
15
16
17
18
19
20
22
23
24
25
26
27
28
29
30
31
33
34
35
36
37
38
39
40
41
42
43
44
45
46
47
48
49
50
51
52
53
55
56
57
58
59
61
62
64
65
68
69
70
71
72
73
75
76
77
78
81
82
83
84
85
86
87
88
89
90
93
94
95
96
97
98
99
100
101
102
104
107
108
109
110
111
112
113
114
115
116
117
118
119
120
121
122
123
124
125
126
129
130
131
132
133
134
135
136
137
138
139
140
141
142
143
144
145
146
147
148
149
151
152
153
156
157
158
159
160
161
162
163
164
165
166
167
168
169
170
171
172
174
175
176
177
178
179
180
181
182
183
184
185
187
188
189
192
195
196
197
198
199
200
201
202
203
204
206
207
208
209
210
212
213
215
216
217
218
220
221
222
225
226
227
228
229
230
231
232
233
234
235
236
237
239
240
244
245
246
247
248
249
250
251
252
253
254
255
256
257
258
259
260
261
262
263
264
267
270
271
272
273
274
275
276
277
278
279
280
281
282
285
286
287
288
289
290
291
292
293
294
295
296
297
298
300
301
302
303
304
305
307
308
310
311
312
313
314
316
317
319
322
323
324
325
326
327
328
329
330
331
332
335
336
337
338
339
340
341
342
343
344
345
346
350
351
352
353
354
355
356
357
358
359
360
361
362
363
364
365
366
367
368
369
370
371
372
373
374
375
376
377
378
380
381
383
384
385
391
392
393
394
395
396
397
398
399
400
401
402
403
404
405
406
407
408
409
410
411
412
413
415
416
420
423
424
425
426
427
428
429
430
431
432
433
434
435
436
437
438
439
440
441
443
444
446
449
450
451
452
453
454
455
456
457
458
459
460
461
462
463
464
465
466
467
468
470
471
472
473
474
475
476
477
478
479
481
482
488
489
490
491
492
493
494
495
496
497
498
499
500
502
503
504
505
506
507
511
512
513
514
515
516
517
518
519
520
521
522
523
524
525
526
527
528
529
534
535
536
537
538
539
540
541
542
543
544
545
548
549
550
551
552
553
554
555
556
557
560
561
562
563
564
565
566
567
568
569
570
571
572
575
576
577
578
579
580
581
582
583
584
585
586
587
588
589
590
591
592
595
600
601
602
603
604
605
606
607
608
609
610
611
612
613
614
615
616
617
618
619
620
621
623
624
625
626
627
629
630
631
632
633
634
635
636
638
643
646
647
648
649
650
651
652
653
654
655
656
657
658
661
662
663
664
665
666
667
668
669
670
671
672
673
674
675
676
679
680
681
682
683
684
685
686
687
688
689
690
691
692
693
694
695
696
697
698
699
700
701
702
703
704
705
707
708
709
710
711
712
713
715
716
717
718
719
720
721
722
723
724
725
729
730
732
733
734
737
738
739
740
741
742
743
744
745
746
747
749
752
753
754
755
756
757
758
759
760
761
762
763
764
765
766
767
768
769
770
771
772
773
774
775
777
778
779
780
781
783
784
785
786
787
788
789
790
791
792
794
795
796
797
798
799
800
801
803
804
805
806
807
808
810
815
818
819
820
821
822
824
825
828
829
830
831
832
833
834
836
837
839
843
844
845
846
847
848
849
850
851
852
853
854
855
856
857
858
859
860
861
864
865
866
867
868
869
870
873
876
877
878
879
880
881
882
883
884
887
888
889
890
891
892
893
894
895
896
898
899
900
901
902
903
904
905
906
907
908
909
910
911
912
913
914
917
920
921
924
925
928
929
930
931
932
933
934
935
938
939
940
941
942
943
944
945
946
947
948
949
950
951
952
953
954
956
957
959
960
961
962
963
964
965
966
967
968
970
971
972
973
974
976
977
978
979
980
981
982
983
984
985
991
994
995
996
997
998
999
1000
1001
1002
1003
1004
1005
1006
1007
1008
1009
1010
1012
1013
1016
1017
1018
1019
1020
1021
1022
1023
1024
1025
1026
1027
1030
1031
1032
1033
1034
1035
1036
1037
1038
1039