1
2
3
4
5
6
7
8
9
10
11
12
13
14
15
16
17
18
19
20
22
23
24
25
26
27
28
29
30
31
32
33
34
35
37
38
39
40
41
42
43
44
45
46
47
48
49
50
51
52
53
54
55
56
57
58
59
60
61
62
63
64
65
66
67
68
69
70
72
73
74
75
77
78
79
80
81
82
83
84
85
86
87
88
89
90
91
93
94
95
96
97
98
99
100
101
102
103
104
105
108
110
111
113
114
115
117
118
119
121
122
123
125
126
127
129
130
132
133
135
136
138
139
140
142
143
144
146
148
149
151
152
154
155
157
158
160
161
163
164
166
167
168
170
171
172
174
175
178
179
182
183
184
186
187
188
190
191
192
193
194
196
197
198
199
201
202
203
204
205
206
207
209
210
212
213
214
215
216
218
219
221
222
223
224
225
226
227
228
229
230
231
232
233
234
235
236
237
238
239
240
241
242
243
244
245
246
247
248
249
250
251
252
253
256
257
258
259
260
261
264
265
266
267
268
269
272
275
276
277
278
279
282
283
284
285
286
289
290
291
292
293
294
297
298
299
300
301
302
303
306
307
308
309
310
311
312
313
314
315
317
320
321
322
323
324
325
326
327
328
329
330
331
332
334
335
336
337
338
339
340
341
342
345
346
347
348
349
350
352
355
356
357
358
359
362
363
364
365
366
369
370
373
374
375
376
377
378
379
380
381
382
383
384
385
388
391
392
393
394
395
396
397
398
399
400
401
402
403
406
409
410
411
412
413
414
417
418
419
420
421
424
425
426
427
428
429
432
433
434
435
436
437
438
439
440
441
442
443
444
445
446
447
448
451
452
453
455
456
457
458
459
460
462
465
466
467
468
469
470
471
472
473
474
475
476
477
478
479
480
481
486
487
488
489
490
491
492
493
494
495
496
497
501
502
503
504
505
506
507
508
509
511
512
513
514
515
516
517
520
521
522
525
527
528
530
531
532
533
534
535
536
537
538
539
540
541
545
547
548
549
552
553
554
555
556
557
558
560
561
562
563
566
567
569
570
571
572
573
574
575
578
579
580
583
584
586
587
588
589
590
592
593
594
595
597
600
601
602
603
604
605
606
608
611
612
613
614
615
616
619
620
621
622
623
624
625
626
627
631
632
633
634
635
636
637
640
641
642
643
646
647
648
649
650
651
652
653
654
655
656
657
659
661
664
665
666
667
668
669
670
671
672
673
674
675
677
678
680
681
683
686
687
688
689
690
692
693
694
695
696
697
698
699
700
701
702
704
705
706
707
708
709
712
713
714
715
716
717
718
719
720
721
722
725
726
727
728
729
730
731
732
733
736
737
738
739
742
743
744
745
748
749
750
751
754
755
756
757
760
761
762
763
764
765
766
769
770
771
772
773
774
775
778
779
780
781
782
783
784
787
788
789
790
791
792
793
794
798
799
802
803
806
807
808
809
813
814
816
817
819
820
821
825
826
827
828
829
830
831
832
833
836
839
840
841
842
843
844
845
846
847
848
851
852
853
854
855
856
857
858
859
860
861
862
863
864
867
868
869
870
871
872
873
874
875
876
877
878
879
880
881
882
883
884
885
886
887
888
889
890
891
892
893
894
895
896
897
901
902
903
904
905
906
907
908
909
910
911
912
913
914
915
917
919
920
922
923
925
926
927
928
929
930
931
932
934
936
937
938
939
940
941
942
943
944
945
946
947
948
949
950
951
952
953
954
955
956
957
958
959
960
961
962
963
964
965
966
967
968
970
972
973
974
976
977
978
979
980
981
982
985
986
987
988
989
990
991
992
994
995
996
998
999
1002
1003
1004
1005
1006
1007
1008
1009
1010
1011
1012
1013
1014
1017
1018
1019
1020
1021
1022
1025
1026
1027
1028
1029
1030
1031
1034
1035
1036
1037
1038
1039
1040
1041
1042
1043
1045
1046
1050
1051
1052
1053
1054
1055
1056
1057
1058
1059
1060
1061
1062
1063
1064
1065
1066
1070
1071
1072
1073
1074
1075
1076
1077
1078
1079
1080
1082
1083
1084
1085
1086
1087
1088
1089
1090
1091
1092
1093
1094
1095
1096
1097
1098
1099
1102
1103
1104
1105
1106
1107
1108
1110
1111
1113
1114
1115
1116
1121
1122
1123
1124
1127
1128
1129
1130
1131
1132
1134
1135
1136
1137
1142
1143
1144
1145
1146
1149
1150
1153
1154
1157
1158
1159
1160
1161
1162
1163
1166
1167
1168
1169
1171
1174
1175
1177
1178
1179
1180
1181
1182
1183
1184
1185
1188
1191
1192
1194
1195
1196
1199
1200
1201
1202
1204
1207
1208
1209
1211
1212
1214
1216
1217
1218
1219
1220
1224
1225
1228
1229
1230
1234
1235
1236
1237
1238
1240
1241
1242
1243
1244
1245
1246
1247
1249
1250
1251
1252
1253
1254
1257
1258
1259
1260
1261
1264
1265
1268
1269
1270
1271
1272
1273
1274
1275
1276
1277
1278
1281
1282
1283
1284
1285
1286
1287
1288
1289
1290
1291
1292
1293
1294
1297
1298
1299
1300
1301
1302
1303
1304
1305
1306
1307
1308
1311
1312
1313
1314
1315
1316
1317
1318
1319
1320
1321
1322
1323
1324
1325
1326
1327
1330
1331
1334
1335
1336
1337
1338
1339
1340
1341
1342
1343
1344
1345
1346
1347
1351
1352
1353
1354
1355
1356
1357
1358
1359
1360
1361
1362
1363
1364
1365
1366
1367
1368
1369
1370
1371
1372
1375
1376
1377
1378
1380
1381
1382
1383
1384
1387
1388
1389
1391
1392
1396
1397
1398
1399
1400
1402
1403
1404
1407
1408
1411
1412
1413
1415
1416
1417
1418
1419
1422
1425
1426
1427
1428
1429
1430
1431
1432
1433
1434
1435
1436
1437
1438
1439
1440
1442
1443
1444
1445
1446
1449
1450
1453
1454
1456
1457
1458
1459
1461
1462
1465
1466
1467
1469
1470
1473
1474
1475
1477
1478
1479
1480
1481
1482
1483
1484
1485
1486
1489
1490
1492
1493
1494
1495
1496
1498
1499
1500
1501
1502
1503
1504
1506
1507
1508
1509
1510
1511
1512
1513
1514
1516
1517
1518
1521
1522
1524
1525
1526
1527
1528
1529
1530
1533
1536
1537
1539
1540
1541
1544
1545
1546
1547
1550
1553
1554
1555
1558
1559
1560
1561
1562
1564
1565
1566
1567
1568
1570
1571
1572
1573
1574
1575
1578
1579
1580
1582
1583
1584
1585
1586
1587
1588
1590
1591
1594
1595
1596
1597
1598
1599
1600
1601
1605
1606
1607
1608
1609
1613
1614
1615
1616
1617
1618
1619
1620
1621
1622
1625
1626
1629
1630
1633
1634
1637
1638
1641
1642
1645
1646
1649
1650
1653
1654
1657
1658
1661
1662
1665
1666
1669
1670
1673
1674
1677
1678
1681
1682
1685
1686
1689
1690
1691
1692
1695
1696
1699
1700
1703
1704
1705
1708
1709
1712
1713
1714
1718
1719
1720
1721
1722
1723
1724
1725
1726
1727
1728
1729
1730
1731
1732
1735
1736
1737
1738
1739
1742
1743
1744
1745
1746
1749
1750
1751
1752
1756
1757
1758
1759
1760
1761
1762
1763