1
2
3
4
5
6
7
8
9
10
11
12
13
14
15
16
17
18
19
20
22
24
25
27
28
30
31
32
33
34
35
36
37
38
40
42
43
44
46
47
48
49
50
51
55
56
57
58
59
62
63
64
65
66
67
68
69
72
76
77
78
79
80
81
82
85
86
87
88
89
90
91
94
95
96
97
98
99
100
103
104
105
106
107
110
111
112
113
114
115
119
120
121
124
125
126
128
129
130
131
132
134
135
136
137
141
142
143
144
145
149
150
153
154
155
156
159
160
162
166
167
168
169
170
171
172
173
174
175
176
177
178
179
183
186
187
191
192
193
194
195
197
198
200
201
203
204
208
209
210
211