1
2
3
4
5
6
7
8
9
10
11
12
13
14
15
16
17
18
19
21
23
24
26
27
29
30
31
32
33
34
35
36
38
40
41
43
44
46
47
49
50
52
53
55
56
58
59
61
62
64
65
67
68
70
71
73
74
76
77
79
80
82
83
85
86
88
89
91
92
94
95
97
98
100
101
102
103
104
105
106
107
108
109
112
114
116
117
119
120
121
122
124
126
128
130
132
133
135
136
138
139
141
143
144
145
147
149
151
153
155
157
160
161
162
163
164
165
166
167
168
169
170
171
172
173
174
175
176
177
178
179
180
181
183
184
185
186
187
188
189
190
191
192
193
194
195
197
198
199
200
201
202
203
204
205
206
207
208
209
210
211
212
214
215
216
217
220
224
227
228
229
230
231
232
233
234
235
236
237
239
240
241
242
243
244
245
246
247
250
253
254
255
256
257
258
259
260
261
262
263
264
265
266
269
270
271
272
273
274
275
278
279
280
281
282
283
284
285
286
289
290
291
292
293
294