1
2
3
4
5
6
7
8
9
10
11
12
13
14
15
16
17
18
19
21
23
24
25
26
27
29
30
31
32
33
34
35
36
37
38
39
40
41
42
43
44
46
47
48
49
50
52
53
54
56
57
58
60
61
63
64
65
67
68
70
71
73
74
76
77
79
80
81
83
84
85
87
88
90
91
92
95
96
97
98
99
100
101
102
106
107
108
109
110
111
112
113
114
115
116
117
118
121
122
123
124
126
127
128
130
131
132
133
134
135
136
137
139
140
141
143
144
148
149
150
151
154
155
156
157
158
159
160
161
163
164
165
168
169
170
171
173
175
176
177
180
181
183
185
186
187
188
190
192
193
197
198
199
200
201
202
203
204
205
206
207
208
210
211
217
218
219
220
221
222
223
224
225
226
227
228
229
230
231
234
235
236
237
238
239
240
241
242
245
246
247
248
249
250
251
252
253
254
255
256
257
258
259
260
261
262
263
264
265
268
269
272
273
274
275
276
277
278
279
280
281
282
283
284
287
288
289
290
291
292
293
294
295
296
297
298
299
302
303
304
305
306
307
308
309
310
311
312
313
314
315
316
317
318
319
320
323
324
326
327
329
330
331
332
333
334
335
336
337
341
342
343
344
345
348
349
350
351
354
355
356
357
359
360
362
363
365
366
368
369
370
371
372
373
374
375
377
378
380
381
382
386
388
389
390
391
392
393
395
396
398
399
400
401
402
404
405
406
409
410
411
412
414
415
416
417
420
421
422
423
424
425
426
427
430
432
435
436
437
440
441
442
445
446
447
450
451
452
453
455
456
457
460
461
462
463
466
467
468
469
470
471