1
2
3
4
5
6
7
8
9
10
11
12
13
14
15
16
17
18
19
21
23
24
25
26
27
28
30
31
32
33
34
35
36
37
38
39
40
41
42
44
45
46
47
48
49
50
51
52
53
54
55
56
57
59
60
61
62
63
64
66
68
69
70
71
72
73
75
76
78
79
80
81
82
85
86
87
88
89
90
91
92
95
96
97
98
99
100
101
102
103
104
105
106
107
108
110
113
114
115
116
117
118
119
120
121
122
124
125
126
129
130
131
132
133
134
135
136
137
138
139
141
142
146
147
150
151
152
153
154
155
156
157
158
159
160
161
162
163
164
165
166
167
168
169
171
172
173
174
175
178
179
180
181
182
183
184
185
186
187
188
189
190
191
192
193
196
197
198
199
200
201
202
203
204
205
206
210
211
212
213
214
215
216
217
218
219
220
221
222
223
224
225
227
230
231
232
233
234
235
236
237
238
239
240
241
242
243
244
246
249
250
251
252
253
254
255
256
257
258
259
260
261
262
263
264
265
266
267
271
274
275
276
277
278
279
280
281
285
286
287
288
289
290
291
292
294
298
299
300
301
302
303
304
306
307
308
309
310
315
316
317
318
319
320
321
325
326
327
328
329
330