1
2
3
4
5
6
7
8
9
10
11
12
13
14
15
16
17
18
19
20
22
23
24
25
26
28
29
31
32
33
34
35
36
37
38
39
40
41
42
43
44
45
46
47
49
50
51
52
53
56
57
58
59
60
61
62
63
66
67
70
71
72
73
74
75
78
79
80
81
82
83
86
87
88
89
92
93
94
95
96
99
100
101
102
103
104
105
106
110
111
112
113
117
118
119
122
123
124
125
126
127
130
131
132
133
134
137
138
139
142
143
144
145
146
147
150
151
152
153
154
155
158
159
160
161
162
165
166
167
169
170
171
172
173
174
175
179
180
181
182
183
184
185
189
190
191
193
194
195
196
197
198