1
2
3
4
5
6
7
8
9
10
11
12
13
14
15
16
17
18
19
20
22
23
24
25
26
27
28
30
31
32
33
34
35
36
37
38
39
40
41
43
44
45
46
47
48
49
50
51
52
53
54
55
57
58
59
61
62
64
65
67
68
70
71
72
74
75
76
78
79
81
83
84
85
86
87
88
89
90
91
92
93
94
95
96
97
98
99
100
101
102
103
104
106
107
108
109
110
113
115
117
118
119
120
121
122
123
124
125
126
128
129
130
131
132
133
134
135
136
137
138
139
140
141
142
143
144
146
147
148
149
150
151
152
153
154
158
159
160
161
162
163
164
165
166
167
168
169
170
174
175
178
179
180
183
184
185
186
187
188
189
190
193
194
195
196
197
198
199
200
201
202
203
204
205
206
207
208
209
210
211
212
213
214
215
216
217
218
221
222
223
224
225
226
229
230
231
232
233
234
235
238
239
240
241
242
243
246
247
248
249
250
251
254
255
256
257
258
259
260
261
262
263
264
265
267
269
270
271
272
275
277
278
279
281
284
285
286
288
291
292
293
295
298
299
300
302
307
309
310
311
312
313
314
315
316
317
318
319
320
321
322
323
324
325
326
327
328
330
331
333
334
336
337
338
339
340
342
343
344
345
347
349
350
351
352
353
354
356
358
359
360
361
363
364
365
366
367
368
370
372
373
374
375
376
380
381
382
383
384
385
386
387
388
389
390
391
392
393
396
397
398
399
400
401
402
403
404
405
406
407
408
409
412
413
414
415
416
417
418
419
420
421
422
423
424
425
426
427
430
431
432
433
434
435
436
437
438
440
444
445
448
449
450
453
454
455