1
2
3
4
5
6
7
8
9
10
11
12
13
14
15
16
17
18
19
20
22
23
24
25
26
27
28
29
30
31
32
33
34
35
36
38
39
40
41
42
43
44
45
46
48
50
51
52
53
54
55
56
57
58
59
60
61
62
63
64
65
66
67
69
70
71
72
74
75
77
78
79
81
83
84
86
87
88
89
90
91
92
93
94
95
96
97
98
99
100
101
102
103
105
106
107
108
109
110
112
113
114
115
117
118
121
122
123
124
125
126
127
128
129
130
131
132
133
136
137
138
139
140
142
144
147
148
149
150
151
152
153
154
155
157
159
160
161
162
163
164
165
166
167
169
170
171
174
175
176
177
178
179
180
181
182
183
185
187
190
191
192
193
194
195
199
201
202
203
204
206
209
212
213
214
215
216
217
218
219
220
221
222
223
224
225
226
227
228
229
230
231
232
233
234
237
238
240
242
243
244
246
247
248
249
250
251
252
253
257
258
260
261
262
263
264
265
267
270
271
272
276
277
278
279
280
281
282
283
286
287
289
292
295
296
297
298
299
300
303
304
305
306
307
308
311
312
313
314
315
316
317
318
323
324
327
328
329
330
331
332
333
334
335
339
340
341
342
343
344
345
346
347
348
349
350
351
352
355
356
357
358
359
360
361
362
363
367
368
369
370
371
374
377
378
379
380
381
382
383
384
385
386
387
388
389
390
391
392
393
394
395
397
399
400
401
402
403
404
405
406
409
410
411
412
413
414
415
416
417
418
419
420
421
422
423
425
426
427
429
432
433
434
435
438
441
442
443
444
445
446
447
448
449
450
451
452
453
454
455
456
457
458
461
462
464
465
469
471
472
473
474
475
476
477
480
481
482
486
487
488
489
490
491
492
493
494
495
497
498
499
501
502
503
504
507
508
509
510
511
512
515
516
517
518
519
520
523
524
525
526
527
528
529
530
531
532
535
536
537
538
541
542
543
544
547
548
549