1
2
3
4
5
6
7
8
9
10
11
12
13
14
15
16
17
18
19
20
22
23
24
26
27
28
29
30
31
33
35
36
37
38
39
40
41
42
43
44
45
46
47
48
49
50
51
52
53
54
55
56
57
58
59
60
62
63
64
65
66
67
68
69
70
71
72
75
76
77
78
79
80
81
82
83
84
85
86
87
88
89
90
92
93
95
96
97
98
99
100
102
103
106
109
110
111
112
113
114
115
116
117
120
121
122
123
124
125
126
127
128
129
130
132
135
136
137
138
139
140
141
142
143
144
147
148
149
150
151
152
153
154
156
157
158
159
161
162
166
167
168
169
170
171
172
174
175
176
177
178
181
182
183
187
188
189
190
191
192
193
194
195
196
197
198
199
200
203
204
208
209
210
211
212
213
214
217
218
219
220
221
222
223
224
225
226
227
228
229
230
231
233
235
238
239
240
241
242
244
245
248
249
250
251
254
255
256
259
260
261
264
265
266
267
269
270
272
273
275
278
279
280
283
284
285
288
289
290
292
295
296
297