1
2
3
4
5
6
7
8
9
10
11
12
13
14
15
16
17
18
19
21
23
24
25
26
28
29
30
31
32
33
34
35
36
37
38
40
41
42
43
44
45
46
47
48
49
50
52
54
55
56
57
58
59
60
61
62
63
65
66
68
69
70
72
73
75
76
77
78
79
80
81
82
83
84
85
86
88
89
90
91
92
95
96
97
98
99
100
101
102
103
104
105
106
107
108
109
110
113
114
115
117
118
120
121
122
123
124
125
126
128
129
130
134
135
137
140
141
142
143
144
145
146
147
148
149
150
151
152
153
154
155
156
157
159
160
162
163
164
167
168
171
172
173
174
175
176
179
180
181
182
183
184
185
186
187
188
190
191
192
194
197
198
199
200
201
202
203
204
205
206
207
208
210
211
214
215
216
217
218
219
220
221
224
225
226
227
228
229
230
231
232
233
234
235
236
237
238
241
242
244
245
246
247
249
250
251
252
253
256
257
260
263
264
265
266
268
271
272
273
274
277
278
279
280
281
282
283
284
285
286
287
290
291
292
294
296
299
302
303
304
305
306
307
308
309
311
312
315
316
317
318
319
322
323
324
325
328
329
330
331
334
335
336
338
339
340
342
343
344
345
346
347
349
350
351
352
353
354
356
357
359
360
361
362
364
365
366
367
368
371
372
373
375
377
378
379
380
382
383
385
386
388
390
391
392
393
394
395
398
399
401
402
403
405
406
407
409
410
411
412
413
414
416
418
419
423
424
425
426
429
430
431
434
435
436
439
440
441
442
444
445
446
447
448
449
451
452
454
456
457
458
460
463
464
465
466
467
468
469
470
471
472
473
474
475
476
478
480
481
484
485
486
489
490
491
492
494
495
498
499
501
502
503
504
505
506
508
509
510
514
515
516
517
518
519
520
521
525
526
527
530
531
532
533
534
535
536
537
538
539
540
541
544
545
548
549
550
551
552
553
554