1
2
3
4
5
6
7
8
9
10
11
12
13
14
15
16
17
18
19
20
22
23
24
25
26
28
29
30
31
32
33
34
35
36
38
39
40
42
43
44
45
46
47
48
49
50
51
52
53
54
55
56
57
58
59
60
61
62
63
64
65
66
67
68
69
70
71
73
74
75
76
77
78
79
80
83
84
85
86
87
88
89
90
91
92
93
96
97
98
99
100
101
102
103
104
105
106
107
108
111
112
113
114
117
118
119
120
123
124
125
126
127
128
129
130
131
132
133
134
135
136
137
138
139
140
141
142
143
144
145
146
147
148
150
151
152
153
155
156
160
161
162
165
166
167
168
169
170
171
172
173
174
175
178
179
180
181
182
183
184
189
190
193
194
195
196
197
198
199
200
201
202
205
206
207
208
209
210
211
216
217
218
219
220
221
224
225
226
227
228
231
232
233
234
235
236
237
238
239
240
241
242
244
247
248
249
250
251
252
253
254
255
256
257
258
259
260
261
262
265
268
269
270
271
272
273
274
275
276
277
278
279
280
281
284
285
286
287
290
293
294
295
296
297
298
301
302
303
304
305
306
307
308
309
310
311
312
316
319
320
321
322
323
326
327
328
329
330
331
332
333
334
335
336
337
340
343
344
345
346
347
348
349
350
351
352
353
354
355
356
357
358
361
364
365
366
367
368
369
370
371
372
373
374
375
376
377
380
381
382
383
386
389
390
391
392
393
394
395
396
397
398
399
400
405
406
407
408
409
410
411
418
419
420
421
422
425
426
427
428
429
432
433
434
435
436
437
438
441
442
443
444
445
446
447
448
449
450
451
452
453
454