1
2
3
4
5
6
7
8
9
10
11
12
13
14
15
16
17
18
19
20
22
23
24
25
26
28
29
30
31
32
34
35
36
37
38
39
40
41
42
43
44
46
47
49
50
51
52
54
56
58
60
62
64
66
68
70
72
74
76
78
80
82
84
86
89
90
91
92
93
94
97
98
99
100
101
102
103
104
105
108
109
110
111
112
113
114
115
116
117
118
119
121
122
123
124
125
126
127
128
129
130
131
132
133
134
135
136
137
138
139
140
141
142
143
144
145
146
147
148
149
150
151
152
153
155
156
157
158
159
161
163
164
165
166
167
168
172
173
174
176
177
178
180
183
184
185
186
187
188
189
190
191
192
193
194
195
196
197
198
199
200
201
202
203
204
205
206
207
210
211
212
213
214
217
220
221
222
223
224
225
226
227
229
230
231
232
234
235
236
237
238
239
240
241
242
243
244
245
246
247
249
250
253
254
255
256
257
258
259
260
261
263
264
265
266
267
271
272
275
276
277
278
281
282
283
284
285
286
287
288
289
290
291
292
295
296
297
299
301
302
303
304
307
308
309
310
311
312
313
314
315
316
317
318
319
320
321
323
324
327
328
329
330
331
332
333
334
335
336
337
338
339
340
341
342
347
350
351
352
353
354
355
356
357
358
359
360
361
362
363
367
368
369
370
371
372
373
374
375
376
378
379
380
381
382
383
384
385
387
388
389
390
391
392
395
396
397
398
399
400
401
402
404
405
406
407
408
409
412
413
414
415
416
417
418
419
420
423
424
425
426
427
428
429
430
431
434
435
436
437
438
439
440
441
444
445
449
450
451
452
453
454
455
456
457
459
462
463
464
465
466
467
468
469
470
471
472
473
474
475
476
477
478
479
483
484
485
486
487
488
489
490
491
493
494
497
498
501
502
503
504
505
506
507
508
509
511
512
513
514
515
516
517
518
519
520
522
523
527
528
529
530
531
532
533
534
535
537
538
539
540
541
542
543
544
545
546
547
549
550
554
555
556
557
558
559
560
561
562
564
565
566
567
568
569
570
571
572
573
574
575
576
577
579
580
584
585
586
587
588
589
590
591
592
594
595
596
597
598
599
600
601
602
603
604
605
606
607
609
610
614
615
616
617
618
619
620
621
622
623
626
627
629
630
634
635
636
637
638
639
640
641
642
643
644
645
646
647
648
649
650
651
655
656
657
658
659
660
661
662
663
664
666
668
669
670
671
674
675
678
679
680
681
682
683
684
685
686
687
688
689
692
693
694
696
697
698
701
702
703
704
706
707
708
710
713
714
715
716
720
721
722
723
724
725
726
727
728
729
730
731
732
735
736
737
738
739
740
742
743
744
745
746
747
748
750
751
755
756
757
758
759
760
761
762
763
764
765
766
767
768
769
770
771
772
773
774
775
776
779
780
781
782
783
784
785
786
787
788
789
790
793
794
795
796
797
798
799
800
801
802
805
806
807
808
809
810
811
812
813
814
817
818
819
821
822
823
825
828
829
830
831
832
835
836
837
838
839
840
843
844
845
846
847
848
849
850
851
852
854