1
2
4
6
7
8
9
11
12
14
15
16
18
19
20
22
23
24
25
27
28
29
31
32
33
35
36
37
39
40
41
43
44
45
47
48
49
50
51
52
54
56
57
58
61
62
65
66
67
70
71
72
75
76
77
78
79
80
82
83
86
87
88
89
90
92
93
96
97
98
99
100
101
103
104
106
107
110
111
112
113
114
116
117
120
121
122
123
124
126
127
130
131
132
133
134
136
137
140
141
142
143
144
146
147
150
151
152
153
154
156
157
158
159
160
161
162
163
164
165
167
170
171
172
173
174
175
176
177
178
182
183
184
185
186
187
188
189
190
192
193
194
195
197
198
201
202
203
204
205
207
208
210
211
213
214
216
217
219
220
222
223
225
226
228
231
232
233
234
236
237
238
239
241
242
243
246
247
248
249
251
252
254
255
256
258
259
260
262
263
264
266
267
268
270
271
272
274
275
276
279
280
281
282
283
286
287
288
289
291
292
293
294
295
296
298
299
300
302
303
304
305
306
307
309
310
311
313
314
315
316
317
318
320
321
322
323
324
325
326
329
330
331
332
333
334
335
336
337
340
341
342
343
345
346
347
348
349
350
353
354
355
356
358
360
361
362
363
364
366
367
368
369
370
371
374
375
376
379
380
381
384
385
386
388
389
392
393
396
397
398
399
400
401
402
403
404
405
406
407
408
409
410
411
412
413
414
417
418
421
422
423
426
427
430
431
432
433
435
438
439
440
441
442
443
445
448
449
450
451
452
453
455
456
457
459
460
461
462
464
465
466
468
469
470
472
473
474
476
477
478
480
481
482
484
485
486
487
490
491
492
493
494
495
499
500
501
502
504
505
507
508
509
510
511
512
513
515
517
518
520
521
523
524
526
527
529
530
532
533
536
537
540
541
542
543
544
545
546
547
548
549
550
551
552
553
554
555
556
557
558
559
561
563
564
565
566
568
569
570
571
573
574
575
576
578
579
580
581
583
584
585
586
588
589
590
591
593
594
595
596
598
599
600
601
607
609
610
611
612
614
615
617
618
619
621
622
623
624
626
627
628
629
630
633
634
635
636
638
639
641
642
643
645
646
647
648
650
651
652
653
654
657
658
659
660
661
662
665
666
667
669
670
672
673
675
676
677
678
680
681
682
683
685
686
687
689
690
691
692
694
695
696
697
698
699
701
702
703
704
705
708
709
710
711
713
714
716
717
718
719
720
722
723
724
725
726
729
730
731
732
734
735
737
738
739
740
741
743
744
745
746
747
750
751
752
753
755
756
758
759
760
761
762
764
765
766
767
768
771
772
773
774
776
777
779
780
781
782
783
785
786
787
788
789
792
793
794
795
797
798
799
800
801
802
803
804
807
808
809
811
812
813
814
816
817
818
819
820
822
823
824
825
828
831
832
833
836
839
840
841
842
843
845
846
847
849
850
851
852
854
860
861
862
863
864
865
866
867
868
869
870
871
872
873
876
877
878
879
882