1
2
3
4
5
6
7
8
9
10
11
12
13
14
15
16
17
18
19
21
23
24
26
27
28
29
30
31
32
33
34
35
36
37
39
41
42
44
45
46
47
48
49
50
51
52
53
55
56
58
59
60
61
62
65
67
68
69
70
71
72
73
74
77
78
79
80
81
82
83
84
88
89
90
91
92
94
95
96
97
98
99
100
101
102
103
104
105
106
107
111
112
113
114
116
117
118
119
121
122
123
124
126
128
129
130
131
132
133
134
135
136
137
138
140
141
142
143
147
148
149
150
152
153
154
155
156
157
158
159
161
162
163
164
167
168
169
170
171
173
174
175
176
177
181
182
183
184
185
186
187
188
189
191
192
193
194
198
199
200
201
202
203
205
206
209
210
211
212
213
214
216
217
220
221
222
223
225
226
227
228
229
230
231
232
233
235
236
238
239
240
241
242
243
244
245
246
247