1
2
3
4
5
6
7
8
9
10
11
12
13
14
15
16
17
18
19
21
23
24
25
26
27
28
29
30
31
32
33
34
35
36
37
38
39
40
42
43
44
45
46
47
48
49
51
52
53
54
55
56
57
58
60
62
64
67
68
69
70
71
72
73
74
76
77
80
81
82
83
84
85
86
87
88
89
90
91
94
95
96
97
98
99
100
101
102
103
104
106
109
110
111
112
113
114
116
117
118
119
121
122
123
124
125
126
128
129
130
131
132
133
134
135
136
137
138
139
140
144
145
148
149
150
151
152
153
154
155
156
157
158
159
161
162
163
164
165
166
167
168
171
172
173
174
175
177
178
179
180
181
182
184
186
188
189
191
192
193
194
195
196
197
199
200
201
202
203
204
205
206
207
208
209
213
214
215
217
218
219
220
221
222
223
227
230
231
232
233
234
235
236
237
238
239
242
243
244
245
246
247
248
249
250
251
252
253
254
255
256
257
258
259
261
262
263
264
266
267
268
269
272
273
274
275
276
278
279
280
281
282
283
287
288
289
290
291
292
293
294
295
296
297
300
303
304
305
306
307
308
309
310
311
312
313
316
319
320
321
322
323
324
325
326
327
328
329
330
332
333
334
335
337
341
342
343
344
346
347
348
349
350
351
352
353
354
355
356
357
358
359
360
362
363
365
366
367
368
371
372
375
376
379
380
381
382
383
387
388
389
392
393
396
397
400
401
404
405
408
409
412
413
416
417
418
421
422
423
426
427
428
431
432
433
434
435
438
439
440
443
444
445
448
449
452
453
456
457
460
461
464
465
466
469
470
473
474
477
478
482
483
487
488
489
490
493
494
495
496
499
500
501
504
505
506
507
508
511
512
513
514
515
518
519
520
521
524
525
526
530
531
532
533
534
535
536
537
538
539
540
542
543
544
545
546
547
548
549
550
551
552
553
556
557
558
559
560
561
562
563
564
565
567
568
569
573
574
575
576
577
578
579
580
581
583
584
585
587
588
589
590
591
592
593
594
599
600
601
604
605
606
609
610
611
614
615
616
617
620
621
622
623
626
627
628
631
632
633
634
635
636
637
638
639
643
644
645
646
647
648
649
650
653
654
655
656
657
662
663
664
665
666
667
668
669
670
671
672
673
674
675
676
677
678
679
680
681
683
684
685
686
687
688
689
690
691
692
693
694
695
696
697
698