1
2
3
4
5
6
7
8
9
10
11
12
13
14
15
16
17
19
21
22
24
25
26
27
28
29
30
31
32
33
35
36
37
38
39
40
41
42
43
44
45
46
48
49
51
52
53
54
55
56
57
58
59
60
61
62
65
66
67
68
69
70
71
72
73
74
77
78
79
80
81
82
83
88
89
90
91
92
93
94
95
96
97
98
102
103
104
105
106
107
108
109
110
111
112
113
114
115
116
117
118
119
121
122
123
124
125
126
127
129
130
131
132
133
134
135
136
137
140
142
145
146
147
149
150
151
155
156
157
159
160
161
162
163
168
169
170
172
173
174
175
176
178
181
182
183
184
187
188
191
192
193
194
195
198
199
200
201
202
203
205
208
209
210
211
212
213
216
217
218
219
220
221