1
2
4
6
7
8
9
11
12
14
15
16
17
18
19
20
21
22
24
25
26
27
28
29
31
33
34
35
38
39
42
43
44
47
48
49
52
53
55
56
57
59
60
61
62
63
64
65
66
67
69
70
71
72
73
74
76
78
79
80
83
84
87
88
89
92
93
94
97
98
99
100
101
102
104
105
108
109
110
111
112
114
115
116
118
119
121
122
124
125
126
129
130
131
133
134
135
136
138
139
140
142
143
146
147
148
149
150
152
153
155
158
159
160
161
163
164
165
166
168
169
170
172
173
174
177
178
179
180
181
184
185
186
187
189
190
191
192
193
194
196
197
198
200
201
202
203
204
205
207
208
209
211
212
213
214
215
216
218
219
220
221
222
223
224
227
228
229
230
231
232
233
234
235
238
239
240
241
243
244
245
246
247
248
251
252
253
254
256
258
259
260
261
262
264
265
266
267
268
269
272
273
274
277
278
279
282
283
284
286
287
288
291
292
295
296
297
298
299
300
301
302
303
305
308
309
312
313
314
317
318
321
322
323
324
326
329
330
331
332
333
334
336
339
340
341
342
343
344
346
347
348
349
350
352
353
354
356
357
358
361
362
363
364
365
366
370
371
372
373
375
376
377
378
379
380
381
382
384
386
387
388
389
390
391
392
393
394
395
396
397
401
402
405
406
408
410
413
414
415
416
417
418
419
420
421
422
423
424
425
426
427
428
429
430
431
432
434
436
437
438
439
441
442
443
444
445
451
453
454
455
456
458
459
461
462
463
465
466
467
468
470
471
472
473
474
477
478
479
480
481
482
483
487
488
490
491
492
493
494
497
498
499
500
501
504
505
506
507
508
511
512
513
514
515
517
518
519
520
521
523
525
526
527
528
529
530
531
532
534
536
537
538
539
541
542
543
544
545
547
549
550
551
552
553
555
556
557
558
559
561
563
564
565
566
567
568
569
570
572
574
575
576
577
578
579
580
581
583
585
586
587
588
589
590
591
592
594
596
597
598
599
600
601
602
604
606
607
608
609
610
611
612
614
616
617
618
620
621
622
623
624
627
628
629
630
631
632
635
636
637
639
640
641
642
644
645
646
648
649
650
651
652
653
654
655
656
657
658
660
663
666
667
668
671
674
675
676
677
678
680
681
682
684
685
687
688
690
691
692
695
696
698
699
700
701
703
704
705
706
709
710
713
714
715
716
717
719
722
723
724
725
727
728
729
730
732
733
734
737
738
739
740
741
744
745
746
747
749
750
751
752
753
754
756
757
758
760
761
762
763
764
765
767
768
769
771
772
773
774
775
776
778
779
780
781
782
783
784
787
788
789
790
791
792
793
794
795
798
799
800
801
803
804
805
806
807
808
811
812
813
814
816
818
819
820
821
822
824
825
826
827
828
829
832
833
834
837
838
839
842
843
844
846
847
848
851
852
855
856
857
858
859
860
861
863
866
867
870
871
872
875
876
879
880
881
882
884
887
888
889
890
891
892
894
897
898
899
900
901
902
903
905
906
907
909
910
913
914
915
916
917
918
922
923
924
925
926
927
928
929
930
931
933
935
936
937
938
939
940
941
942
943
944
945
946
950
951
954
955
956
958
961
964
965
966
967
968
969
970
971
972
973
974
975
976
977
978
979
980
981
982
983
985
987
988
989
990
991
997
999
1000
1001
1002
1003
1004
1005
1009
1010
1012
1013
1014
1015
1016
1019
1020
1021
1022
1023
1026
1027
1028
1029
1030
1033
1034
1035
1036
1037
1039
1040
1041
1042
1043
1045
1047
1048
1049
1050
1051
1052
1053
1054
1056
1058
1059
1060
1061
1063
1064
1065
1066
1067
1069
1071
1072
1073
1074
1075
1077
1078
1079
1080
1081
1083
1085
1086
1087
1088
1089
1090
1091
1092
1094
1096
1097
1098
1099
1100
1101
1102
1103
1105
1107
1108
1109
1110
1111
1112
1113
1114
1116
1118
1119
1120
1121
1122
1123
1124
1126
1128
1129
1130
1131
1132
1133
1134
1136
1138
1139
1140
1142
1143
1144
1145
1146
1149
1150
1151
1152
1153
1154
1157
1158
1159
1161
1162
1163
1164
1166
1167
1168
1170
1171
1172
1173
1174
1175
1176
1177
1178
1179
1180
1182
1185
1188
1189
1190
1193
1196
1197
1198
1199
1200
1201
1202
1203
1204
1205
1207
1208
1209
1211
1212
1213
1214
1217
1223
1224
1225
1226
1227
1228
1229
1230
1231
1232
1233
1234
1235
1236
1237
1238
1239
1240
1241
1242
1243
1244
1247
1248
1249
1250
1251
1254