1
2
3
4
5
6
7
8
9
10
11
12
13
14
15
16
17
19
20
21
22
24
25
26
27
28
29
30
32
34
35
36
37
38
39
40
42
43
46
47
48
49
50
51
52
53
54
55
56
57
58
59
60
61
62
63
66
67
68
70
71
73
74
75
78
79
80
81
82
83
84
85
86
87
91
92
93
94
95
96
97
98
99
100
101
102
104
107
108
109
110
111
114
115
116
119
120
121
124
125
126
127
129
132
133
134
135
136
137
139
140
143
144
145
146
148
149
150
151
152
154
157
158
159
160
161
162
163
164
165
166
169
170
171
172
175
176
177
178
180
183
184
185
186
187
188
189
190
191
192
193
194
195
196
198
201
202
203
204
205
206
207
208
209
210
211
212
213
214
215
218
219
220
221