1
2
3
4
5
6
7
8
9
10
11
12
13
14
15
16
17
18
19
20
22
23
24
25
26
28
30
31
32
33
34
35
37
39
40
42
43
44
45
46
50
51
53
54
56
58
59
61
62
64
66
67
69
70
72
73
75
76
78
80
81
83
85
86
88
89
91
92
93
94
95
96
97
98
103
105
106
108
109
110
111
114
115
116
117
118
119
120
121
122
125
126
129
130
133
134
137
138
141
142
143
144
145
148
149
150
151
153
154
157
158
159
160
163
164
165
166
168
169
170
173
174
175
176
177
178
179
180
181
182
185
186
187
188
189
190
191
192
193
194
198
199
200
201
202
203
204
205
206
207
211
212
213
214
215