1
2
3
4
5
6
7
8
9
10
11
12
13
14
15
16
17
19
21
22
24
25
26
28
30
31
32
34
35
36
38
39
40
41
42
43
44
45
46
47
48
49
51
52
53
54
55
56
58
59
61
63
64
68
69
70
71
72
73
74
75
76
79
80
81
82
83
84
85
88
89
90
91
93
94
95
96
98
99
100
101
102
103
104
105
106
107
110
111
114
115
116
117
118
119
120
123
124
125
126
127
128
132
133
134
135
136
137
141
142
143
144
145
146
147
148
149
150
151
153
154
156
157
159
164
165
168
169
170
172
175
176
177
179
182
183
184
186
189
190
191
193
196
197
200
201
202
204
207
208
209
210
211
212
214
215
217
218
219
220
221
222
223