1
2
3
4
5
6
7
8
9
10
11
12
13
14
15
16
17
18
19
21
23
24
25
27
28
29
30
31
32
33
34
35
36
37
38
40
41
42
43
44
45
46
47
48
49
50
51
53
54
56
57
59
60
61
62
63
64
65
66
67
68
69
70
71
72
76
77
78
79
80
82
83
84
85
86
87
89
90
91
92
93
94
95
96
97
98
100
101
102
103
105
106
107
108
109
110
111
112
113
117
118
119
120
121
123
124
125
126
127
129
130
131
132
133
135
136
137
138
139
140
141
142
143
147
148
149
150
152
153
154
155
156
157
158
159
160
162
163
165
166
167
168
169
170
171
172
174
175
177
178
179
180
181
184
185
186
189
190
191
192
193
194
195
196
197
198
199
200
201
202
203
204
205
211
212
213
214
215
216
218
219
220
221
222
223
224
225
227
228
229
230
232
233
234
236
237
238
240
241
243
244
245
246
247
248
250
251
252
253
255
256
257
258
259
260
261
262
263
264
265
266
267
273
274
275
276
277
278
280
283
284
285
286
287
288
290
293
294
295
296
297
298
300
303
304
305
306
307
308
310
313
314
315
316
318
319
320
322
323
324
325
326
328
329
330
331
332
333
334
336
337
338
339
340
344
345
346
347
348
349
350
351
353
354
355
356
357
358
359
360
361
362
363
367