1
2
3
4
5
6
7
8
9
10
11
12
13
14
15
16
17
18
19
20
22
23
24
25
26
27
28
29
30
31
32
34
35
36
37
38
39
40
41
42
43
45
46
47
48
49
50
51
52
53
54
55
56
57
58
59
60
61
62
64
65
66
67
68
70
71
72
74
75
76
77
79
80
81
82
83
84
85
88
89
90
92
93
94
95
98
99
100
101
102
103
104
105
106
107
108
109
110
111
113
117
118
121
122
125
126
129
130
131
132
133
137
138
139
140
143
144
145
146
147
148
149
150
151
152
155
156
157
158
159
160
161
162
165
166
167
168
169
170
171
172
175
176
177
178
179
180
181
182
183
187
188
189
190
191
192
193
194
195
199
200
201
202
203
204
205
206
207
211
212
213
214
215
216
217
218
219
223
224
225
226
227
228
229
230
231
232
236
237
238
239
240
241
242
243
244
248
249
250
251
252
253
254
255
256
260
261
262
263
264
265
266
267
268
269
271
274
275
276
277
279
280
281
282
283
285
286
287
288
292
293
294
295
296
297
298
299
300
304
305
306
307
308
309
310
311
312
313
315
318
319
320
321
322
323
324
327
328
329
330
334
335
336
337
338
339