1
2
3
4
5
6
7
8
9
10
11
12
13
14
15
16
17
18
19
20
22
24
25
26
27
28
29
30
31
32
33
34
35
37
38
39
40
41
42
43
44
45
46
47
48
49
50
51
53
55
56
58
59
60
61
62
63
64
65
66
69
70
71
72
76
77
78
79
83
84
85
86
87
88
89
90
91
92
93
94
95
96
97
98
99
100
101
102
103
104
105
106
107
108
109
112
113
117
118
119
120
121
122
123
124
125
126
127
128
129
130
131
132
133
134
135
136
137
138
139
140
141
142
143
145
147
148
149
150
151
153
155
156
157
159
160
161
162
163
164
165
166
167
169
170
172
173
174
175
176
178
179
180
181
182
184
185
186
187
191
192
193
194
195
197
198
199
200
201
202
203
206
207
209
210
212
213
215
218
219
220
221
222
223
224
227
228
229
231
234
235
236
237
238
239
240
241
242
244
245