1
2
3
4
5
6
7
8
9
10
11
12
13
14
15
16
17
18
20
22
23
24
25
26
27
28
29
30
31
32
33
35
36
37
38
39
40
41
42
43
45
46
47
48
49
50
51
52
53
54
55
56
57
58
59
60
61
62
63
64
65
66
67
68
69
70
71
72
73
74
75
76
77
78
79
80
81
82
83
84
85
86
87
88
89
91
92
93
94
97
99
100
101
102
103
104
106
107
108
110
111
112
114
115
116
117
118
121
122
123
126
127
128
129
130
131
132
134
138
139
140
141
142
143
144
145
147
149
150
153
154
155
159
160
161
162
163
164
165
166
168
169
170
171
173
174
176
177
179
180
181
182
183
184
186
187
188
189
190
192
193
195
196
198
200
201
202
203
205
206
208
209
212
213
215
216
217
218
219
220
222
223
224
225
226
227
228
229
231
232
233
234
236
237
238
239
240
241
243
244
246
247
248
249
251
252
253
255
256
257
259
260
261
262
263
266
267
268
269
270
271
272
275
276
279
280
281
284
286
287
288
293
294
295
298
299
300
301
305
306
307
308
309
310
311
312
313
314
315
318
319
322
324
325
326
327
330
331
332
333
336
337
338
339
340
341
342
345
346
347
348
349
351
352
355
356
359
360
361
362
363
364
365
366
368
369
371
372
373
377
378
379
380
382
383
384
388
389
390
391
392
393
394
395
396
397
398
399
400
401
402
403
406
407
408
409
410
411
412
413
415
416
420
421
424
425
428
429
430
431
432
433
434
435
436
439
440
441
442
443
444
445
446
447
448
449
453
454
455
456
457
458
459
460
461
462
463
464
465
469
470
471
472
473
474
475
476
477
478
480
481
483
484
488
489
490
491
492
493
494
495
499
500
501
502
503
504
505
506
510
511
512
513
514
515
516
517
518
521
522
523
524
525
526
527
528
529
530
531
532
533
534
535
536
537
540
541
542
543
546
549
550
551
552
553
554
555
556
557
558
559
560
561
562
563
564
565
568
569
570
571
574
575
576
577
578
579
580
581
582
583
584
585
586
587
588
591
592
593
596
597
598
600
602
603
604
605
606
608
609
610
611
615
618
619
620
621
622
623
624
625
626
627
628
629
630
632
635
636
637
638
639
640
641
642
643
644
645
646
647
648
649
650
651
655
657
658
661
662
663
664
665
666
669
670
671
673
674
675
676
678
679
680
682
683
684
685
686
688
689
690
691
692
693
695
696
697
698
699
700
701
703
704
705
706
707
708
709
710
716
717
718
719
720
721
722
723
724
725
726
730
731
734
735
736
739
740
743
744
745
746
747
748
749
750
751
752
753
754
757
760
763
764
765
768
769
770
771
772
776
777
778
779
780
781
782
783
784
785
786
787
788
789
792
795
796
797
798
799
800
801
802
803
804
806
807
808
809
810
813
814
815
817
818
819
820
821
822
823
824
825
827
828
830
831
835
836
837
838
840
841
846
847
848
849
850
851
852
853
854
855
859
860
861
862
863
864
865
866
867
869
870
871
872
873
874
875
876
880
881
885
886
887
888
889
890
893
894
895
896
897
898
901
902
903
904
905
906
908
910