1
2
3
4
5
6
7
8
9
10
11
12
13
14
15
16
17
18
19
20
22
23
24
25
27
29
30
31
32
34
35
36
37
38
39
40
41
42
43
44
45
46
47
49
50
51
52
53
56
57
58
61
62
63
64
65
66
67
68
69
71
74
75
76
77
78
79
80
81
83
86
87
88
89
90
91
92
93
95
98
99
100
101
102
103
104
107
108
109
110
111
112
113
114
115
116
118
119
120
121
122
123
124
125
127
129
132
133
134
135
136
137
138
139
140
142
143
144
146
149
150
151
152
153
154
155
156
159
160
161
162
163
164
165
168
169
170
171
172
173
174
175
176
177
179
180
181
184
187
188
189
190
191
192
193
194
195
196
197
198
201
202
203
204
205
206
207
210
211
212
213
214
215
216
217
220
221
222
223
224
227
228
229
230
231
233
234
235
236
237
238
239
240
241
242
243
244
245
246
247
248
249
252
255
256
257
258
260