1
2
3
4
5
6
7
8
9
10
11
12
13
14
15
16
17
18
19
20
22
23
24
25
26
27
28
29
30
31
32
33
34
35
36
37
38
40
41
42
43
44
45
46
47
48
49
50
51
52
53
54
55
56
57
58
59
60
61
63
64
65
66
67
68
69
70
71
72
73
74
75
76
78
79
80
81
82
83
84
85
86
87
88
89
90
91
92
93
94
95
96
97
98
99
100
101
102
103
104
105
106
107
108
109
110
111
112
113
114
115
116
117
118
119
120
121
122
123
124
125
126
127
128
129
130
131
132
133
134
135
136
137
138
140
141
142
143
144
145
146
147
148
149
150
151
152
153
154
155
156
157
158
159
160
161
162
163
164
165
166
168
169
170
171
172
173
174
175
176
177
178
179
180
181
182
183
184
185
187
188
189
190
191
194
195
198
199
200
201
202
203
204
205
206
207
208
209
213
214
215
216
217
218
219
220
221
222
223
224
225
226
227
228
229
230
232
235
236
237
238
241
242
243
244
245
246
248
249
250
251
252
253
255
257
258
259
260
261
262
263
264
265
268
269
270
271
272
273
274
276
278
279
280
281
283
285
286
287
288
289
292
293
294
295
297
300
301
302
303
304
306
307
308
309
311
312
313
314
315
316
318
319
320
322
323
324
325
326
329
330
331
332
335
336
337
338
339
341
342
344
345
346
350
351
352
353
354
355
356
357
359
360
362
364
365
368
369
370
371
372
375
378
379
380
381
382
383
384
385
386
387
388
390
391
392
393
394
395
396
397
398
399
400
401
402
403
404
405
406
407
408
409
410
412
413
414
415
418
419
420
421
422
424
426
427
428
429
430
431
434
435
436
438
439
440
441
442
447
448
449
450
451
452
453
454
455
457
458
460
463
464
465
466
467
468
469
470
471
472
473
474
475
476
477
478
479
480
481
482
484
485
486
487
488
489
491
492
493
494
495
496
497
498
502
503
504
505
506
507
508
509
510
511
512
513
514
515
516
517
518
519
520
523
526
527
528
529
530
531
532
535
538
539
540
541
542
543
544
545
546
547
548
549
551
554
555
556
557
558
559
560
561
562
563
564
565
566
571
572
573
574
575
576
577
578
579
580
581
582
583
586
589
590
591
592
593
594
595
596
598
599
600
601
603
605
606
607
608
609
610
611
612
614
615
616
617
618
619
620
621
623
624
625
626
627
628
629
630
631
632
633
634
637
638
639
643
644
645
646
647
648
649
650
651
652
655
656
657
663
664
665
666
667
668
669
672
673
674
675
676
677
678
679
680
681
682
683
684
685
686
687
688
690
693
694
695
696
697
698
699
702
703
706
707
710
711
712
713
715
716
717
719
720
723
724
725
726
727
728
729
730
732
733
734
737
738
739
740
741
742
743
744
745
746
747
748
749
750
751
752
753
755
759
760
761
762
763
766
767
770
771
774
775
778
779
782
783
784
785
787
788
789
792
793
794
797
798
799
800
801
802
803
804
805