1
2
3
4
5
6
7
8
9
10
11
12
13
14
15
16
17
19
21
22
23
24
25
27
28
29
30
31
32
33
34
35
36
37
38
39
41
42
43
44
45
47
48
50
51
53
54
56
57
59
60
62
63
65
66
68
69
71
72
74
75
77
78
80
81
83
84
86
87
89
90
91
92
93
95
96
98
99
102
103
105
106
107
108
109
111
112
113
114
115
116
117
118
119
120
121
122
123
124
125
126
128
129
132
133
134
135
136
137
138
139
140
143
144
145
146
148
149
150
151
154
155
156
157
158
159
160
161
162
163
164
165
168
169
170
171
172
173
174
175
176
177
178
179
180
181
182
185
186
187
188
189
190
191
192
193
194
196
197
199
200
201
203
204
205
206
207
209
211
212
213
214
217
220
221
222
223
224
228
229
230
231
232
233
236
237
238
239
242
243
244
245
246
247
248
249
250
252
254
255
256
260
261
262
263
266
267
268
269
270
271