1
2
3
4
5
6
7
8
9
10
11
12
13
14
15
16
17
18
19
21
23
24
25
26
27
28
29
31
32
33
34
35
36
38
40
41
42
43
44
45
46
47
48
49
50
51
52
53
54
55
56
57
58
59
60
61
62
63
64
65
66
67
68
70
71
72
73
74
75
76
77
79
80
81
82
85
86
87
88
89
90
91
92
93
94
95
96
97
98
99
100
101
104
105
106
107
108
109
110
111
112
113
114
115
116
117
118
119
120
121
122
123
126
127
128
129
130
133
134
135
136
137
140
141
142
143
144
147
148
149
150
151
154
155
156
157
158
159
160
161
163
164
166
167
168
169
171
172
175
176
177
178
179
180
181
182
183
184
185
186
187
188
189
190
191
192
196
197
198
199
202
203
204
207
208
209
210
211
212
213
216
217
218
219
220
221
222
223
224
225
228
229
230
231
232
233
234
235
236
239
240
241
242
243
244
245
246
247
250
251
252
253
254
255
256
257
259
260
261
262
263
268
269
271
272
273
274
275
277
280
281
282
283
285
286
287
289
290
291
292
293
294
295
298
299
300
301
302
303
304
305
306
307
310
311
312
313
314
315