1
2
3
4
5
6
7
8
9
10
11
12
13
14
15
16
17
18
19
20
22
23
24
25
26
28
30
31
32
33
34
35
36
37
38
39
40
41
42
43
44
45
47
48
49
50
51
52
53
54
55
56
57
58
59
60
61
62
63
64
65
66
67
68
69
70
71
72
73
74
75
76
78
80
81
82
83
84
85
88
89
90
92
93
95
96
97
98
99
100
101
102
103
104
105
106
107
108
109
110
111
112
116
117
118
119
120
122
123
124
125
126
127
130
131
132
133
134
135
136
137
138
139
140
141
142
143
145
146
147
149
150
151
152
154
155
156
157
159
160
161
162
163
164
165
166
167
168
169
172
173
174
175
176
177
178
179
180
181
182
183
184
185
186
187
188
189
190
194
197
198
199
200
201
203
206
207
208
209
210
211
212
213
214
215
216
217
218
219
220
221
222
223
224
225
226
227
228
229
232
233
234
235
236
239
240
241
242
243
244
245
248
249
250
251
252
253
254
255
258
259
260
261
262
263
264
267
268
269
270
271
272
273
274