1
2
3
4
5
6
7
8
9
10
11
12
13
14
15
16
17
18
19
20
22
23
24
25
27
28
29
30
31
32
33
35
36
37
38
39
40
41
43
44
45
46
48
49
50
51
52
54
55
56
57
58
59
61
62
63
64
65
66
67
68
69
70
71
72
73
74
75
76
77
78
79
80
81
82
83
84
85
88
89
90
91
92
93
94
95
97
98
99
100
101
102
103
106
107
108
109
110
111
112
113
114
115
116
117
118
119
120
121
123
124
129
133
134
135
136
137
138
139
140
141
142
143
144
145
146
147
148
149
150
151
152
153
154
155
156
157
158
159
160
161
162
163
164
165
166
169
170
171
172
173
174
176
177
178
179
180
181
182
183
184
185
186
188
189
191
192
193
194
196
197
198
200
201
202
203
204
205
206
210
211
212
213
215
216
217
221
222
223
224
225
226
229
230
231
235
236
237
238
239
240
241
242
243
244
245
246
247
248
250
251
252
253
254