1
2
3
4
5
6
7
8
9
10
11
12
13
14
15
16
17
19
20
22
23
24
26
27
28
29
30
31
32
33
34
36
37
38
39
40
41
42
43
44
45
46
47
48
51
52
54
57
58
59
60
61
64
65
66
67
69
70
72
73
75
76
78
79
81
82
83
84
85
89
90
91
92
93
94
95
96
97
98
99
101
102
103
104
105
106
107
108
109
110
111
112
113
114
115
116
118
122
123
124
125
126
127
128
129
130
131
132
133
134
135
137
138
139
140
141
142
143
144
145
146
147
148
149
150
151
153
154
155
159
160
161
162
163
164
165
166
167
168
169
170
171
173
174
175
176
177
178
179
183
184
185
186