1
2
3
4
5
6
7
8
9
10
11
12
13
14
15
16
17
19
21
22
23
24
25
26
28
29
31
32
33
34
35
36
38
39
41
42
43
44
47
48
51
52
53
55
56
57
60
61
62
65
66
69
70
71
72
73
74
75
77
80
81
82
86
87
88
89
90
93
94
95
97
98
101
102
103
104
105
108
109
110
111
112
115
116
117
118
119
122
123
124
127
128
129
130
131
134
135
136
137
139
140
141
142
146
147
148
151
152
153
154
156
157
158
161
162
163
166
167
168
169
170
172
175
176
177
180
181
182
185
186
187
190
191
192
195
196
197
200
201
202
203
204
205
206
209
210
211
214
215
216
221
222
223
226
227
228
231
232
233
236
237
238
241
242
243
246
247
248
251
252
253
256
257
258