1
2
3
4
5
6
7
8
9
10
11
12
13
14
15
16
17
18
19
21
23
24
26
27
28
29
30
31
33
34
35
36
37
38
39
40
41
42
43
44
45
46
47
48
49
50
51
52
53
54
55
56
57
58
59
60
61
62
63
64
65
66
67
68
69
70
71
72
73
74
75
76
77
78
79
81
82
84
85
86
87
88
89
90
91
92
93
94
95
96
97
99
100
102
103
104
105
106
108
109
110
111
112
114
115
116
117
118
119
120
121
122
123
126
127
128
129
130
131
132
133
134
135
136
137
139
140
141
143
146
147
148
149
150
151
152
153
154
155
158
159
160
161
162
163
164
165
166
167
168
169
170
171
172
175
176
177
178
179
180
181
182
183
184
185
186
187
188
189
192
193
194
195
196
197
198
199
200
201
202
205
206
207
208
209
210
211
212
213
214
215
216
217
218
219
220
223
224
225
226
227
228
229
230
231
232
233
234
235
236
237
239
240
241
243
246
247
250
251
252
253
256
257
258
259
260
261
262
263
264
265
266
267
268
269
270
271
272
273
275
276
277
279
280
282
285
286
287
288
289
290
291
292
293
294
295
296
297
299
300
301
302
304
305
306
307
309
312
313
314
315
316
317
318
319
320
321
322
323
326
327
328
329
331
332
335
336
337
340
341
344
345
348
349
353
354
355
360
361
364
365
366
367
368
369
370
371
373
374
375
378
381
382
383
386
387
388
391
392
393
396
397
398
399
400
401
402
403
406
407
408
411
412
415
416
417
419
420
421
423
424
425
426
427
428
430
431
432
433
434
435
439
442
443
445
446
447
448
449
450
451
452
453
454
455
458
459
460
461
462
463
464
465
466
467
468
469
472
473
474
477
478
479
482
483
484
487
488
491
492
493
494
495
496
497
499
500
501
502
503
506
507
508
509
510
511
512
513
514
517
518
519
520
521
522
528
530
531
532
533
534
535
536
537
539
542
543
544
547
548
549
552
553
554
555
556
559
560
561
562
563
564
565
569
570
571
572
573
576
577
578
582
583
586
587
588
591
592
593
594
595
599
600
601
602
603
604
605
606
607
608
609
611
612
613
614
615
618
619
620
623
624
625
626
627
628
629
630
631
632
633
635
636
637
638
639
640
642
645
646
647
648