2
3
4
5
6
7
8
9
10
11
12
13
14
15
16
17
18
19
20
21
23
24
25
26
27
29
30
31
32
33
34
35
36
37
38
39
40
41
42
43
44
45
46
47
48
49
50
51
53
54
55
56
58
60
62
63
64
65
66
67
68
69
70
72
73
74
75
76
78
79
81
83
84
86
87
88
89
90
92
93
95
97
99
102
103
104
105
106
107
109
110
112
113
114
115
116
117
118
119
121
122
125
126
127
128
129
130
131
132
136
137
138
139
140
141
142
143
144
145
146
147
148
149
150
151
152
153
154
155
158
161
164
165
166
167
168
169
170
171
172
173
174
175
176
177
178
179
180
181
182
183
186
187
188
189
190
191
195
196
199
202
203
204
205
206
207
210
212
214
216
217
218
219
220
221
222
223
224
225
226
228
229
232
233
234
237
238
239
242
243
244
247
250
251
252
253
254
255
256
257
258
259
260
263
264
265
267
268
269
270
271
273
275
276
277
278
279
280
281
284
285
286
287
288
289
290
292
293
294
295
296
297
300
301
302
305
306
307
308
309
310
311
314
315
316
317
318
319
320
321
322
323
324
325
326
327
328
329
330
331
332
333
334
335
336
340
342
343
344
345
346
348
349
350
351
352
353
356
357
358
359
360
362
363
364
365
366
367
368
372
373
374
375
376
378
379
380
381
382
385
386
387
388
389
393
394
395
396
397
399
400
402
404
405
407
408
409
410
411
412
413
415
416
417
420
421
422
424
425
428
429
432
433
434
438
439
440
441
443
444
445
446
447
448