1
2
3
4
5
6
7
8
9
10
11
12
13
14
15
16
17
18
19
20
22
23
25
26
28
29
30
31
32
33
34
35
36
37
38
39
40
41
42
43
44
45
46
47
48
49
50
51
52
53
54
56
57
58
59
61
62
63
64
65
67
68
69
70
72
73
74
75
77
78
79
80
82
83
84
85
86
88
89
90
91
92
95
96
97
100
101
102
105
106
107
109
110
113
114
115
118
119
120
123
124
125
128
129
130
131
132
133
134
136
139
140
143
144
147
148
151
152
155
156
157
158
159
160
161
162
163
164
165
166
167
168
169
172
173
174
175
176
177
178
179
180
181
182
183
186
187
188
189
190
191
194
195
196
197
198
199
200
203
204
205
206
207
208
209
210
211
212
215
218
219
220
221
222
223
224
225
228
229
230
233
234
235
236
237
238
242
243
244
245
246
247
248
250
253
254
255
256
257
258
259
260
261
262
263
266
267
268
269
270
271
272
273
274
275
276
277
278
279
281
282
283
286
287
288
289
290
291
292
293