1
2
3
4
5
6
7
8
9
10
11
12
13
14
15
16
17
18
19
20
22
23
24
25
26
27
28
29
30
32
33
34
35
36
38
39
40
41
42
43
44
45
47
48
49
50
52
53
54
56
57
59
60
62
63
64
65
66
68
69
70
71
72
73
74
75
76
77
78
79
80
81
82
83
86
89
90
91
93
94
95
98
99
100
101
102
104
105
106
109
110
111
112
113
114
115
116
117
118
119
120
122
123
124
125
126
127
128
129
130
131
132
133
134
136
137
139
140
142
143
144
145
146
148
149
150
152
153
154
155
156
159
160
161
162
163
164
165
166
167
168
169
170
171
172
173
174
175
176
177
178
179
180
181
182
183
184
185
186
187
188
189
190
191
192
193
194
195
196
199
200
201
204
205
206
207
208
211
212
213
214
215
218
219
220
221
222
225
226
227
228
229
232
233
234
235
236
239
240
241
242
243
246
247
248
249
250
253
254
255
256
257
260
261
262
263
264
267
268
269
270
271
274
275
276
277
278
281
282
283
284
285
288
289
290
291
292
293
296
297
298
299
300
303
304
305
306
307
310
312
313
314
315
316
319
320
321
322
323
326
327
328
329
330
333
334
335
336
337
340
341
342
343
344
345
348
349
350
351
352
355
356
357
358
359
362
363
364
365
366
369
370
371
372
373
374
377
378
379
380
381
382
383
384
385
386
387
388
389
390
391
392
393
394
395
396
397
398
399
400
401
402
403
404
405
409
410
411
412
413
414
415
417
418
419
420
421
422
423
424
425
426
427
428
429
430
431
432
433
434
435
436
440
441
442
443
444
445
446
447
448
449
450
451
452
453
454
455
456
457
458
459
463
464
465
466
467
468
469
470
471
472
473
474
475
476
477
478
479
481
482
483
484
485
486
487
488
489
490
491
492
493
494
495
496
497
498
499
500
501
502
504
505
506
507
508
509
511
515
516
517
518
519
520
521
522
523
524
525
526
528
529
530
533
534
535
536
537
538
539
540
541
542
543
544
545
546
547
548
549
552
553
554
555
556
557
558
559
560
564
565
566
567
568
569
570
571
572
573
574
575
576
577
580
581
582
583
584
585
588
589
590
591
592
593
594
595
596
597
598
599
600
601
602
603
604
607
608
609
610
611
612
613
615
616
618
619
621
624
626
627
628
629
630
633
634
635
636
637
640
641
642
643
644
647
648
649
650
651
654
655
656
657
658
661
662
663
664
665
668
669
670
671
672
673
674
675
678
679
680
681
682
683
684
685
688
689
690
691
692
693
694
695
698
699
700
701
702
703
704
705
708
710
711
712
713
714
715
716
717
718
719
720
721
723
724
725
726
730
731
732
733
734
735
736
737
738
739
740
741
742
746
748
749