1
2
3
4
5
6
7
8
9
10
11
12
13
14
15
16
17
19
20
21
22
23
24
25
27
28
29
31
32
33
34
35
36
37
38
39
40
41
42
44
45
46
47
48
49
50
51
54
55
56
57
58
59
60
61
64
65
66
67
68
69
70
71
72
75
76
78
79
80
81
83
86
87
88
89
90
91
92
93
94
96
99
100
101
103
106
107
108
111
112
113
119
120
121
122
123
124
127
128
129
130
131
132
133
134
135
136
137
138
139
140
141
142
143
144
145
146
147
148
149
150
153
156
159
160
161
162
163
164
165
166
167
168
171
172
173
174
176
178
181
182
183
184
185
187
190
191
192
193
194
195
196
197
198
199
200
201
204
206
209
210
211
214
215
216
217
218
219