1
2
3
4
5
6
7
8
9
10
11
12
13
14
15
16
17
18
19
20
22
23
24
25
26
27
28
31
32
33
34
35
36
38
39
40
41
42
43
44
45
46
47
48
50
51
53
54
55
56
57
58
59
60
63
64
65
66
67
68
71
72
73
74
75
78
79
80
81
82
85
86
87
88
89
90
91
92
94
99
100
101
102
103
104
107
108
109
110
111
112
113
116
117
118
119
120
121
122
123
125
126
127
131
132
133
134
135
136
140
141
142
143
144
145
146
147
150
151
152
153
154
155
159
160
161
162
163
166
167
168
169
170
171
172
173
174
175
176
177
180
183
184
185
186
187
190
191
192
193
194
195
196
197
198
199
201
205
206
207
208
209
210
211
212
213
214
215
217
220
221
222
223
224
225
226
227
228
229
231