1
2
4
6
7
8
9
11
12
14
15
16
18
19
20
22
23
24
26
27
28
30
31
32
34
35
36
37
38
39
41
43
44
45
48
49
52
53
54
57
58
59
62
63
64
65
66
67
69
70
71
72
73
74
75
76
77
78
80
83
84
85
86
87
88
89
90
91
95
96
97
98
99
101
102
103
104
105
106
107
108
109
110
112
115
116
117
118
119
120
121
122
123
127
128
129
130
131
133
134
135
136
137
138
139
140
141
142
144
147
148
149
150
151
152
153
154
155
159
160
161
162
163
165
166
167
168
169
170
171
172
173
174
176
179
180
181
182
183
184
185
186
187
191
192
193
194
195
197
198
199
200
201
202
203
204
205
206
208
211
212
213
214
215
216
217
218
219
223
224
225
226
227
228
230
231
232
233
235
236
239
240
241
242
243
245
246
248
249
251
252
254
255
257
260
261
262
263
265
266
267
268
270
271
272
274
275
276
278
279
280
282
283
284
286
287
288
291
292
293
294
295
298
299
300
301
303
304
305
306
307
308
310
311
312
314
315
316
317
318
319
321
322
323
325
326
327
328
329
330
332
333
334
335
336
337
338
341
342
343
344
345
346
347
348
349
352
353
354
355
357
358
359
360
361
362
365
366
367
368
370
372
373
374
375
376
378
379
380
381
382
383
386
387
388
391
392
393
396
397
398
400
401
404
405
408
409
410
411
412
413
414
415
416
417
418
419
420
423
424
427
428
429
432
433
436
437
438
439
441
444
445
446
447
448
449
451
454
455
456
457
458
459
461
462
463
465
466
467
469
470
471
473
474
475
477
478
479
480
483
484
485
486
487
488
492
493
494
495
497
498
500
501
503
504
506
507
509
510
513
514
517
518
519
520
521
522
523
524
525
526
527
528
529
530
531
532
533
534
535
536
538
540
541
542
543
545
546
547
548
550
551
552
553
555
556
557
558
560
561
562
563
569
571
572
573
574
576
577
578
579
580
581
582
583
586
587
588
590
591
592
593
595
596
597
598
599
601
602
603
604
607
608
609
610
612
613
614
615
616
617
618
619
622
623
624
626
627
628
629
631
632
633
634
635
637
638
639
640
643
644
645
646
648
649
650
651
652
653
654
655
658
659
660
662
663
664
665
667
668
669
670
671
673
674
675
676
679
680
681
682
684
685
686
687
688
689
690
691
694
695
696
698
699
700
701
703
704
705
706
707
709
710
711
712
715
716
717
718
720
721
722
723
724
725
726
727
730
731
732
734
735
736
737
739
740
741
742
743
745
746
747
748
751
754
755
756
759
762
763
764
765
766
768
769
770
772
773
774
775
777
782
783
784
785
786
787
788
789
790
791
792
793
794
795
798
799
800
801
804