1
2
4
6
7
8
9
11
12
14
15
16
17
19
20
21
22
23
24
26
28
29
30
33
34
37
38
39
42
43
44
47
48
49
50
51
52
54
55
57
58
61
62
64
65
66
67
69
70
73
74
75
76
77
79
82
83
84
85
87
89
90
91
92
94
95
97
98
99
102
103
104
105
106
109
110
111
112
114
115
116
117
118
119
121
122
123
125
126
127
128
129
130
132
133
134
136
137
138
139
140
141
143
144
145
146
147
148
149
152
153
154
155
156
157
158
159
160
163
164
165
166
168
169
170
171
172
173
176
177
178
179
181
183
184
185
186
187
189
190
191
192
193
194
197
198
199
202
203
204
207
208
209
211
212
215
216
219
220
221
222
223
226
227
230
231
232
235
236
239
240
241
242
244
247
248
249
250
251
252
254
257
258
259
260
261
262
263
265
266
267
270
271
272
273
274
275
279
280
281
282
283
284
285
286
287
289
291
292
295
296
299
300
301
302
303
304
305
306
307
308
309
310
311
312
313
314
315
316
317
318
320
322
323
324
325
331
333
334
335
336
337
338
341
342
343
345
346
348
349
351
352
353
354
356
357
358
359
361
362
363
365
366
367
368
370
371
372
373
374
375
377
378
379
380
381
383
384
385
386
389
392
393
394
397
400
401
402
403
404
406
407
408
410
411
412
413
415
418
419
420
421
422
423
424
425
426
427
428
429
430
431
434
435
436
437
440