1
3
5
6
7
8
9
10
12
14
15
16
17
18
20
22
24
25
27
29
31
32
33
34
36
37
39
40
41
42
44
48
51
52
53
54
55
56
57
58
61
62
64
67
68
69
70
71
72
73
74
75
76
77
78
80
81
82
83
85
87
90
91
92
93
94
95
96
97
99
100
102
105
106
107
108
109
110
111
112
113
115
116
117
119
122
123
124
125
126
127
128
129
130
131
132
133
134
135
136
137
139
140
141
143
144
148
149
150
151
152
153
154
155
156
159
160
161
163
166
167
170
171
174
175
176
177
178
179
180
182
183
185
188
189
190
191
192
193
194
195
198
199
200
202
205
206
208
209
210
212
213
216
217
218
219
221
223
224
225
226
227
228
229
230
232
233
234