1
3
5
6
7
8
9
10
12
14
15
16
17
18
20
22
24
25
27
29
30
31
33
35
36
37
38
39
40
41
43
44
46
48
50
51
52
54
55
56
57
59
61
62
63
64
66
67
68
69
70
71
72
73
74
77
78
79
81
82
83
84
85
87
90
92
95
96
97
98
99
100
101
102
104
105
107
110
111
112
113
114
115
116
117
118
119
120
121
123
124
126
129
131
132
133
135
136
137
141
142
143
144
145
147
148
149
150
151
152
153
155
156
157
158
160
162
163
164
165
166
167
168
172
173
174
175
176
177
178
179
180
181
183
184
185
186
187
189
190
192
194
196
197
198
201
202
203
204
205
206
207
208
209
210
211
215
216
217
218
219
220
221
222
224
225
226
227
228
230
232
233
236
237
238
239
241
242
245
246
247
248
249
250
251
252
253
254
255
257
258
259
260
261
262
263
265
267
269
270
271
272
273
275
277
279