1
3
5
6
7
8
9
10
12
14
15
16
17
18
20
22
24
25
26
27
28
29
30
31
32
33
34
36
37
38
40
41
42
43
44
45
46
47
48
50
51
52
53
56
57
58
59
62
63
64
65
68
69
70
71
74
75
76
77
80
81
82
83
86
87
88
89
92
93
94
95
98
99
100
101
104
105
106
107
108
109
110
111
112
113
114
115
116
117
120
121
122
123
124
125
126
127
128
129
130
131
132
133
136
137
138
139
140
141
142
143
144
147
148
149
150
151
152
153
154
155
156
157
158
159
160
161
162
163
164
166
170
171
172
173
176
177
178
179
180
181
182
183
184
185
186
187
188
189
190
192
195
196
197
198
199
200
201
202
203
204
205
206
207
208
209
210
211
213
216
217
218
219
220
221
222
223
224
225
229