1
3
5
6
7
8
9
10
12
14
15
16
17
18
20
22
24
26
27
29
31
32
33
34
36
37
38
39
40
41
42
44
45
46
47
48
50
52
54
55
57
58
60
62
63
64
65
66
67
68
70
72
74
75
76
78
79
80
81
82
83
85
86
87
88
89
91
94
95
96
97
98
99
100
101
102
103
105
106
107
108
109
110
111
112
114
115
116
117
118
119
120
121
122
123
124
125
126
127
128
129
130
131
132
133
135
136
137
138
139
142
143
144
145
146
148
152
153
154
155
156
157
158
159
160
161
162
163
164
165
166
169
170
171
173
174
177
179
180
181
182
183
184
185
186
187
188
190
192
198
200
201
203
205
207
209
211
214
215
216
217
218
219
220
221
223
225
231
233
235
237
239
240
242
245
247
248
251
253
256
257
260
261
263
264
268
271
272
273
275
276
277
278
280
282
283
284
286
289
290
291
292
295
296
298
299
301
302
303
306
307
309
311
312
314
315
318
320
322
323
327
328
329
331
332
333
334
335
336
339
341
342
344
345
346
347
348
349
350
351
352
353
354
355
357
358
360
361
364
366
368
369
370
372
377
378
379
380
381
382
383
384
385
386
387
388
390
391
393
394
395
396
397
398
401
402
403
404
405
406
408
410
411
412
413
414
415
416
418
420
421
422
423
424
425
426
427
428
429
430
431
432
433
435
437
439
441
442
446
447
448
449
450
454
455
456
457
458
460
461
462
463
464
465
466
467
468
469
472
474
476
478
479
483
484
485
486
487
495
497
498
500
502
503
504
507
509
511
512
513
514
516
517
518
521
522
523
524
526
528
529
531
533
536
538
539
541
542
543
545
550
551
552
554
557
558
561
562
564