1
3
5
6
7
8
9
10
12
14
15
16
17
18
20
22
24
26
27
28
29
30
31
32
33
34
35
36
37
39
41
43
45
46
47
48
49
50
52
54
56
57
58
59
61
62
64
65
66
67
68
70
71
72
73
74
76
77
78
79
80
81
82
83
84
85
86
87
88
89
90
91
92
93
94
95
96
97
98
99
100
102
103
105
107
108
109
110
111
112
113
115
116
117
118
119
120
121
122
123
124
125
126
129
130
131
133
134
135
136
138
139
140
145
146
147
148
149
150
152
154
156
158
159
160
161
163
164
166
167
169
170
171
172
174
175
177
179
180
184
186
187
188
189
191
192
194
195
197
198
200
201
202
204
209
211
212
213
214
215
216
217
218
219
220
221
222
223
224
225
226
227
228
229
230
232
234
235
236
237
239
240
241
242
243
244
245
246
247
248
249
250
252
254
256
257
258
259
260
261
262
263
264
265
266
268
270
271
273
276
278
279
280
281
282
283
284
286
287
288
290
291
292
293
294
296
297
298
300
303
305
306
308
309
310
312
315
316
317
318
319
320
321
322
323
325
326
327
329
330
331
333
336
337
338
340
341
342
343
345
347
348
350
351
352
354
355
357
359
364
365
366
368
370
371
372
373
375
376
377
378
380
381
382
383
384
386
387
388
390
391
393
394
395
396
398
399
401
402
403
404
405
406
411
412
413
414
415
416
417
419
420
421
422
423
424
425
426
429
430
432
433
434
435
436
437