1
3
5
6
7
8
9
10
12
14
15
16
17
18
20
22
24
26
27
28
30
31
33
35
37
39
40
42
44
45
46
47
48
49
50
51
52
54
55
56
57
58
59
60
61
63
65
66
67
68
69
71
72
73
74
75
76
77
78
79
80
82
84
85
86
87
89
90
92
94
95
97
99
101
103
104
105
106
108
109
110
111
112
113
114
117
119
121
122
123
124
126
127
128
129
130
131
132
133
136
137
138
139
140
141
143
144
145
146
147
149
150
151
153
154
155
157
159
161
163
164
166
167
168
169
171
172
173
175
176
178
179
180
181
182
184
185
186
188
189
191
192
193
194
195
196
197
198
199
200
201
203
204
205
207
208
209
211
212
213
214
215
217
218
219
221
222
224
225
226
227
228
230
231
232
234
235
237
238
239
240
241
242
243
244
245
247
248
249
251
252
254
255
256
257
258
259
260
261
262
263
264
265
266
267
268
270
271
272
274
275
277
278
279
280
281
282
283
284
285
286
287
288
289
290
291
292
293
294
295
296
297
298
299
300
301
302
303
304
305
306
307
308
309
310
311
312
313
314
315
316
317
318
319
320
321
322
324
325
326
328
329
331
332
333
334
335
336
337
338
339
340
341
342
344
345
346
348
349
351
352
353
354
355
356
357
358
359
360
361
362
363
364
365
366
367
368
369
370
371
372
373
374
375
376
378
379
380
382
383
385
386
387
388
389
390
391
392
394
395
396
398
399
401
402
403
405
406
407
408
409
410
411
412
413
414
415
416
417
418
419
420
421
422
423
424
425
426
427
428
429
430
431
432
433
434
435
436
437
438
439
440
441
443
444
445
447
448
450
451
453
454
455
456
457
458
459
460
462
463
464
466
467
468
470
471
473
474
475
476
477
478
479
480
482
483
484
486
487
488
489
490
491
492
493
494
495
496
498
499
500
501
502
504
505
506
508
509
511
512
514
515
516
518
519
520
522
523
525
526
528
529
530
531
532
534
535
536
537
538
539
540
541
542
543
544
545
546
547
548
549
550
551
552
553
554
555
556
557
558
559
560
561
562
563
564
565
566
567
568
569
570
571
572
573
574
575
576
577
578
579
580
581
582
583
584
585
586
587
588
589
590
591
592
593
594
595
596
597
598
599
600
601
602
604
605
606
608
609
611
612
613
614
615
616
617
618
620
621
622
624
625
627
628
629
630
631
632
633
634
636
637
638
640
641
643
644
645
646
647
648
649
650
652
653
654
656
658
659
661
662
664
665
666
667
668
669
670
671
672
673
674
675
676
677
678
679
680
681
682
683
684
685
686
687
688
689
690
691
692
693
694
695
696
697
698
699
700
701
702
703
704
705
706
707
708
709
710
711
712
713
714
716
717
718
720
723
724
725
726
727
728
729
731
732
733
734
735
736
737
738
740
741
742
743
744
746
747
748
749
750
751
752
754
755
756
757
758
759
760
763
764
765
766
767
768
769
771
772
773
774
775
776
777
778
779
780
781
782
783
784
786
787
788
789
790
791
792
793
794
795
796
797
798
799
800
801
802
803
804
805
806
807
808
809
810
811
812
813
814
815
816
817
818
819
820
821
822
823
824
825
826
827
828
829
830
831
832
833
834
835
837
838
839
841
842
843
844
845
846
847
848
849
850
851
852
853
854
855
856
857
858
859
860
861
862
863
864
865
866
867
868
870
871
872
873
874
875
876
877
878
879
880
881
883
884
885
886
887
888
889
890
891
892
893
895
896
897
898
899
900
901
902
903
904
905
906
907
909
910
911
912
913
914
915
916
917
919
920
921
923