2
4
6
7
8
9
10
11
13
15
16
17
18
19
21
23
25
26
27
28
30
32
33
34
35
36
37
38
40
42
43
45
47
48
49
51
52
55
56
57
58
60
62
63
65
66
67
69
71
74
75
78
79
80
82
84
86
89
92
94
96
99
101
104
105
106
107
108
111
112
113
114
115
116
117
118
119
120
124
125
127
129
130
131
132
133
135
138
139
140
141
142
143
144
146
147
148
149
151
153
155
158
159
160
163
164
165
167
169
170
172
173
174
175
177
179
180
181
182
183
184
185
186
187
188
189
190
191
192
193
194
197
199
200
201
204
205
206
210
212
213
214
215
218
220
222
223
225
226
227
228
232
233
236
237
240
241
244
245
246
248
249
250
251
252
253
254
255
256
257
259
260
261
262
264
265
266
267
270
271
273
275
277
278
279
280
282
283
285
286
290
291
292
293
296
297
298
299
301
304
306
307
311
313
314
315
317
319
320
323
324
325
326
328
329
330
333
334
338
339
340
342
343
344
346
347
348
350
351
352
353
355
357
360
361
362
363
364
365
366
368
369
370
371
372
373
375
376
377
379
380
381
383
386
387
390
391
392
393
394
395
396
397
398
399
404
405
406
408
411
414
415
416
417
418
419
422
424
425
426
427
428
430
432
433
434
435
436
437
438
441
444
445
449
450
451
452
453
456
457
458
459
460
461
462
463
464
466
467
468
469
471
472
473
474
475
476
478
479
481
482
483
484
485
486
487
488
489
490
491
492
493
494
496
497
498
499
500
501
502
503
504
505
507
508
509
510
511
512
513
516
517
518
519
520
521
522
523
524
525
526
527
529
530
531
532
533
534
535
536
537