1
3
5
6
7
8
9
10
12
14
15
16
17
18
20
22
24
25
27
29
30
31
32
34
35
36
37
39
40
42
44
46
48
49
50
51
52
53
54
55
56
57
58
59
60
61
63
64
65
67
69
72
73
75
77
78
80
81
83
84
86
89
90
93
94
95
97
98
99
101
104
105
106
107
109
111
113
114
115
116
117
118
119
120
121
122
124
125
126
130
131
132
134
136
137
139
141
142
144
146
147
148
150
151
152
153
155
156
158
161
163
164
165
166
168
171
172
173
174
176
178
179
183
186
187
188
189
190
191
193
194
195
196
198
199
201
203
204
207
208
209
211
212
213
215
217
218
220
222
223
225
226
228
230
231
233
234
236
238
239
241
243
246
249
252
253
255
257
258
259
260
261
262
263
264
267
268
270
272
274
275
278
279
280
281
282
283
285
286
288
289
290
291
292
293
294
295
297
299
300
301
303
306
308
309
310
312
314
315
317
318
320
321
324
325
326
327
328
330
331
332
333
335
338
339
341
342
344
347
348
349
350
354
355
356
359
360
361
362
365
367
368
369
370
373
374
376
377
379
380
383
386
388
389
390
392
394
397
398
399
400
401
402
403
404
408
409
410
411
413
415
417
418
419
421
423
425
426
428
429
431
432
436
437
438
439
441
443
444
445
447
448
449
454
455
458
459
460
462
463
465
466
467
473
474
476
477
478
481
484
485
486
487
488
490
491
493
494
496
497
500
501
502
504
506
507
508
510
511
513
514
515
520
521
522
524
525
526
527
528
529
530
531
532
533
535
536
538
539
541
543
545
546
547
551
552
553
554
555
557
559
560
561
563
565
568
571
572
573
574
576
577
579
582
583
584
586
588
589
591
592
594
595
598
599
600
601
602
603
605
607
609
610
611
612
613
614
615
616
617
618
620
621
623
624
627
628
629
630
631
632
633
634
635
636
637
639
640
644
645
646
647
648
649
650
651
652
653
654
655
656
657
658
660
661
664
665
666
667
668
669
670
671
672
673
674
675
676
677
679
680