1
3
5
6
7
8
9
10
12
14
15
16
17
18
20
22
24
26
28
29
30
31
32
33
35
36
37
38
40
41
42
43
45
46
47
48
49
50
51
53
55
57
59
61
63
64
66
68
71
72
73
74
75
77
78
79
81
82
83
84
85
87
88
91
92
93
94
96
97
98
100
103
104
105
107
108
109
111
114
115
116
117
119
120
121
123
126
127
128
130
131
132
134
137
138
139
141
142
143
144
145
146
147
148
149
150
151
152
153
154
155
157
160
161
163
165
166
167
168
169
170
171
172
173
174
175
177
178
179
180
181
183
186
187
188
189
190
191
192
193
194
195
196
197
198
199
200
201
202
203
204
205
206
207
208
209
210
212
213
214
216
218
219
220
221
223
225
226
227
230
231
232
234
236
237
238
239
240
242
244
246
247
248
251
253
254
256
257
260
263
264
265
267
269
270
272
273
275
278
279
281
282
283
285
286
289
293
294
295
297