1
3
5
6
7
8
9
10
12
14
15
16
17
18
20
22
24
26
28
29
30
31
33
34
36
37
39
40
42
43
44
45
47
48
49
50
52
54
55
56
58
59
61
63
64
65
68
69
70
72
73
75
77
78
81
82
84
85
89
90
91
93
94
95
96
98
99
100
102
105
107
108
110
112
113
116
119
120
121
122
124
127
128
129
131
132
133
134
136
137
138
139
140
142
144
145
146
148
149
150
151
153
155
157
159
161
167
169
171
173
175
182
184
185
188
189
192
193
194
195
197
198
199
200
201
203
207
208
209
210
211
213
215
217
218
220
222
223
224
226
227
229
231
232
234
239
241
243
245
246