1
3
5
6
7
8
9
10
12
14
15
16
17
18
20
22
24
26
28
30
31
32
33
35
36
38
39
41
42
43
44
47
48
50
51
52
53
55
57
58
61
62
64
65
66
67
68
70
72
73
74
77
78
79
81
82
83
84
85
87
89
93
94
96
97
98
99
101
102
103
106
107
109
110
111
112
113
114
116
119
120
122
123
124
125
126
127
128
129
131
134
135
136
137
138
139
140
141
142
143
144
146
147
151
152
154
155
156
157
158
159
161
163
164
165
168
169
170
171
172
174
175
176
177
178
179
181
183
186
187
188
189
191
193
194
199
200
202
204
205
206
207
209
211
215
216
217
218
219
220
221
222
224
226
228
230
234
235
236
237
238
239
240
241
243
245
247
248
250
251
253
255
257
259
260
262
264
268
269
270
271
272
273
274
275
276
277
279
282
283
284
285
286
287
288
289
290
291
293
295
297
299
300
303
304
306
308
310
312
313
317
318
319
320
321
322
323
324
325
327
330
331
332
333
334
335
336
337
338
340
342
345
347
348
351
353
355
357
358
361
362
363
364
365
366
367
368
370
372
373
375
377
379
381
382
385
387
389
390
392
394
396
399
401
402
403
404
405
406
407
408
409
410
412
413
415
416
417
419
421
425