1
3
5
6
7
8
9
10
12
14
15
16
17
18
20
22
24
26
27
28
29
30
31
33
35
36
37
38
39
40
41
42
43
45
46
47
48
49
50
51
53
56
57
61
62
65
66
67
70
71
72
75
76
77
80
81
82
85
86
89
90
93
94
97
98
99
102
103
106
107
108
111
112
115
116
119
120
123
124
127
128
131
132
135
136
139
140
143
144
147
148
151
152
155
156
159
160
161
162
163
164
165
166
167
168
169
170
171
172
175
176
177
178
179
180
181
182
183
184
185
186
187
188
189
190
191
192
193
197
198
199
200
201
202
203
204
205
206
207
208
209
210
211
212
213
214
217
218
219
220
221
222
223
224
225
226
227
228
229
230
231
232
233
234