1
3
5
6
7
8
9
10
12
14
15
16
17
18
20
22
24
26
27
28
30
32
33
35
37
38
40
41
42
44
46
48
50
52
53
55
57
59
60
61
63
64
65
66
67
68
69
70
71
72
73
74
75
76
77
78
79
80
81
82
83
87
88
89
90
91
92
93
94
95
96
98
99
102
103
104
105
106
108
109
113
114
115
116
117
118
119
120
121
122
123
124
126
127
130
131
132
133
134
135
136
138
141
142
143
144
145
146
148
149
152
153
154
155
156
157
158
159
160
161
162
163
164
165
166
167
169
172
173
174
175
176
177
178
179
180
181
182
183
184
185
186
187
188
189
191
192
195
196
197
198
199
200
201
202
203
204
205
206
207
208
209
210
211
212
213
214
216
217
220
221
222
223
224
225
226
228
229
232
233
234
235
236
237
238
240
243
244
245
246
247
248
250
253
254
255
256
257
258
260
261
264
265
266
267
268
269
270
271
272
273
274
276
277
280
281
282
283
284
285
287
288
289
290
291
292
294
295
298
299
300
301
302
303
304
305
307
308
311
312
313
314
315
316
317
319
320
323
324
325
326
327
329
330
333
334
335
337
338
339
340
341
342
343
344
345
346
347
348
349
350
351
353
354
355
357
360
361
362
364
365
366
367
368
369
370
371
372
373
374
375
376
377
378
379
381
382
384
385
386
388