1
3
5
6
7
8
9
10
12
14
15
16
17
18
20
22
24
25
27
28
29
30
31
32
33
34
35
36
37
39
40
41
42
43
44
46
47
48
49
50
51
52
53
54
55
56
58
59
60
61
62
63
64
65
66
67
68
69
70
71
72
73
74
75
76
77
78
79
80
81
82
83
84
85
86
87
88
89
90
91
94
95
96
98
99
100
103
104
105
106
107
108
109
110
111
112
113
114
115
116
117
118
119
120
121
122
123
124
125
126
127
128
129
130
131
134
135
136
137
138
139
143
144
145
146
147
148
149
150
151
152
154
156
159
161
164
166
168
170
175
176
177
179
181
183
184
185
189
193
194
195
196
197
198
199
200
201
203
205
208
209
210
211
213
215
219
220
223
224
225
226
227
228
229
230
232
235
236
237
238
239
240
241
242
243
244
245
247
248
249
250
252
255
257
259
261
264
265
268
269
270
271
272
273
274
275
276
277
279
280
283
284
285
286
287
288
290
294
295
296
297
298
299
301