1
3
5
6
7
8
9
10
12
14
15
16
17
18
20
22
24
25
26
27
28
29
30
31
32
33
35
36
38
40
41
43
45
47
49
51
54
55
56
57
58
59
61
65
66
67
68
69
70
71
72
73
74
75
76
77
78
79
80
81
83
85
86
87
88
89
90
91
92
93
94
95
96
97
98
99
100
101
103
104
105
106
107
108
109
110
112
113
114
115
116
117
119
121
122
123
124
125
127
128
129
130
131
133
134
135
139
141
145
147
149
150
151
152
153
155
157
158
159
160
161
162
164
165
166
167
168
169
171
172
173
175
176
177
180
183
186
189
190
191
192
193
194
195
196
198
199
201
202
204
205
206
207
210
211
212
213
214
215
216
217
218
219
221
223
225
226
229
230
231
232
233
234
235
237
240
242
243
244
246
247
248
249
251
252
255
257
258
259
261
262
263
265
266
267
269
270
271
274
278
279
281
282
284
285
287
288
289
290
291
293
294
295
296
297
299
300
301
304
305
306
307
308
309
310
313
314
316
317
319
320
321
322
323
324
325
326
328
329
330
331
332
333
334
335
336
337
338
340
342
343
344
346
347
348
349
351
352
353
357
358
359
360
361
363
364
365
368
369
371
372
374
375
376
377
378
379
381
382
384
385
386
388
389
390
391
392
393
394
397
398
399