1
3
5
6
7
8
9
10
12
14
15
16
17
18
20
22
24
25
26
27
28
29
30
32
34
35
36
38
39
41
43
45
46
47
48
49
50
51
52
53
54
55
56
58
59
60
61
62
63
64
65
66
67
68
69
70
73
74
75
76
77
78
79
81
83
86
87
88
90
91
93
94
95
96
99
100
101
103
104
106
108
109
110
111
112
114
116
117
118
122
123
124
125
126
128
129
130
131
132
133
134
137
138
139
141
142
143
145
146
147
148
152
154
155
158
159
160
161
162
164
167
168
169
170
171
173
176
177
178
179
180
182
185
186
187
188
189
190
192
195
196
197
198
199
200
202
205
206
207
208
209
210
212
215
216
217
219
220
222
226
227
228
229
230
231
232
233
234
236
239
240
241
242
243
244
245
247
248
249
252
253
254
255
256
257
258
259
260
261
262
263
265
266
267
268
271
274
276
279
280
281
282
284
287
288
290