1
3
5
6
7
8
9
10
12
14
15
16
17
18
20
22
24
25
27
28
29
30
33
34
35
36
37
39
41
42
45
46
47
48
49
50
51
52
53
54
55
56
57
58
59
60
62
63
64
66
68
69
71
72
73
74
76
77
79
80
82
84
86
87
88
90
92
93
95
97
99
100
103
105
106
107
109
110
112
114
115
119
120
123
125
126
128
129
131
132
133
134
135
136
137
138
139
140
142
144
145
146
148
149
151
152
154
156
157
158
162
163
165
167
168
169
171
172
174
175
177
178
180
181
184
186
187
188
189
190
191
192
194
195
197
198
200
201
202
203
204
205
207
208
209
210
211
212
213
215
218
219
220
221
223
225
226
227
229
232
233
234
235
236
238