1
3
5
6
7
8
9
10
12
14
15
16
17
18
20
22
24
25
27
28
29
31
32
33
34
35
37
39
40
42
43
45
46
48
49
50
52
54
55
56
57
58
60
61
62
63
66
67
68
69
70
72
74
75
76
77
78
81
82
83
85
87
88
90
91
93
95
97
98
99
100
102
103
104
105
106
107
108
109
110
111
116
117
118
119
121
122
123
124
126
127
130
131
132
133
135
138
139
140
141
142
143
144
145
149
150
152
153
155
156
157
158
159
160
161
166
167
168
169
170
171
172
174
175
177
178
179
180
182
183
186
187
188
189
190
191
192
197
198
199
200
202
203
204
205
206
207
208
211
213
214
216
217
218
221
222
225
226
229
231
233
235
237
238
239
240
241
242
243
245
251
253
254
255
256
258
259
260
261
262
264
265
266
268
269
270
271
273
276
278
279
280
281
282
283
284
288
291
292
293
294
297
298
299
300
301
304
306
307
308
309
311
312
315
316
317
318
321
322
323
324
326
327
328
329
331
332
336
337
338
339
340
341
342
343
344
345
346
347
349
351
352
353
354
355
356
357
360
365
366
367
368
370
372
374
375
378
379
382
383