1
3
5
6
7
8
9
10
12
14
15
16
17
18
20
22
24
26
28
29
31
32
33
35
36
38
40
42
44
45
46
47
48
49
50
51
52
53
54
55
56
58
59
61
62
63
64
66
67
68
69
71
72
73
74
75
76
79
80
82
83
84
87
88
89
90
92
93
94
95
96
97
100
101
103
104
105
106
109
110
111
113
114
115
116
117
118
120
121
122
123
125
128
129
130
131
132
133
134
136
137
138
140
142
143
145
147
149
151
152
154
158
160
162
164
167
168
169
170
171
172
174
175
177
178
179
180
181
182
184
186
187
188
190
193
194
195
196
197
198
199
200
201
203
204
207
208
209
211
212
213
214
215
216
217
218
219
220
221
222
225
226
227
228
229
230
231
232
233
234
235
236