1
3
5
6
7
8
9
10
12
14
15
16
17
18
20
22
24
25
26
27
28
29
31
32
33
34
35
36
37
39
40
41
42
43
45
47
49
50
52
53
57
58
59
60
62
65
66
67
69
70
71
72
73
74
75
76
77
78
79
80
81
82
83
85
86
88
90
92
94
95
97
98
101
104
105
106
107
108
109
110
111
112
113
114
115
116
117
118
119
120
121
122
123
124
125
126
127
128
129
130
131
132
133
134
136
138
139
140
141
145
146
148
151
152
154
155
157
158
160
161
164
165
167
169
170
172
176
177
179
181
182
184
187
188
189
190
191
192
193
194
195
197
198
200
201
202
204
206
207