1
3
5
6
7
8
9
10
12
14
15
16
17
18
20
22
24
25
26
28
30
32
33
35
38
39
40
41
42
43
44
45
46
48
49
51
52
54
55
57
58
62
65
66
67
68
69
70
71
72
73
74
75
77
79
80
82
84
85
86
89
90
91
92
93
95
99
100
101
102
103
104
105
106
108
110
111
113
114
116
117
119
120
124
127
128
129
130
131
132
133
134
135
137
138
140
141
143
144
146
148
150
151
155
158
159
160
161
162
163
164
165
166
167
169
171
172
174
176
177
178
181
182
183
184
185
187
190
191
192
193
194
195
196
197
198
199
200
201
203
205
206
207
208
210
211
216
217
218
219
220
221
222
223
224
225
226
228
230
231
233
234