1
3
5
6
7
8
9
10
12
14
15
16
17
18
20
22
24
25
27
28
29
30
31
32
33
34
35
36
38
40
41
42
43
45
47
48
49
50
52
53
54
55
57
58
59
60
61
62
64
66
67
68
70
71
72
73
74
75
76
78
79
80
81
82
85
86
87
89
90
91
92
93
94
96
97
98
99
102
103
104
105
106
108
110
112
114
116
118
121
122
124
125
126
129
130
133
134
135
136
137
139
141
142
144
146
150
151
152
154
155
156
157
158
159
161
163
164
165
166
168
169
170
171
172
175
176
178
179
180
181
182
184
185
186
187
189
190
192
193
194
195
198
199
200
202
203
206
207
208
209
210
211
212
214
216
217
218
219
220
223
225
226
227
229
231
232
234
236
237
238
241
242
243
245