1
3
5
6
7
8
9
10
12
14
15
16
17
18
20
22
24
25
26
27
28
29
31
32
34
36
38
39
41
42
43
45
46
47
48
49
50
51
52
53
54
55
56
57
58
59
60
62
63
64
65
66
67
68
70
72
75
76
77
79
80
82
84
85
86
87
88
90
92
93
94
98
99
100
101
102
104
105
106
107
108
109
110
113
114
115
117
118
120
121
122
123
126
127
128
130
134
136
137
140
141
142
143
144
146
149
150
151
152
153
155
158
159
160
161
162
164
167
168
169
171
172
174
177
178
179
180
181
182
183
184
185
187
190
191
192
193
194
195
196
198
201
202
203
204
206
209
210
211
212
213
214
216
219
220
221
222
223
224
226
229
230
231
232
233
234
236
238
240
243
244
246
249
250
251
252
254