1
3
5
6
7
8
9
10
12
14
15
16
17
18
20
22
24
25
27
28
29
30
32
33
34
35
36
38
39
41
42
44
45
47
48
49
50
51
52
53
54
55
56
59
60
61
62
63
64
65
66
67
68
69
70
72
75
76
77
78
79
80
81
82
83
84
85
86
88
91
92
94
96
98
99
100
101
103
104
105
106
110
111
113
114
116
117
118
120
122
123
124
126
127
129
130
131
135
136
137
138
141
142
143
144
145
147
148
149
150
151
152
153
154
155
156
157
158
160
162
163
165
166
168
170
171
174
175
176
178
179
181
182
184
186
188
189
191
192
194
197
198
199
200
201
202
204
205
207
208
210
211