1
3
5
6
7
8
9
10
12
14
15
16
17
18
20
22
24
25
26
27
29
30
32
34
35
36
38
39
40
41
42
43
44
47
48
51
52
53
55
56
57
58
59
60
63
64
67
68
69
71
72
73
74
75
76
79
80
83
84
86
87
88
89
92
93
94
95
96
97
98
99
100
103
104
106
109
110
111
112
113
114
115
116
117
118
121
122
123
124
125
126
129
130
131
134
135
136
137
138
139
140
143
146
147
148
149
150
151
152
153
154
155
156
157
158
159
160
161
162
163
164
165
166
167
168
169
170
171
172
173
174
175
176
177
178
179
180
181
184
185
186
187
189
190
191
192
193
195
199
200
201
202
203
204
205
206
212
213
214
215
216
217
218
219
225
226
227
229
232
233
234
235
236
240
241
244
245
248
249
250
251
252
253
254
255
259
260
261
262
263
264
265
269
270
271
272
273
276
277
278
279
280
281
282
283
284
285
286
287
288
289
290
291
292
293
294
295
296
297
298
299
300
301
302
303
304
305
306
307
308
309
310
311
312
313
314
315
316
317
318
319
320
321
322
326
327
330
331