1
3
5
6
7
8
9
10
12
14
15
16
17
18
20
22
24
26
28
29
31
32
33
35
37
38
40
41
43
44
45
46
48
50
51
53
55
57
59
60
61
62
63
64
65
66
67
68
70
71
72
73
74
75
76
77
78
79
80
81
82
83
84
86
87
88
89
90
91
92
94
95
97
98
99
100
102
103
105
106
108
109
110
111
112
113
114
115
116
117
118
119
120
121
122
123
124
125
126
128
129
130
131
132
133
134
135
136
137
139
140
141
143
144
145
146
148
149
151
153
154
156
157
158
160
161
164
165
166
168
169
171
172
173
174
175
177
178
179
180
181
183
185
187
188
189
191
193
194
195
196
198
200
201
203
205
206
207
212
216
217
218
220
221
222
223
224
225
227
228
230
231
232
233
235
239
241
242
243
244
246
247
248
249
250
251
252
254
257
259
260
262
264
266
268
270
272
274
275
276
277
280
281
282
283
284
285
287
290
292
293
294
295
296
297
298
299
300
301
304
305
306
309
310
311
312
313
314
315
317
319
323
325
327
328
331
332
333
334
335
336
337
338
339
340
341
342
343
344
346
347
348
349
350
352
353
354
357
358
359
360
361
362
363
365
366
368
370
371
374
376
378
380
381
382
383
384
385
386
387
388
389
391
392
394
395
397
399
401
402
406
407
408
409
410
411
413
415
417
418
419
420
425
426
428
429
430
431
433
435
436
437
438
439
440
441
442
443
445
447
448
450
452
453
454
459
461
462
463
465
467
468
469
470
471
474
476
477
478
481
483
486
487
489
490
491
492
494
497
499
500
503
504
505
506
507
508
509
511
512
514
515
516
517
518
520
522
523
524
525
526
527
528
530
531
534
535
536
537
538
539
541
543
544
547
550
551
552
553
554
555
556
557
558
560
562
564
566
568
572
573
574
575
576
577
578
579
580
581
582
583
584
587
588
589
590
591
592
593
594
595
597
598
601
602
603
604
605
606
607
608
609
610
611
612
614
615
619
620
622
623
625
628
629
630
631
632
633
634
635
636
637
638
639
640
641
643
646
647
648
649
650
651
652
653
655