1
3
5
6
7
8
9
10
12
14
15
16
17
18
20
22
24
25
26
27
28
29
30
32
33
34
35
36
38
39
41
42
43
44
45
46
48
50
52
53
54
55
56
58
59
60
63
64
65
66
67
68
69
70
71
72
75
76
77
78
79
80
81
82
83
84
86
89
90
91
92
93
95
96
97
98
99
100
101
102
103
104
105
107
108
109
110
111
113
115
117
122
123
124
125
126
127
128
129
130
131
132
133
134
136
137
138
140
141
142
143
146
147
148
149
150
151
152
153
154
155
156
159
160
161
162
163
164
165
166
167
168
169
174
175
176
177
178
179
180
182
183
184
185
186
187
188
189
190
191
192
195
196
197
198
199
200
201
202
203
204
205
209
210
211
212
213
215
216
217
218
219
220
221
222
223
224
225
226
227
228
229
231
234
235
236
237
238
239
240
241
242
243
244
245
246
247
249
252
253
254
255
256
257
258
259
260
261
262
263
264
265
266
268
271
272
273
274
275
276
277
278
279
280
281
282
283
285
288
289
290
291
292
293
294
295
296
297
298
299
300
302
305
306
307
308
309
310
311
312
313
314
315
316
317
319
322
323
324
325
326
327
328
329
330
331
332
333
334
336
339
340
341
342
343
344
345
346
347
348
349
351
353
354
355
356
357
358
359
360
361
362
363
364
366
369
370
371
372
373
374
375
376
377
378
379
380
382
385
386
387
388
389
390
391
392
393
394
395
396
398
401
402
403
404
405
406
407
408
409
410
411
412
414
417
418
419
420
421
422
423
424
425
426
427
428
430
433
434
435
436
437
438
439
440
441
442
443
444
446
449
450
451
452
453
454
455
456
457
458
459
460
462
465
466
467
468
469
470
471
472
473
474
475
476
478
481
482
483
484
485
486
487
488
489
490
491
492
494
497
498
499
500
501
502
503
504
505
506
507
508
510
513
514
515
516
517
518
519
520
521
522
523
524
526
529
530
531
532
533
534
535
536
537
538
539
540
542
545
546
547
548
549
550
551
552
553
554
555
556
558
561
562
563
564
565
566
567
568
569
570
571
572
574
577
578
579
580
581
582
583
584
585
586
587
588
590
593
594
595
596
597
598
599
600
601
602
603
604
606
609
610
611
612
613
614
615
616
617
618
619
620
622
625
626
627
628
629
630
631
632
633
634
635
636
637
638
640
643
644
645
646
647
648
649
650
651
652
653
654
656
659
660
661
662
663
664
665
666
667
668
669
670
671
672
674
677
678
679
680
681
682
683
684
685
686
687
688
690
693
694
695
696
697
698
699
700
701
702
703
704
706
709
710
711
712
713
714
715
716
717
718
719
720
721
723
726
727
728
729
730
731
732
733
734
735
736
738
741
742
743
744
745
746
747
748
749
750
751
752
753
755
758
759
760
761
762
763
764
765
766
767
768
769
771
774
775
776
777
778
779
780
781
782
783
784
786
789
790
791
792
793
794
795
796
797
798
799
800
801
803
806
807
808
809
810
811
812
813
814
815
816
817
818
820
823
824
825
826
827
828
829
830
831
832
833
834
836
839
840
841
842
843
844
845
846
847
848
849
850
851
853
856
857
858
859
860
861
862
863
864
865
866
868
871
872
873
874
875
876
877
878
879
880
881
882
883
885
888
889
890
891
892
893
894
895
896
897
898
899
900
902
905
906
907
908
909
910
911
912
913
914
915
916
917
919
922
923
924
925
926
927
928
929
930
931
932
933
934
936
939
940
941
942
943
944
945
946
947
948
949
950
951
952
953
954
955
956
958
961
962
963
964
965
966
967
968
969
970
971
973
976
977
978
979
980
981
982
983
984
985
986
987
988
990
991
992
994
995
997
998
1001
1002
1003
1004
1005
1006
1007
1008
1009
1010
1011
1012
1013
1014
1016
1019
1020
1021
1022
1023
1024
1025
1026
1027
1028
1029
1030
1031
1033
1036
1037
1038
1039
1040
1041
1042
1043
1044
1045
1046
1047
1048
1049
1050
1051
1052
1053
1055
1056
1059
1060
1061
1062
1063
1065
1066
1067
1068
1070
1071
1072
1073
1074
1076
1077
1078
1080
1081
1082
1084
1087
1088
1089
1090
1091
1093
1094
1095
1096
1097
1098
1099
1100
1101
1102
1103
1104
1105
1106
1107
1108
1109
1110
1111
1112
1113
1115
1116
1117
1118
1119
1120
1121
1122
1123
1124
1125
1126
1127
1128
1129
1130
1132
1133
1135
1136
1137
1138
1139
1140
1142
1143
1144
1145
1146
1149
1150
1152
1153
1154
1155
1156
1157
1158
1159
1160
1161
1162
1164
1165
1166
1169
1170
1171
1173
1174
1175
1178
1180
1181
1182
1183
1184
1185
1186
1187
1188
1189
1190
1191
1192
1193
1194
1195
1196
1197
1198
1199
1202
1203
1204
1205
1206
1207
1208
1209
1211
1212
1214
1215
1216
1217
1218
1219
1221
1222
1223
1224
1225
1226
1229