1
3
5
6
7
8
9
10
12
14
15
16
17
18
20
22
24
25
26
28
30
31
32
34
35
36
38
40
41
42
43
45
46
47
48
49
50
51
52
53
54
55
56
57
58
59
60
61
62
63
64
67
68
71
72
73
74
75
76
77
78
79
80
81
82
83
84
85
86
87
88
89
90
91
94
95
100
101
104
105
108
110
112
113
114
115
116
118
120
122
123
124
126
127
128
129
133
135
136
137
138
140
141
142
143
144
145
146
147
148
149
150
151
152
153
157
158
159
161
162
163
164
165
166
167
168
169
170
171
172
173
174
178
179
180
181
182
183
184
185
186
187
188
189
190
191
192
193
195
196
198
199
201
202
203
204
205
207
208
209
212
213
214
215
216
217
218
219
220
221
223
224
225
226
227
231
232
235
236
237
238
239
240
241
244
245
246
247
250
251
252
254
255
256
257
259
260
261
262
263
264
266
267
269
270
271
272
273
276
277
279
280
281
282
283
284
285
286
287
289
290
291
293
294
295
296
297
298
299
300
301
302
303
304
307
308
309
310
311
312
313
315
316
317
318
319
320
321
322
324
325
326
327
330
331
333
334
335
339
343
344
345
346
349
350
351
352
353
354
355
356
360
361
362
363
364
365
366
367
371
372
373
374
376
377
378
380
381
382
384
387
388
389
390
394
395
396
397
401
402
403
404
405