1
3
5
6
7
8
9
10
12
14
15
16
17
18
20
22
24
25
26
28
29
31
33
34
36
37
39
40
42
43
45
46
48
49
50
51
52
53
54
55
56
57
58
59
60
62
63
65
67
68
69
70
71
72
74
76
77
80
85
86
87
88
89
90
91
92
93
94
96
98
99
100
101
103
107
108
109
110
112
113
116
117
118
119
121
122
125
126
127
128
129
130
131
132
134
135
136
139
140
141
142
143
144
145
146
148
149
151
152
156
157
158
159
160
161
163
165
166
167
168
172
173
174
175
176
177
178
179
181
182
185
186
187
188
191
192
193
194
198
199
200
201
202
203
204
205
207
208
211
212
213
216
217
218
219
223
224
225
226
227
228
230
232
233
234
235
236
240
241
242
243
244
246
248
249
250
251
255
256
257
258
260
262
263
264
265
269
270
271
272
274
276
277
278
279
282
283
284
285
286
287
288
290
292
293
294
295
296
297
298
301
302
303
306