1
3
5
6
7
8
9
10
12
14
15
16
17
18
20
22
24
25
27
28
29
30
32
33
35
36
37
39
41
43
45
46
48
49
50
51
53
54
55
56
57
59
60
62
63
64
65
66
67
68
69
70
71
72
73
74
75
76
77
78
79
80
81
83
84
85
86
87
89
91
96
97
98
99
100
101
103
106
107
108
109
110
111
113
114
117
118
119
120
121
122
123
124
125
126
127
128
129
130
131
132
133
134
135
136
137
138
139
140
141
143
144
145
146
147
148
150
152
153
154
155
156
158
159
162
164
166
169
170
171
172
173
175
176
177
179
181
184
185
189
190
193
194
195
196
197
198
199
200
201
202
203
204
206
207
208
210
212
213
214
217
218
221
222
223
224
225
226
227
228
229
230
232
234
236
238
239
242
246
247
248
249
251
254
255
259
260
262
265
266
268
271
272
274
277
278
280
283
284
286
289
290
292
295
297
300
301
303
306
307
309
312
313
315
318
319
321
324
325
327
330
331
333
336
337
338
339
340
341
342
344
346
349
350
351
352
354
357
359
361
363
364
365
367
370
371
372
373
374
376
377
378
379
380
381
382
384
387
388
389
390
391
393
396
397
399