1
3
5
6
7
8
9
10
12
14
15
16
17
18
20
22
25
27
28
30
31
33
34
36
39
40
41
42
43
44
45
46
47
48
49
50
52
53
54
55
56
57
58
60
62
64
65
66
67
70
71
72
74
77
79
80
81
82
83
84
85
86
87
88
89
90
91
92
93
94
95
96
97
98
100
102
103
104
105
107
108
109
110
111
112
113
115
116
117
118
119
120
121
122
124
125
126
127
128
132
133
134
135
137
138
139
140
142
143
144
145
147
148
149
150
151
153
154
155
156
158
159
160
161
162
163
165
166
167
168
170
171
172
173
174
175
177
178
179
180
182
183
184
185
187
188
189
191
192
193
195
196
197
200
201
202
203
204
205
206
207
208
209
210
212
213
214
215
216
217
218
219
220
221
222
223
224
226
227
228
229
230
231
232
233
234
235
236
237
238
239
240
241
242
243
244
247
248
249
250
253
254
255
256
257
258
259
260
261
262
263
264
265
266
267
269
273
274
275
276
278
279
280
281
282
283
284
285
286
287
288
289
290
291
292
294
295
297
300
301
302
303
305
308
309
310
311
313
314
315
316
317
318
319
320
321
322
323
324
325
326
327
328
329
331
332
335
336
337
338
339
340
341
342
343
344
346
350
351
352
353
354
355
356
358
360
361
362
363
364
365
366
367
368
369
370
371
372
373
374
375
376
377
378
379
380
381
382
383
384
386
387
389
391
392
393
394
395
396
397
398
400
402
404
406
407
408
411
412
413
415
416
418
419
420
422
424
427
428
430
431
433
435
439
441
442
444
446
450
451
453
454
455
457
459
460
462
464
465
468
469
470
472
473
475
476
477
478
479
481
482
483
484
486
487
488
490
491
494
496
497
500
503
504
505
506
508
509
510
511
513
514
515
517
518
519
520
521
522
523
525
527
530
531
532
533
534
535
536
537
538
539
540
541
542
543
544
545
546
547
548
549
550
552
556
557
558
559
560
561
562
564
567
568
569
570
572
573
574
575
576
577
578
579
580
581
582
583
587
588
589
590
591
594
595
596
597
598
599
600
602
605
606
607
608
610
611
612
614
617
618
620
621
623
626
627
628
629
631
632
634
635
636
637
638
639
640
642
643
645
648
649
651
652
654
655
656
657
658
659
660
662
663
665
669
670
671
672
674
676
677
678
680
682
683
684
685
686
687
689
692
693
694
695
697
699
701
702
703
704
705
707
709