1
3
5
6
7
8
9
10
12
14
15
16
17
18
20
22
24
26
28
30
31
32
34
35
36
37
39
40
41
42
45
47
49
52
53
55
57
58
59
60
61
63
64
65
66
68
69
70
71
72
73
74
75
77
78
79
83
84
85
87
88
89
93
94
95
96
97
98
99
101
102
104
107
109
113
114
115
116
117
119
120
122
125
126
128
131
132
134
137
138
140
143
144
146
149
150
152
153
156
158
161
162
164
165
167
170
171
172
173
175
178
179
180
181
182
183
184
185
186
187
188
189
190
191
192
193
194
195
197
198
200
201
202
203
204
205
206
207
209
212
213
214
215
216
217
218
219
220
221
222
223
224
225
226
227
228
229
230
231
233
235
236
238
239
242
243
244
245