1
3
5
6
7
8
9
10
12
14
15
16
17
18
20
22
24
26
28
30
31
32
33
35
37
39
41
43
44
45
46
47
48
49
51
53
54
55
57
58
60
61
62
64
65
66
67
68
69
70
72
73
75
76
77
78
81
82
83
84
85
86
88
90
92
93
94
96
98
102
103
104
105
106
107
109
111
113
115
117
118
121
123
124
129
130
131
132
133
134
136
137
138
141
142
143
144
145
146
147
148
149
150
151
152
153
155
156
157
158
160
161
163
164
166
168
169
170
171
173
174
177
178
181
182
184
185
188
189
190
191
193
196
197
198
199
201
202
204
207
208
209
210
211
212
213
214
215
217
219
220
222
223
224
225
226
227
228
229
230
231
232
235
236
237
238
239
240
241
242
243
244
245
246
247
248
249
250
251
252
253
254
256
257
258
259
260
261
262
265
266
267
268
269
270
272
275
276
277
278
279
280
282
285
286
287
288
289
290
291
293
296
297
298
299
300
301
303
306
307
308
309
310
311
312
313
314
315
316
317
318
319
320
321
322
323
324
325
326
327
328
329
330
331
332
334
335
336
337
340
341
342
343
344
345
346
347
348
349
351
352
353
354
357
358
359
360
361
362
364
365
368
369
371
372
375
376
377
378
379
380
381
382
383
384
385
386
387
388
390
391
393
396
397
398
399
400
401
402
403
404
405
407
409
411
414
416
419
421
424
427
428
429
430
432
434
436
437
438
440
443
444
446
448
450
451
453
456