1
3
5
6
7
8
9
10
12
14
15
16
17
18
20
22
24
26
28
29
30
31
32
33
34
35
36
37
38
39
40
41
42
44
45
46
47
49
50
51
52
53
54
56
57
60
61
62
63
64
65
66
67
68
70
71
74
75
76
77
78
79
81
83
86
87
88
91
92
93
94
95
96
97
98
99
100
102
104
107
109
111
114
117
118
119
120
121
122
124
126
128
130
132
134
136
141
144
145
146
147
148
149
151
153
155
159
162
163
164
165
166
167
168
170
172
176
180
181
182
183
185
187
189
194
195
197
200
202
204
205
207
210
212
215
217
220
222
225
227
230
232
235
237
240
242
245
247
250
251
252
253
254
255
257