1
3
5
6
7
8
9
10
12
14
15
16
17
18
20
22
24
25
27
28
29
30
31
32
33
34
35
37
39
40
42
43
46
47
49
50
51
52
53
55
57
59
61
63
64
65
66
67
68
69
70
71
74
75
78
79
80
81
82
83
84
85
86
87
88
89
90
91
92
93
94
95
96
97
98
99
100
101
102
103
104
105
106
107
108
109
110
111
112
113
114
115
116
117
119
120
121
122
123
124
125
126
127
128
129
130
131
132
133
134
135
136
137
138
140
141
143
145
147
149
151
152
154
156
157
158
161
162
164
167
168
169
170
171
173
174
176
178
179
181
182
183
185
187
188
189
192
193
194
196
197
198
199
201
202
203
204
205
206
207
208
210
211
212
214
216
218
219
221
222
224
228
229
230
231
232
233
234
236
237
238
239
240
241
242
243
244
245
246
248
249
250
252
253
255
256
259
260
261
263
264
266
267
270
271
273
274
276
277
278
279
282
283
285
286
287
288
289
290
291
292
293
294
295
296
298
299
300
302
304
307
308
310
311
312
313
314
316
317
318
320
321
323
324
325
326
327
328
331
332
334
335
336
337
339
340
341
342
343
345
346
347
349
350
351
352
353
354
355
356
357
358
359
360
362
363
364
365
366
367
368
369
370
371
376
377
378
380
381
382
383
384
386
387
388
389
390
391
394
395
396
397
399
400
402
404
405
406
408
409
411
417
419
421
423
425
426
428
429
431
433
434
436
438
439
442
444
448