1
3
5
6
7
8
9
10
12
14
15
16
17
18
20
22
24
25
26
27
28
30
31
33
34
35
38
40
41
42
43
46
47
48
49
52
53
54
55
58
59
60
61
64
66
68
69
70
72
73
74
75
76
78
79
80
81
82
83
87
88
89
90
91
92
93
94
95
96
97
100
101
102
103
104
105
106
108
109
112
113
114
115
116
117
118
119
120
121
124
125
126
127
129
131
132
133
134
137
138
139
140
141
142
143
144
145
149
150
153
154
155
156
157
158
159
160
161
162
165
166
169
170
171
172
175
176
177
180
181
184
185
186
187
191
192
193
194
196
197
198
199
200
201
203
204
205
206
207
208
209
210
211
212
213
217
218
219
220
222
223
224
225
226
227
229
230
231
232
233
234
235
236
237
238
239
240
241
242
246
248
249
250
251
252
253
254
255
256
257
258
259
260
261
262
263
264
265
266
267
268
269
270
271
272
273
274
275
276
277
278
279
280
281
282
283
284
285
286
287
288
289
290
291
292
293
294
295
297
298
299
301
303
305
306
307
308
309
312
313
314
315
316
319
320
321
322
323
326
327
331
332
334
335
336
337
338
339
340
341
342
343