1
3
5
6
7
8
9
10
12
14
15
16
17
18
20
22
24
26
28
29
31
32
34
35
37
40
41
42
43
45
46
47
48
50
52
54
55
56
57
59
60
62
63
64
65
66
67
68
69
70
71
72
73
74
75
76
77
78
79
80
81
83
84
85
87
88
90
91
92
93
95
96
97
98
99
100
102
103
105
107
108
109
112
113
115
116
117
118
119
120
122
123
125
126
128
132
133
134
135
137
138
139
140
142
143
144
145
147
150
152
155
156
157
158
159
160
161
162
163
164
165
166
167
168
169
170
172
173
174
175
176
179
180
181
182
183
184
185
186
187
188
189
190
191
192
193
194
195
196
198
199
200
201
202
205
206
207
208
209
210
211
212
213
214
215
217
218
219
220
221
224
225
226
227
228
229
230
231
232
233
234
236
237
238
239
240
243
244
245
246
247
248
249
250
251
253
254
255
256
257
260
261
262
263
264
265
266
267
268
269
270
272
273
274
275
276
279
280
281
282
283
284
285
286
287
288
289
291
292
293
294
295
298
299
300
301
302
303
304
305
306
307
308
310
311
312
313
314
317
318
319
320
321
322
327
328
329
330
331
332
333
334
336
339
340
341
342
343
344
345
346
347
348
350
353
354
355
356
357
358
360
363
364
365
366
367
368
369
370
371
372
373
374
377
378
379
380
381
382
383
384
385
387
388
389
390
391
392
393
394
395
396
398
400
401
402
404
405
407
408
410
411
413
414
416
417
420
423
424
425
426
427
429
431
433
435
437
439
443
444
445
446
447
448
450
453
454
455
456
457
458
460
462
464
466
470
471
472
473
474
475
477
479
481
483
487
488
489
490
491
492
493
494
495
497
498
499
502
503
504
505
506
507
508
509
510
512
513
516
517
518
519
521
523
526
529
530
531
532
534
535
538
539
541
542
543
544
547
549
550
551
552
553
554
555
557
559
561
563
567
568
569
570
571
572
573
574
575
576
577
578
580
581
582
583
585
587
589
591
593
594
595
596
597
598
600
601
602
603
604
605
606
608
609
611
617
618
619
620
621
622
623
624
625
626
628
629
631
633
635
636
637
638
643
644
645
646
647
648
650
653
654