1
3
5
6
7
8
9
10
12
14
15
16
17
18
20
22
24
25
27
28
29
31
32
33
34
35
36
37
38
39
40
42
44
45
46
48
51
53
56
58
59
61
63
64
65
66
67
68
69
71
73
74
75
77
78
79
82
83
84
86
89
91
92
93
95
97
98
99
102
103
105
106
108
109
112
113
114
115
116
117
118
120
122
123
126
128
129
130
131
134
135
137
138
140
141
143
144
145
147
149
150
152
154
155
156
157
158
159
160
161
164
166
167
170
172
173
175
177
180
182
183
184
187
188
189
191
193
198
199
200
201
203
204
206
208
209
211
213
215
216
218
219
220
221
224
225
226
229
230
231
232
234
235
237
239
240
242
244
245
247
248
250
254
255
256
257
259
261
262
263
265
266
268
269
270
271
273
276
277
278
279
280
281
283
284
285
287
288
290
291
292
294
295
297
298
300
301
303
305
310
312
313
315
318
319
320
321
322
324
325
327
328
329
331
333
334
335
336
340
344
345
346
347
349
350
351
352
353
354
355
356
357
359
360
361
363
364
366
367
369
370
371
373
376
377
378
379
381
382
383
384
385
386
387
388
389
390
392
393
394
396
397
399
400
402
403
405
406
408
410
411
412
416
417
419
421
422
425
427
430
431
432
433
435
436
438
439
442
443
444
445
446
448
449
451
452
454
456
458
459
460
463
464
466
468
470
471
474
475
476
477
478
480
481
482
483
484
485
486
489
490
491
492
494
495
496
497
498
499
502
503
504
505
506
507
508
509
510
511
512
513
514
515
516
517
518
519
520
522
523
524
525
527
529
530
531
532
534
535
536
537