1
3
5
6
7
8
9
10
12
14
15
16
17
18
20
22
24
26
27
28
29
30
31
34
37
39
40
42
44
46
47
48
49
50
51
52
53
54
55
56
59
61
62
63
64
65
66
68
69
70
71
72
74
76
77
78
80
82
83
84
86
88
89
90
92
94
95
96
98
100
101
102
104
105
106
108
109
110
112
115
116
117
118
119
121
122
124
126
127
128
130
132
135
136
137
141
142
143
145
147
148
150
151
152
153
155
156
157
158
159
160
162
163
165
167
168
170
172
173
175
177
178
180
182
183
185
187
188
191
194
195
196
197
199
200
202
206
207
208
209
210
211
212
213
214
215
216
217
218
219
220
221
223
224
225
227
229
230
231
232
233
234
235
236
237
238
239
241
242
244
246
247
248
249
252