1
3
5
6
7
8
9
10
12
14
15
16
17
18
20
22
24
26
28
29
31
32
33
34
36
37
39
41
42
43
45
47
48
50
51
52
53
54
55
56
58
60
62
63
64
65
66
67
68
70
71
72
74
75
77
79
81
82
83
84
87
89
90
93
94
95
96
97
99
100
102
103
106
107
108
109
110
112
113
114
115
116
117
118
120
121
122
124
125
126
127
128
129
130
131
134
136
137
138
139
140
141
143
144
146
147
149
151
153
155
157
161
163
165
166
167
168
169
171
172
173
174
175
176
177
178
179
181
182
183
185
186
187
189
190
191
194
196
197
198
200
201
203
204
206
207
209
210
212
213
215
216
218
221
222
223
224
225
226
227
228
229
230
231
232
234
235
237
239
241
242
243
245
246
248
250
251
252
253
254
256
259
260
261
262
263
265
266
267
268
269
270
271
272
273
274
275
277
278
279
280
281
283
284
286
288
289
290
291
292
293
294
295
296
297
299
300
301
302
305
306
307
309
310
311
312
314
316
318
319
320
321
322
323
324
325
326
327
328
329
330
331
332
333
336
337
338
339
341
343
344
345
346
348
351
352
353
354
357
358
359
360
361
362
363
364
365
366
367
369
371
372
376
377
378
379
380
381
382
384
386
388
389
390
391
392
393
394
395
396
399
400
401
402
405
406
407
408
409
410
411
412
413
416
417
418
419
420
421
422
423
424
427
428
429
430
431
432
433
434
435
438