1
3
5
6
7
8
9
10
12
14
15
16
17
18
20
22
24
26
27
28
29
31
32
33
34
35
36
37
38
39
40
41
42
44
46
48
50
52
54
56
57
58
59
60
61
63
66
67
68
69
70
72
75
76
77
78
79
80
81
82
83
84
85
86
87
88
89
90
91
92
93
95
96
97
98
99
100
102
104
108
110
112
113
114
117
120
121
122
123
124
125
126
127
128
130
131
132
134
135
136
137
139
140
142
143
145
147
150
151
152
153
154
158
159
160
161
162
163
164
165
167
168
169
170
171
172
173
174
175
176
178
179
181
183
186
187
188
190
191
192
193
195
196
199
200
201
203
205
207
208
209
211
212
216
217
219
220
222
223
225
226
227
228
229
231
232
233
235
237
238
239
240
242
244
245
247
248
250
252
253
254
259
260
261
262
263
264
265
266
268
270
271
273
274
276
277
278
279
283
284
286
287
288
289
290
291
292
293
295
297
298
299
300
301
302
303
304
305
306
308
309
311
312
315
316
317
320
321
322
323
324
325
326
328
329
331
333
334
338
339
340
341
342
343
344
345
346
347
348
349
351
352
353
354
355
357
358
359
360
362
364
365
366
367
368
370
371
372
373
374
375
376
377
378
382
383
384
385
386
387