1
3
5
6
7
8
9
10
12
14
15
16
17
18
20
22
24
25
26
27
28
29
30
31
33
34
35
37
38
40
41
42
43
45
46
47
48
49
50
51
54
57
58
59
60
61
62
63
64
65
67
69
70
72
74
75
76
78
80
81
83
84
86
87
89
90
95
96
97
98
99
100
101
102
103
104
105
106
107
108
109
112
115
116
117
118
119
120
121
122
124
125
127
128
129
130
131
132
134
137
139
140
141
143
145
146
147
148
150
151
156
157
158
159
160
161
162
163
164
165
166
167
169
171
173
174
176
178
179
180
181
182
183
184
185
186
187
188
189
190
191
192
193
195
197
198
199
205
208
209
210
211
212
213
214
215
217