1
3
5
6
7
8
9
10
12
14
15
16
17
18
20
22
24
25
26
28
29
31
32
33
34
35
36
37
38
39
41
42
44
45
46
47
48
49
50
52
55
56
57
58
59
60
61
63
66
67
68
69
70
72
73
74
75
76
78
79
81
82
83
84
86
87
88
89
90
91
92
93
94
95
98
99
100
102
103
104
106
107
108
111
113
114
115
116
117
118
119
120
122
123
124
125
126
127
128
129
131
132
133
134
137
138
139
140
141
142
143
144
145
148
149
150
151
152
156
159
160
161
162
164
165
166
167
168
169
170
171
172
173
174
175
176
177
178
179
180
181
182
183
186
187
188
189
191