1
3
5
6
7
8
9
10
12
14
15
16
17
18
20
22
24
25
26
28
29
31
32
33
34
35
37
38
39
41
43
45
47
50
51
52
53
54
55
57
60
61
64
66
67
68
69
70
71
72
73
74
75
76
77
78
79
80
81
82
83
84
86
87
88
91
93
95
96
97
100
103
104
105
106
107
108
109
110
112
113
115
116
117
118
120
121
122
123
124
125
126
127
128
129
131
132
133
134
135
137
138
140
141
143
144
146
148
150
151
153
156
157
158
159
160
161
162
164
165
166
167
168
169
171
173
176
177
178
179
180
181
182
185
186
187
188
189
190
191
193
195
196
199
200
202
204
205
207
208
211
212
213
215
216
218
219
220
221
222