1
3
5
6
7
8
9
10
12
14
15
16
17
18
20
22
24
26
27
28
30
31
33
35
37
39
40
41
42
43
44
45
46
48
49
50
51
52
54
55
56
57
59
60
61
62
63
64
65
66
67
69
71
72
73
74
75
76
77
78
79
80
81
82
83
84
85
86
88
89
90
91
92
93
94
95
96
97
98
101
102
103
105
106
107
108
109
110
111
112
113
115
116
117
120
121
122
123
124
125
126
127
128
129
130
131
132
133
134
135
136
137
139
141
142
143
145
146
147
148
150
151
153
155
158
159
160
161
162
163
165
167
168
169
170
172
173
174
176
178
181
183
187
188
189
190
191
192
193
194
195
196
197
198
200
202
204
205
207
210
212
213
214
218
219
220
221
224
225
226
227
228
229
230
231
232
233
234
235
236
237
238
241
242
243
244
245
246
247
248
249
250
251
252
255
257
258
259
260
261
262
263
265
267
269
271
272
276
277
278
279
280
282
283
284
285