1
3
5
6
7
8
9
10
12
14
15
16
17
18
20
22
24
25
26
27
28
30
31
32
33
34
35
36
37
38
39
40
41
43
46
47
48
49
52
53
54
55
57
58
59
60
61
62
63
64
66
67
68
69
70
71
72
74
75
77
78
79
80
81
82
83
84
85
87
88
89
90
91
92
93
95
96
97
98
99
100
101
104
105
106
107
108
109
110
112
114
116
118
122
124
127
128
129
130
132
135
136
137
138
139
141
143
144
146
147
149
151
154
157
159
161
163
165
168
170
173
174
175
176
178
180
181
182
183
184
186
189
190
191
192
193
195
198
200
201
202
203
204
205
207
212
213
214
215
217
219
221
222
224
226
228
230
231
236
237
238
239
240
241
242
244
247
248
250
252
253
255
256
258
259
261
262
264
265
266
267
268
269
271
273
276
277
278
280
282
284
285
288
290
292
294
296
298
299
301
303
305
310
313
315
316
321
322
323
324
326
329
330
331
332
334
335
336
337
338
339
342