1
3
5
6
7
8
9
10
12
14
15
16
17
18
20
22
24
26
27
29
31
32
34
36
38
39
40
41
43
45
47
49
50
51
52
53
54
56
57
60
62
64
65
67
69
70
71
73
75
77
79
80
83
84
85
86
87
89
90
91
94
95
96
97
98
99
100
101
102
103
104
106
108
110
114
116
118
120
122
124
125
128
130
133
134
135
136
137
139
140
142
143
144
145
146
148
151
153
154
156
157
160
161
163
164
167
168
170
172
174
175
178
181
182
184
186
188
189
192
195
196
197
199
202
203
204
206
209
210
212
213
215
217
219
221
223
224
227
230
233
234
236
239
240
241
242
243
244
245
247
249
252
255
256
258
260
261
263
266
267
268
269
271
272
273
275
279
282
283
284
285
286
287
288
290
291
292
293
296
297
298
299
300
301
304
305
307
309
311
313
315
317
318
321
322
326
328
331
333
336
337
339
342
343
344
345
347
348
350
351
352
354
357