1
3
5
6
7
8
9
10
12
14
15
16
17
18
20
22
24
25
26
27
29
30
32
33
34
35
36
38
39
40
41
43
44
46
47
49
50
51
52
53
54
55
56
57
59
60
61
62
63
65
66
67
68
70
71
72
73
75
77
78
79
81
82
84
85
86
88
89
91
93
94
96
97
99
100
101
103
104
105
106
109
110
112
113
114
115
118
119
120
121
123
124
127
129
130
133
134
135
137
142
143
145
147
148
149
150
152
153
155
158
159
161
162
163
165
168
169
171
172
173
174
176
177
178
179
180
182
185
186
187
188
189
192
193
194
195
196
199
200
201
202
204
205
206
207
209
211
214
215
216
217
218
221
222
223
224
225
226
228
229
230
231
233
234
235
236
239
240
241
242
245
248
249
252
253
254
255
257
260
261
262
264
266
267
268
269
273
275
276
280
281
282
284
286
287
288
292
295
296
297
299
301
302
303
304
305
306
312
315
317
318
319
322
323
326
327
328
329
331
332
333
334
337
338
339
340
341
342