1
3
5
6
7
8
9
10
12
14
15
16
17
18
20
22
24
26
28
30
32
34
36
37
38
40
42
43
45
47
48
49
51
52
53
54
55
56
58
60
62
63
64
65
67
68
69
71
73
74
75
77
78
79
80
81
82
83
84
85
88
89
90
92
93
94
95
98
100
101
102
103
106
107
108
110
111
112
114
115
116
117
118
120
121
124
125
126
127
128
129
130
131
132
134
136
137
138
140
141
142
143
145
146
147
148
149
150
151
153
154
155
156
157
159
160
161
162
163
165
166
167
168
169
174
175
176
178
179
180
181
182
184
185
187
188
189
190
191
192
194
195
197
198
200
201
203
204
205
206
208
211
213
214
216
217
219
221
222
224
225
227
229
230
235
236
237
238
239
241
242
243
245
246
247
248
249
250
251
253
254
256
257
258
260
261
262
263
264
265
267
269
270
272
274
275
276
277
279
281
282
283
284
286
288
290
291
295
298
299
300
301
302
304
306
308
309
310
312
314
316
317
320
322
323
324
328
329
331
333
334
335
336
337
338
340
341
342
343
344
345
346
349
350
352
353
354
355
356
358
360
361
362
363
364
366
368
369
370
372
374
376
377
378
379
380
381
382
385
387
388
391
392
393
394
396
398
399
400
401
402
403
405
407
408
412
413
414
416
417
421
423
425
426
427
428
431
432
433
435
436
437
438
439
441
443
445
446
447
449
451
452
453
454
455
456
458
459
460
464
466
467
468
470
471
474
475
476
478
479
481
483
484
485
488
489
490
491
492
493
495
496
497
499
501
502
503
504
505
507
508
510
511
516
517
518
519
520
522
524
528
529
530
531
532
534
535
536
537
538
540
541
542
543
544
545
546
548
549
551
552
553
554
555
556
557
558
559
560
561
562
564
565
567
568
569
570
572
574
575
576
577
578
580
582
584
586
587
588
589
591
592
593
594
595
597
598
599
601
603
605
606
607
611
612
613
614
615
617
618
619
620
621
624
625
627
628
630
631
632
633
634
635
636
637
638
639
641
643
645
647
648
650
652
653
654
658
659
660
662
665
667
669
671
673
675
677
679
681
683
684
689
690
691
692
694
697
698
699
700
701
703
704
705
707
710
711
713
714
715
716
717
718
719
720
721
722
723
724
725
726
728
730
732
735
739
741
743
745
747
751
752
753
754
755
757
758
760
762
764
766
767
772
775
776
777
778
781
783
784
786
787
788
789
790
791
792
793
794
795
796
797
799
800
803
804
806
807
808
809
810
812
814
815
819
820
821
823
824
827
828
830
832
833
834
835
838
839
841
843
844
845
846
848
850
852
854
855
856
858
860
861
862
863
864
865
867
868
869
873
874
876
877
879
881
882
883
886
887
888
889
890
891
893
894
895
897
899
900
901
902
903
905
906
908
909
914
915
916
917
918
919
920
921
922
923
924
925
926
927
928
929
930
931
932
933
934
938
939
940
941
943
944
945
948
949
950
951
953
955
956
957
958
959
960
961
965
966
971
972
973
974
977
979
980
981
982
984
986
987
990
991
994
995
996
997
998
999
1000
1001
1003
1004
1006
1007
1008
1010
1011
1013
1014
1016
1017
1020
1021
1022
1023
1025
1026
1027
1028
1029
1032
1033
1034
1035
1036
1038
1039
1040
1041
1042
1046
1048
1049
1050
1051
1053
1055
1057
1058
1060
1061
1062
1063
1068
1069
1070
1071
1074
1075
1079
1081
1085
1086
1088
1089
1090
1091
1093
1094
1096
1097
1099
1101
1102
1103
1104
1106
1108
1109
1110
1112
1114
1116
1118
1120
1122
1123
1124
1126
1130
1131
1133
1135
1137
1138
1139
1140
1141
1142
1143
1144
1145
1148
1151
1152
1154
1155
1156
1158
1160
1162
1163
1169
1171
1172
1173
1174
1175
1176
1177
1178
1180
1182
1184
1185
1186
1192
1193
1194
1195
1196
1198
1201
1202
1203
1204
1205
1206
1207
1208
1209
1210
1212
1215
1216
1217
1218
1219
1220
1222
1225
1226
1227
1228
1229
1231
1232
1233
1234
1237
1238
1239
1240
1242
1244
1246
1248
1251
1254
1255
1256
1257
1258
1259
1260
1261