1
3
5
6
7
8
9
10
12
14
15
16
17
18
20
22
24
25
26
27
28
30
31
32
33
34
35
36
37
38
40
41
43
45
46
47
50
51
52
53
54
55
56
57
58
59
60
61
62
63
64
65
66
68
69
70
71
72
73
74
75
76
78
79
81
82
83
84
85
86
87
88
90
91
92
93
94
95
96
97
100
101
102
103
104
105
106
107
108
109
110
111
114
115
116
117
118
119
120
122
124
126
128
132
134
137
138
139
140
142
145
146
147
148
149
151
153
154
156
157
159
161
165
167
169
171
173
176
178
181
182
183
184
185
186
188
189
191
194
195
197
202
203
204
205
207
209
211
212
214
216
218
220
221
226
227
228
229
230
231
232
234
236
237
239
240
242
243
245
246
248
249
250
251
252
253
254
255
256
257
259
261
264
265
266
268
270
272
273
276
278
280
282
284
286
287
289
291
293
298
300
302
303
308
309
310
311
313
316
317
319
320
321
322
323
324
325
326
327
328
329
330
331
332
333
335