1
3
5
6
7
8
9
10
12
14
15
16
17
18
20
22
24
26
28
29
30
31
32
33
34
35
36
37
39
41
42
43
44
46
48
50
51
53
55
56
57
59
61
63
64
65
66
67
68
69
70
71
72
73
74
75
77
78
79
80
82
83
84
85
87
88
90
94
95
97
100
101
103
106
107
108
110
113
114
115
117
118
119
121
122
124
127
129
130
132
133
134
136
137
139
140
142
143
144
146
147
148
150
151
152
153
155
156
158
160
161
162
163
165
166
167
168
169
170
171
172
173
174
175
177
178
179
180
182
183
185
187
188
190
192
193
194
195
197
198
200
201
203
204
206
207
209
210
211
212
214
215
217
218
219
221
222
224
226
227
229
232
234
235
236
237
239
240
242
244
245
247
248
249
250
252
253
255
256
258
259
260
262
264
265
267
268
269
271
272
273
275
276
277
278
280
281
282
284
286
287
288
290
291
292
294
295
297
298
300
302
304
307
309
310
312
313
315
316
317
318
320
322
323
325
326
327
329
330
331
333
334
335
337
338
339
341
342
344
345
346
348
349
351
353
354
355
356
358
359
361
362
364
365
366
368
369
371
372
374
375
376
377
379
380
382
383
385
386
388
389
390
391
393
394
395
396
398
399
400
401
403
404
405
406
408
409
410
411
413
414
415
416
418
419
420
421
422
423
424
425
427
428
430
431
433
434
435
436
437
439
440
442
444
445
447
449
450
452
454
455
456
457
459
461
462
464
465
466
467
469
470
472
474
475
477
478
480
482
483
485
486
488
490
491
493
494
496
498
499
501
502
504
506
507
509
511
513
517
520
522
525
527
530
531
533
535
537
539
541
544
547
548
549
551
552
553
554
557
558
560
561
563
566
568
570
573
574
576
578
580
582
583
585
587
590
591
592
593
594