1
3
5
6
7
8
9
10
12
14
15
16
17
18
20
22
24
25
26
27
29
31
33
34
35
37
39
41
42
43
44
46
48
49
50
51
52
53
54
55
56
59
60
61
62
63
64
65
66
67
70
71
72
73
74
75
76
77
78
79
80
81
82
83
84
85
86
87
88
89
90
91
92
93
94
95
98
100
101
102
103
104
106
107
108
110
111
112
115
116
117
119
122
124
128
129
130
131
132
133
134
135
136
137
138
139
140
141
142
143
144
145
146
147
148
149
150
151
152
153
154
155
157
158
159
161
162
163
164
166
167
168
169
171
172
173
174
176
177
178
180
183
185
189
190
192
193
194
195
196
197
198
200
201
202
206
207
208
209
210
212
213
214
216
217
218
220
223
225
229
230
232
234
237
240
241
242
243
244
246
247
248
250
251
252
254
255
256
257
259
260
261
263
266
268
272
273
275
278
279
280
281
282
284
285
286
288
289
290
292
293
294
295
297
298
299
301
304
306
310
311
313
314
315
316
320
323
324
325
326
327
329
330
331
333
334
335
337
340
342
346
347
348
349
350
352
353
354
356
357
358
360
363
365
369
370
372
373
374
375
377
378
379
382
383
384
385
386
388
389
390
393
394
395
398
400
401
402
404
405
406
407
409
410
412
413
414
415
416
419
420
421
422
425
426
427
428
429
430
431
433
435
436
438
442
443
444
445
446
448
449
450
452
453
454
455
457
458
460
461
462
463
464
465
468
470
474
476
477
478
479
480
481
482
483
484
485
486
488
489
491
492
493
495
496
497
499
500
503
504
508
509
510
513
515
516
517
520
521
524
525
528
529
530
531
533
534
535
537
539
542
543
544
545
546
550
553
554
555
556
557
558
559
560
561
562
563