1
3
5
6
7
8
9
10
12
14
15
16
17
18
20
22
24
26
27
28
30
32
34
35
37
38
39
40
41
42
44
46
47
50
51
52
53
54
55
56
58
61
62
63
64
65
66
67
68
69
70
71
72
73
75
76
77
78
80
81
82
85
86
87
88
89
90
91
92
93
94
95
96
97
98
99
100
101
102
103
104
106
107
108
110
111
112
113
114
115
116
117
118
119
120
122
123
124
125
127
129
130
132
133
135
136
139
141
142
145
147
149
150
152
153
155
156
158
159
162
164
165
167
168
170
171
173
174
177
179
180
184
185
187
188
189
190
191
193
194
195
197
199
201
205
206
207
208
209
210
212
213
215
216
217
218
219
220
221
225
228
229
230
231
232
233
234
235
236
237
238
239
240
241
242
243
244
245
247
248
249
251
254
255
257
258
259
260
261
262
263
266
267
268
269
270
271
272
273
274
275
276
277
278
279
280
281
282
283
284
285
286
287
288
289
290
291
292
293
294
295
297
299
300
301
302
304
306
307
308
309
310
311
312
313
314
315
318
319
320
321
323
326
327
329
331
332
333
334
335
336
337
338
339
340
341
344
345
346
347
348
349
350
351
352
353
354
355
356
357
358
359
360
361
362
364
366
367
368
369
371
372
373
374
375
377
378
379
380
381
384
385
386
388
391
392
393
394
395
396
397
398
399
400
402
404
406
407
408
410
412
414
416
418
422
425
426
427
428
429
430
431
432
434
435
436