1
3
5
6
7
8
9
10
12
14
15
16
17
18
20
22
23
24
25
26
27
29
30
31
32
33
34
35
37
38
39
40
41
42
44
45
46
47
49
50
51
52
53
54
55
57
58
59
61
62
63
64
65
66
68
69
71
72
73
74
76
78
79
81
82
83
84
85
86
87
88
89
90
91
92
93
94
95
96
97
98
99
100
101
102
103
104
107
108
109
110
111
112
113
115
116
117
119
120
121
123
124
125
127
128
129
130
131
132
133
134
135
136
137
138
140
141
142
143
144
146
147
148
149
150
152
153
154
155
156
158
159
160
161
162
164
165
166
167
168
170
171
172
173
174
176
177
178
179
180
182
183
184
185
186
188
189
190
191
192
194
195
196
197
198
200
201
202
203
204
206
207
208
209
210
212
213
214
215
216
218
219
220
221
222
224
225
226
227
228
230
231
232
233
234
236
237
238
239
240
241
242
243
244
245
247
248
249
250
251
253
254
255
256
257
259
260
261
262
263
265
266
267
268
269
271
272
273
274
275
277
278
279
280
281
283
284
285
286
287
289
290
291
292
293
295
296
297
298
299
301
302
303
304
305
307
308
309
310
311
313
314
315
316
317
319
320
321
322
323
325
326
327
328
329
331
332
333
334
335
337
338
339
340
341
343
344
345
346
347
349
350
351
352
353
355
356
357
358
359
361
362
363
364
365
367
368
369
370
371
373
374
375
376
377
379
380
381
382
383
385
386
387
388
389
391
392
393
394
395
397
398
399
400
401
403
404
405
406
407
409
410
411
412
413
415
416
417
418
419
420
421
422
424
425
426
427
428
429
430
431
433
434
435
436
437
439
440
441
442
443
445
446
447
448
449
451
452
453
454
455
457
458
459
460
461
462
464
465
466
467
468
469
471
472
473
474
475
476
477
479
480
481
482
483
484
485
487
488
489
490
491
493
494
495
496
497
499
500
501
502
503
505
506
507
508
509
511
512
513
514
515
517
518
519
520
521
523
524
525
526
527
529
530
531
532
533
535
536
537
538
539
541
542
543
544
545
547
548
549
550
551
553
554
555
556
557
559
560
561
562
563
565
566
567
568
569
571
572
573
574
575
577
578
579
580
581
583
584
585
586
587
589
590
591
592
593
595
596
597
598
599
600
601
602
603
604
605
606
608
609
610
611
612
613
615
616
617
618
620
621
622
623
624
626
627
628
629
630
632
633
634
635
636
638
639
640
641
642
644
645
646
647
648
650
651
652
653
654
656
657
658
659
660
662
663
664
665
666
668
669
670
671
672
674
675
676
677
678
680
681
682
683
684
685
686
687
688
689
691
692
693
694
695
696
697
698
699
700
702
703
704
705
706
708
709
710
711
712
715
716
717
718
719
721
722
723
724
725
727
728
729
730
731
733
734
735
736
737
739
740
741
742
743
745
746
747
748
749
751
752
753
754
755
758
759
760
761
762
764
765
766
767
768
770
771
772
773
774
776
777
778
779
780
782
783
784
785
786
788
789
790
791
792
794
795
796
797
798
800
801
802
803
804
806
807
808
809
810
812
813
814
815
816
818
819
820
821
822
823
825
826
827
828
829
830
832
833
834
835
836
838
839
840
841
842
844
845
846
847
848
850
851
852
853
854
856
857
858
859
860
862
863
864
865
866
868
869
870
871
872
874
875
876
877
878
879
881
882
883
884
885
887
888
889
890
891
893
894
895
896
897
899
900
901
902
903
905
906
907
908
909
911
912
913
914
915
917
918
919
920
922
923
924
925
926
928
929
930
931
932
934
935
936
937
938
940
941
942
943
945
946
947
948
949
951
952
953
954
956
957
958
959
960
962
963
964
965
966
968
969
970
971
972
974
975
976
977
978
980
981
982
983
984
986
987
988
989
990
992
993
994
995
996
998
999
1000
1001
1002
1004
1005
1006
1007
1008
1010
1011
1012
1013
1014
1016
1017
1018
1019
1020
1022
1023
1024
1025
1026
1028
1029
1030
1031
1032
1034
1035
1036
1037
1038
1040
1041
1042
1043
1044
1046
1047
1048
1049
1050
1052
1053
1054
1055
1056
1058
1059
1060
1061
1062
1064
1065
1066
1067
1068
1070
1071
1072
1073
1074
1076
1077
1078
1079
1080
1082
1083
1084
1085
1086
1088
1089
1090
1091
1092
1094
1095
1096
1097
1098
1100
1101
1102
1103
1104
1106
1107
1108
1109
1110
1112
1113
1114
1115
1116
1118
1119
1120
1121
1122
1124
1125
1126
1127
1128
1130
1131
1132
1133
1134
1136
1137
1138
1139
1140
1142
1143
1144
1145
1146
1150
1151
1152
1153
1154
1156
1157
1158
1159
1160
1162
1163
1164
1165
1166
1168
1169
1170
1171
1172
1174
1175
1176
1177
1178
1180
1181
1182
1183
1184
1186
1187
1188
1189
1190
1192
1193
1194
1195
1196
1198
1199
1200
1201
1202
1204
1205
1206
1207
1208
1210
1211
1212
1213
1214
1216
1217
1218
1219
1220
1222
1223
1224
1225
1226
1227
1229
1230
1231
1232
1233
1235
1236
1237
1238
1239
1241
1242
1243
1244
1245
1247
1248
1249
1250
1251
1253
1254
1255
1256
1257
1259
1260
1261
1262
1263
1265
1266
1267
1268
1270
1271
1272
1273
1274
1276
1277
1278
1279
1281
1282
1283
1284
1285
1287
1288
1289
1290
1291
1293
1294
1295
1296
1297
1299
1300
1301
1302
1303
1305
1306
1307
1308
1309
1311
1312
1313
1314
1315
1317
1318
1319
1320
1321
1323
1324
1325
1326
1327
1330
1331
1333
1334
1336
1337
1339
1340
1342
1343
1345
1346
1347
1348
1349
1350
1351
1352
1353
1354
1356
1357
1358
1359
1360
1362
1363
1364
1365
1367
1368
1369
1370
1371
1373
1374
1375
1376
1377
1379
1380
1381
1382
1383
1385
1386
1387
1388
1389
1391
1392
1393
1394
1395
1397
1398
1399
1400
1401
1403
1404
1405
1406
1407
1409
1410
1411
1412
1413
1415
1416
1417
1418
1419
1423
1424
1426
1427
1428
1429
1430
1432
1433
1434
1435
1436
1442
1443
1444
1445
1446
1449
1450
1451
1453
1454
1455
1460
1461
1462
1463
1464
1466
1467
1469
1470
1472
1473
1475
1476
1478
1479
1481
1482
1484
1485
1487
1488
1490
1491
1493
1494
1496
1497
1499
1500
1502
1503
1505
1506
1508
1509
1511
1512
1514
1515
1517
1518
1520
1521
1523
1524
1526
1527
1529
1530
1532
1533
1535
1536
1538
1539
1541
1542
1544
1545
1547
1548
1549
1551
1552
1553
1554
1555
1556
1557
1558
1559
1561
1562
1564
1565
1567
1568
1570
1571
1573
1574
1576
1577
1579
1581
1582
1583
1584
1585
1586
1588
1589
1591
1592
1594
1595
1597
1598
1600
1601
1603
1604
1606
1607
1609
1610
1612
1613
1615
1616
1618
1619
1621
1622
1624
1625
1627
1629
1630
1631
1632
1633
1634
1635
1636
1638
1639
1642
1643
1644
1645
1646
1647
1648
1650
1651
1652
1654
1655
1656
1658
1659
1660
1662
1663
1664
1665
1667
1668
1669
1671
1672
1673
1675
1676
1677
1679
1680
1681
1683
1684
1685
1687
1688
1689
1691
1692
1693
1695
1696
1697
1699
1700
1701
1703
1704
1705
1707
1708
1709
1711
1712
1713
1715
1716
1717
1719
1720
1721
1723
1724
1725
1727
1728
1729
1731
1732
1733
1735
1736
1737
1739
1740
1741
1743
1744
1745
1746
1747
1748
1749
1750
1752
1753
1754
1756
1757
1758
1759
1760
1761
1762
1763
1764
1766
1767
1768
1771
1772
1773
1774
1775
1776
1777
1778
1779
1782
1783
1784
1785
1786
1787
1788
1789
1791
1792
1793
1795
1796
1797
1798
1799
1800
1801
1802
1804
1805
1806
1808
1809
1810
1812
1813
1814
1816
1817
1818
1820
1821
1822
1823
1824
1825
1827
1828
1829
1832
1833
1834
1835
1836
1838
1839
1842
1843
1844
1845
1846
1847
1848
1851
1852
1853
1854
1855
1858
1859
1860
1861
1862
1864
1865
1866