1
3
5
6
7
8
9
10
12
14
15
16
17
18
20
22
24
26
27
28
30
31
33
35
37
39
42
43
44
46
49
52
53
54
55
56
57
58
59
60
61
62
63
64
65
66
67
68
69
70
71
73
75
76
77
78
80
82
83
85
87
89
91
92
93
95
97
99
101
103
104
105
106
110
111
112
118
121
123
124
125
126
128
130
132
135
138
139
140
141
142
143
144
145
146
147
148
149
150
151
152
153
154
155
156
157
158
159
160
162
163
165
167
169
170
171
174
176
177
178
179
180
181
184
187
188
189
190
191
192
193
194
195
196
197
198
199
200
201
202
203
204
206
209
210
211
212
213
214
215
216
217
218
219
220
221
222
223
224
225
226
227
228
229
230
232
233
234
235
236
237
239
240
241
243
246
247
248
249
250
251
252
253
254
255
256
257
258
259
260
262
264
266
267
269
271
272
273
275
276
279
281
282
284
286
288
290
291
294
295
298
299
301
302
304
305
307
308
309
313
316
319
320
321
322
323
324
325
326
327
328
329
330
331
332
333
334
335
337
339