1
3
5
6
7
8
9
10
12
14
15
16
17
18
20
22
24
25
27
28
29
30
31
33
35
37
39
41
43
45
47
48
50
51
52
53
54
56
57
59
60
61
62
63
64
65
66
67
68
69
70
71
73
74
75
76
78
79
80
82
83
84
85
86
87
89
91
92
93
94
97
98
99
101
102
103
104
106
109
110
111
112
114
115
116
117
118
121
122
123
124
126
127
128
129
130
133
134
136
139
140
142
145
146
148
151
152
154
157
158
160
163
164
166
169
170
172
173
175
176
177
178
179
181
182
184
187
188
189
191
193
194
196
197
199
201
202
204
205
207
208
210
211
212
215
218
219
220
221
222
223
224
226
228
232
234
237
238
240
241
243
245
248
251
252
253
255
258
259
261
265
267
269
271
272
273
274
275
276
277
278
279
280
281
282
283
284
285
286
287
288
289
290
291
292
293
294
295
297
299
300
302
303
305
306
307
308
309
311
313
314
315
316
317
319
321
322
323
324
325
328
329
330
332
333
334
335
338
339
340
341
342
343
345
348
349
350
351
352
353
355
358
359
360
361
362
363
365
368
369
370
371
372
373
374
375
376
377
378
379
382
383
384
385
386
387
389
392
393
394
395
396
397
399
402
403
404
405
406
407
409
412
413
414
415
416
417
418
420
423
424
425
426
427
428
429
430
431
434
436
438
440
444
446
449
450
451
452
453
454
455
456
457
458
459
460
461
462
463
464
465
466
467
468
469
470
472
473
475
477
479
483
484
485
486
487
488
489
490
491
492
493
494
495
496
497
499
501
503
505
507
509
511
512
513
514
516
517
520
522
524
526
530
532
534
535
539
540
541
542
543
544
545
546
547
548
549
550
551
552
554
555
557
559
561
565
566
567
568
569
570
571
572
573
575
577
579
580
581
582
583
586
587
588
589
590
591
592
593
594
596
598
601
602
603
604
605
607
610
612
614
617
618
619
620
621
623
626
627
628
629
630
631
632
634
637
638
639
640
642
643
644
647
648
649
650
652
655
656
657
658
659
661
662
663
664
667
668
670
673
674
676
679
680
682
685
686
687
688
690
693
695
698
699
701
704
705
706
708
709
712
713
714
715
716
717
719
721
723
724
725
727
729
733
734
735
736
737
738
739
740
741
742
744
745
746
748
751
752
753
754
756
757
759
760
762
765
766
768
769
771
772
773
774
776
779
780
782
785
786
787
788
789
790
792
794
796
797
798
802
803
804
805
806
807
808
809
810
811
813
815
818
820
822
825
828
829
830
831
832
834
836
837
838
839
840
841
845
846
847
849
850
853
854
855
856
857
858
859
860
861
862
863
864
865
867
868
870
871
872
873
874
875
876
877
878
880
881
883
884
885
886
887
889
890
891
892
894
897
898
899
900
901
902
903
904
906
907
908
909
911
914
915
917
918
919
920
921
922
925
926
927
928
929
930
931
932
933
934
935
936
937
938
939
940
941
942
943
944
945
946
947
948
949
950
951
952
953
954
955
956
957
958
959
960
961
962
963
964
965
966
967
968
969
970
971
972
973
974
975
976
977
978
979
980
982
983
984
986
989
990
991
992
993
994
995
996
998
999
1001
1002
1003
1004
1005
1006
1007
1008
1009
1010
1011
1012
1013
1014
1015
1016
1018
1019
1021
1022
1023
1024
1025
1026
1027
1028
1030
1031
1032
1033
1034
1035
1036
1038
1039
1040
1041
1042
1043
1045
1046
1047
1048
1050
1051
1052
1053
1054
1057
1058
1059
1060
1061
1062
1063
1066
1067
1068
1069
1070
1071
1074
1075
1076
1077
1078
1079
1080
1081
1082
1083
1084
1085
1086
1087
1088
1089
1090
1091
1092
1093
1094
1095
1096
1097
1098
1099
1100
1101
1102
1103
1104
1105
1106
1107
1108
1109
1110
1111
1112
1113
1114
1115
1116
1117
1118
1119
1120
1121
1122
1123
1124
1125
1126
1127
1128
1129
1130
1131
1132
1133
1134
1135
1136
1137
1138
1139
1140
1142
1143
1145
1146
1147
1148
1149
1150
1151
1152
1153
1154
1156
1158
1160
1161
1162
1163
1164
1165
1166
1167
1168
1169
1171
1172
1173
1174
1176
1178
1179
1182
1183
1184
1185
1187
1188
1190
1192
1193
1194
1196
1197
1200
1201
1202
1205
1208
1209
1210
1211
1212
1213
1214
1215
1216
1217
1218
1219
1220
1221
1222
1223
1224
1225
1226
1227
1228
1229
1230
1231
1232
1233
1234
1235
1236
1237
1239
1240
1242
1243
1244
1245
1246
1247
1248
1249
1250
1251
1253
1255
1256
1257
1258
1259
1260
1261
1262
1263
1264
1265
1267
1268
1269
1270
1271
1272
1273
1274
1275
1276
1278
1279
1280
1283
1284
1285
1287
1288
1290
1291
1292
1294
1298
1299
1300