1
3
5
6
7
8
9
10
12
14
15
16
17
18
20
22
24
26
27
28
30
32
34
36
37
38
39
41
42
43
44
46
48
50
52
53
54
55
56
57
58
59
60
61
62
63
64
65
66
67
68
69
70
71
72
73
74
75
76
78
79
80
81
83
86
87
88
89
90
92
93
94
95
97
98
99
100
101
103
104
105
107
109
112
113
114
115
116
117
118
122
123
124
125
126
127
128
129
131
132
134
136
137
138
140
141
144
145
146
148
149
150
151
152
154
157
158
159
160
161
162
163
164
165
166
167
169
172
173
174
175
176
177
178
179
180
181
182
184
187
188
189
190
191
192
193
194
195
196
197
199
202
203
204
205
206
207
208
209
210
212
213
214
215
216
218
219
220
222
223
225
229
230
231
232
233
234
235
236
237
238
239
240
241
243
244
245
247
249
251
253
254
256
257
258
259
260
261
262
264
265
266
268
270
271
274
275
276
277
278
279
280
281
282
283
285
286
289
290
292
294
296
298
300
302
303
304
305
310
311
312
313
314
315
316
317
318
319
320
321
322
323
324
325
327
328
330
332
333
335
336
338
340
342
343
344
345
350
351
352
353
354
355
356
357
358
359
360
361
362
363
364
365
367
368
370
372
373
375
376
378
380
382
383
384
385
391
392
393
394
395
396
397
398
399
400
401
402
403
404
405
406
407
408
410
411
413
415
416
418
420
421
422
423
424
425
427
428
430
431
432
433
435
437
438
440
441
442
443
445
447
448
449
450
451
453
455
456
457
459
460
462
464
465
466
467
469
471
472
473
474
475
476
477
478
480
482
483
484
485
487
488
489
490
491
492
493
495
497
498
501
502
504
505
506
508
510
512
514
515
516
517
519
520
522
523
530
532
533
534
535
536
539
542
543
544
545
546
547
548
549
550
551
552
553
554
555
556
557
558
559
560
561
562
563
564
565
566
567
568
569
570
571
572
573
574
575
576
577
578
579
580
581
582
583
584
585
586
588
589
591
592
594
596
598
599
602
606
607
608
609
612
614
615
616
617
618
621
623
625
626
628
629
632
633
636
637
638
640
641
644
646
648
649
651
653
654
655
658
660
661
665
666
667
668
669
670
672
673
674
676
677
678
680
681
682
683
684
685
686
688
689
690
691
692
693
695
696
697
698
699
700
701
702
703
706
707
708
709
710
711
712
713
715
717
718
719
720
721
722
725
726
728
730
731
735
736
738
739
740
742
743
744
745
746
747
748
750
752
753
754
755
756
757
758
759
760
761
763
764
768
769
771
773
774
778
779
780
782
783
784
785
786
788
790
791
794
795
796
798
799
801
803
804
808
809
811
813
814
818
819
821
823
824
825
829
830
831
833
834
835
836
837
838
840
841
843
844
845
846
847
849
850
851
853
855
856
857
860
861
862
863
865
866
867
868
871
872
873
874
877
879
881
885
886
887
889
890
891
892
893
894
895
896
898
900
902
905
906
907
910
911
912
913
914
915
916
917
918
919
920
921
922
923
924
925
926
927
928
929
930
931
932
933
935
936
937
939
940
942
943
945
946
947
948
949
950
951
952
953
954
955
956
958
959
960
961
964
965
968
969
970
971
972
973
975
976
977
978
979
981
983
984
986
987
989
990
991
992
993
997
998
999
1000
1001
1003
1004
1006
1007
1008
1010
1011
1014
1015
1017
1018
1020
1022
1023
1024
1025
1026
1028
1029
1030
1032
1033
1034
1035
1038
1040
1042
1043
1047
1048
1050
1051
1053
1055
1057
1058
1060
1062
1063
1065
1066
1068
1069
1072
1074
1076
1077
1081
1082
1083
1086
1087
1089
1091
1092
1093
1094
1097
1100
1101
1102
1103
1104
1105
1106
1107
1108
1109
1111
1113
1115
1117
1119
1121
1122
1123
1125
1126
1128
1129
1130
1131
1134
1136
1137
1140
1144
1145
1146
1148
1149
1150
1151
1152
1153
1154
1155
1156
1157
1158
1159
1160
1161
1162
1163
1164
1165
1166
1167
1168
1169
1170
1171
1172
1173
1174
1175
1177
1178
1180
1182
1184
1185
1188
1189
1191
1192
1193
1194
1196
1197
1198
1199
1200
1201
1203
1204
1205
1206
1208
1209
1211
1212
1214
1215
1216
1217
1219
1221
1223
1224
1225
1229
1230
1231
1232
1235
1237
1238
1239
1240
1241
1242
1243
1244
1246
1248
1249
1250
1251
1252
1253
1254
1255
1256
1257
1258
1260
1262
1263
1264
1265
1266
1268
1269
1270
1271
1272
1273
1274
1275
1276
1278
1279
1282
1283
1285
1286
1287
1288
1289
1291
1292
1293
1296
1297
1299
1302
1303
1304
1305
1306
1307
1308
1309
1310
1311
1312
1313
1314
1315
1316
1317
1318
1319
1320
1321
1323
1325
1327
1329
1330
1332
1334
1336
1340
1341
1343
1345
1347
1349
1351
1356
1357
1359
1360
1361
1363
1365
1369
1370
1373
1375
1376
1380
1381
1382
1383
1385
1387
1389
1391
1393
1394
1395
1398
1401
1402
1403
1404
1406
1408
1410
1412
1414
1415
1416
1418
1419
1422
1425
1426
1427
1428
1429
1430
1431
1432
1433
1434
1435
1436
1437
1439
1442
1443
1444
1445
1446
1447
1448
1449
1450
1451
1452
1453
1454
1456
1457
1459
1460
1461
1462
1463
1464
1465
1467
1470
1471
1472
1473
1474
1475
1476
1478
1480
1482
1484
1485
1486
1488
1491
1492
1493
1496
1497
1499
1500
1501
1503
1506
1507
1508
1509
1510
1511
1512
1513
1514
1515
1516
1517
1518
1520
1521
1524
1525
1526
1527
1529
1531
1533
1535
1538
1540
1543
1545
1547