1
3
5
6
7
8
9
10
12
14
15
16
17
18
20
22
24
26
27
29
30
32
33
34
35
37
40
41
42
43
44
45
46
47
49
50
51
52
55
56
57
58
59
60
61
62
63
64
65
66
67
68
69
70
71
72
73
74
75
76
77
78
80
82
83
85
86
87
88
89
91
93
98
99
100
101
102
103
104
105
106
107
108
110
113
114
115
116
117
118
119
120
122
123
124
127
128
129
130
131
132
133
134
135
137
138
139
140
141
142
145
146
147
148
149
150
151
152
153
155
156
157
158
159
160
161
164
165
166
167
168
169
170
171
172
174
175
176
177
178
179
180
181
182
183
185
186
187
188
189
190
191
192
193
194
196
197
198
199
200
201
203
204
207
208
209
210
211
212
214
217
218
219
220
221
222
223
225
228
230
233
234
235
236
237
238
239
241
244
246
247
249
250
251
252
253
254
256
257
259
260
261
263
265
266
267
268
269
271
274
276