1
3
5
6
7
8
9
10
12
14
15
16
17
18
20
23
25
26
27
28
30
32
33
35
37
38
39
40
42
44
45
46
47
48
50
51
52
53
54
55
56
57
58
60
61
62
63
64
65
66
68
70
72
74
75
76
77
79
80
83
84
85
86
87
88
89
90
91
92
93
94
95
97
98
99
100
101
102
103
104
105
106
107
108
109
110
111
112
113
114
115
116
117
118
119
120
122
124
125
127
129
130
131
134
135
136
138
140
141
142
143
145
146
148
150
152
153
154
155
156
157
159
160
161
163
165
166
167
168
172
174
175
176
177
178
179
180
181
182
183
184
185
186
187
188
189
190
192
193
194
195
196
197
198
199
200
201
202
204
205
207
208
209
210
212
214
215
216
217
221
222
223
224
225
227
228
230
231
234
235
237
238
240
241
244
245
246
249
250
251
252
253
255
257
258
259
260
261
263
264
265
266
268
269
271
272
273
274
275
276
277
278
279
281
282
284
286
287
288
289
293
294
295
296
297
298
299
300
301
302
303
304
305
306
307
308
310
311
314
315
316
318
319
320
321
322
323
324
325
326
327
328
329
330
331
332
333
334
336
337
338
339
340
342
344
345
346
347
348
349
350
351
353
355
356
357
358
359
361
362
363
364
367
368
369
370
371
373
374
375
378
379
380
381
383
384
386
387
388
389
391
392
394
396
397
398
399
402
406
407
408
410
411
412
413
415
418
419
420
421
422
423
424
425
426
427
428
429
430
431
432
433
434
435
436
437
438
439
440
441
442
443
444
445
446
447
448
449
450
451
452
453
454
455
456
457
458
459
460
461
462
463
464
465
466
468
469
470
473
474
475
476
477
478
479
480
481
482
484
488
490
493
494
495
496
497
498
499
500
501
502
503
504
505
506
507
508
509
510
511
512
513
515
518
519
520
521
522
523
524
525
526
527
528
529
530
531
532
533
534
535
536
537
538
539
540
542
546
547
548
549
550
551
552
554
558
559
560
561
562
563
564
565
566
567
568
569
570
572
574
576
578
579
580
581
582
583
585
587
588
591
594
595
596
597
598
599
600
601
602
603
604
605
606
607
608
609
610
611
613
615
616
617
618
619
620
621
622
623
624
625
627
628
629
632
634
636
639
640
641
642
643
644
645
646
647
648
649
650
651
652
653
654
655
656
657
658
659
660
661
662
663
665
666
667
668
670
671
674
676
677
678
679
680
681
682
683
684
685
686
688
689
690
693
695
696
697
698
699
700
701
702
704
707
708
709
710
712
713
714
716
718
720
721
722
724
725
726
727
728
729
730
731
732
733
734
736
737
738
741
742
743
744
745
746
747
748
749
751
752
754
756
757
758
759
760
761
762
763
764
765
766
767
768
770
771
772
775
777
779
781
783
785
786
788
790
792
793
794
795
796
798
799
800
801
802
804
805
807
809
810
813
816
818
819
820
821
822
824
825
829
832
833
834
835
837
838
840
842
844
845
846
848
849
850
851
852
853
854
855
856
857
858
859
860
862
863
864
867
869
871
873
875
876
879
882
883
884
885
886
887
888
889
890
891
892
893
894
895
896
897
898
900
902
903
904
905
906
907
908
909
910
911
912
913
914
916
917
918
921
923
924
925
926
927
928
929
930
932
936
937
938
939
940
941
942
943
944
945
946
947
948
949
950
951
952
953
954
955
956
958
960
961
962
963
964
965
966
967
968
969
970
972
973
974
978
980
982
986
987
988
989
991
994
995
996
997
999
1000
1001
1002
1003
1004
1005
1006
1007
1008
1010
1014
1015
1016
1017
1018
1020
1021
1022
1023
1024
1025
1027
1030
1031
1032
1033
1034
1035
1037
1040
1041
1042
1043
1044
1045
1046
1048
1051
1052
1053
1054
1055
1058
1059
1061
1062
1064
1065
1067
1068
1071
1072
1073
1074
1075
1076
1078
1079
1081
1082
1084
1086
1087
1089
1090
1093
1095
1096
1098
1099
1101
1103
1104
1106
1107