1
3
5
6
7
8
9
10
12
14
15
16
17
18
20
22
24
25
26
27
28
29
31
32
33
36
37
38
39
40
42
43
44
46
48
49
50
52
53
54
55
56
57
59
61
62
63
65
66
70
71
72
73
75
77
78
79
81
82
83
85
88
92
94
95
96
97
99
100
101
103
106
108
109
111
112
114
118
119
120
121
122
124
125
126
127
129
132
134
135
137
139
144
146
147
148
149
153
154
155
157
159
160
161
162
164
167
169
170
171
173
175
178
180
181
182
183
185
188
190
191
193
194
195
196
197
198
199
200
202
205
207
211
212
213
216
217
218
219
220
221
222
226
227
228
229
232
233
234
235
238
239
240
241
243
244
246
248
249
251
253
254
255
256
257
260
261
262
263
264
266
269
270
271
272
273
274
275
277
279
280
281
282
283
285
286
287
288
291
293
294
295
296
297
298
300
302
303
304
305
306
307
309
312
313
315
316
317
319
321
322
323
326
327
329
330
332
333
335
336
337
338
340
341
346
347
348
349
350
351
353