1
3
5
6
7
8
9
10
12
14
15
16
17
18
20
21
23
24
26
27
29
30
32
33
35
37
38
40
41
42
43
45
46
47
48
49
50
51
52
53
54
55
56
57
59
60
61
62
64
65
66
67
69
70
71
73
74
75
76
77
78
79
81
82
83
84
86
87
89
90
92
93
95
97
98
100
101
102
103
104
105
106
107
108
109
110
112
113
114
117
118
119
120
122
123
124
125
126
127
128
129
130
132
135
137
138
139
140
142
143
145
146
147
148
151
152
155
156
159
160
163
164
165
166
169
170
171
172
175
176
179
180
183
184
185
186
189
191
193
194
195
196
197
199
200
202
203
205
206
208
209
211
213
214
217
219
221
223
225
227
232
233
234
235
237
238
241
242
243
244
245
246
249
250
251
252
253
254
257
258
259
262
263
264
265
266
267
270
272
273
276
277
278
279
280
283
284
285
286
287
288
291
292
293
294
296
297
299
300
301
302
303
304
305
306
307
309
311
313
314
316
318
319
320
322
323
324
326
327
328
330
332
333
334
335
338
339
340
341
344
346
347
349
352
355
356
357
358
360
361
363
364
365
366
367
369
371
372
373
374
377
378
379
381
384
385
386
387
388
389
390
391
392
393
394
395
396
397
398
399
400
401
402
403
404
405
406
408
410
411
413
414
417
419
421
423
424
425
427
428
430
432
434
436
439
440
441
442
443
445
447
449
451
453
455
458
459
460
461
462
465
466
467
468
469
470
473
475
480
481
482
483
484
485
486
488
490
491
493
495
497
499
500
501
503
506
508
510
512
515
516
517
518
519
521
524
526
528
530
533
534
535
536
537
540
541
542
543
544
545
548
550
552
554
555
557
559
561
563
565
566
567
569
571
573
575
577
579
580
581
583
586
588
590
592
595
596
597
598
599
601
602
603
606
608
610
612
615
616
617
618
619
620
622
623
624
625
626
629
632
633
639
640
642
643
644
645
646
647
648
649
652
654
655
657
659
660
662
664
666
668
670
671
672
673
674
676
678
680
681
683
684
685
687
688
691
696
698
700
701
702
703
704
705
706
707
708
709
711
713