1
3
5
6
7
8
9
10
12
14
15
16
17
18
20
22
24
25
27
29
31
33
35
36
38
39
40
41
42
43
44
46
47
48
49
50
52
54
55
57
58
59
60
61
64
65
66
67
68
69
70
71
72
73
75
76
77
78
80
83
84
85
86
87
90
91
92
93
94
95
97
99
100
101
102
103
106
107
108
109
110
111
112
113
114
116
117
118
119
121
124
125
126
127
128
131
133
134
136
137
138
139
140
141
142
144
145
146
150
153
154
155
156
157
159
161
163
164
166
168
170
175
178
179
180
181
183
184
186
188
190
191
193
195
196
199
201
203
205
209
212
213
215
216
218
219
222
224
225
227
230
231
232
233
234
235
236
237
238
239
240
241
242
243
244
246
248
249
250
255
256
260
261
263
267
268
270
271
274
275
277
278
279
283
284
286
288
289
290
291
292
294
295
296
297
298
299
300
303
304
306
307
309
310
313
314
315
316
317
319
321
323
324
326
328
330
336
337
339
342
343
344
345
346
348
352
354
355
356
358
359
360
361
364
365
366
367
370
371
373
375
376
379
380
381
384
385
388
389
391
392
394
396
398
399
401
403
405
407
409
411
413
415
416
418
420
422
424
426
428
429
433
436
437
438
439
440
442
444
445
447
448
451