1
3
5
6
7
8
9
10
12
14
15
16
17
18
20
22
24
25
27
28
29
31
32
34
36
37
39
40
43
44
45
47
48
49
50
51
53
54
55
56
57
58
59
60
63
64
65
67
68
69
70
71
73
76
77
79
82
83
84
85
86
88
89
90
91
92
93
94
95
96
97
98
99
101
104
105
106
107
108
109
110
111
112
113
114
115
116
117
118
120
123
124
125
126
127
128
129
130
131
132
133
135
136
137
138
139
140
141
142
143
144
145
146
147
148
149
150
151
156
157
158
159
160
161
162
163
164
165
166
167
168
169
171
172
173
174
175
176
177
178
179
180
181
182
187
188
189
190
191
192
193
194
195
196
197
198
199
200
202
203
204
205
206
207
208
209
210
211
212
213
218
219
221
222
224
225
226
227
230
231
233
234
235
236
237
238
240
241
242
243
245