1
3
5
6
7
8
9
10
12
14
15
16
17
18
20
22
24
26
27
28
29
31
33
34
35
36
38
40
42
43
44
47
48
49
50
51
53
54
56
57
58
59
60
61
62
63
64
65
66
68
69
71
72
73
75
76
77
78
79
80
82
84
87
88
89
91
92
93
94
95
97
98
99
102
103
104
105
106
107
109
110
112
113
116
117
118
119
120
123
124
125
126
128
129
131
134
136
139
141
144
146
150
153
155
159
160
164
165
167
168
170
171
174
175
177
180
182
185
187
188
190
191
194
196
199
201
202
203
205
207
209
211
214
215
217
220
221
222
223
225
226
227
229
230
232
234
235
237
238
240
242
244
246
250
252
253
255
256
257
258
261
262
265
266
269
270
273
274
277
278
281
283
285
287
290
293
295
297
299
302
305
307
311
312