1
3
5
6
7
8
9
10
12
14
15
16
17
18
20
22
24
25
26
28
30
31
33
34
35
36
37
38
39
40
41
42
43
44
46
47
48
49
51
53
55
57
58
59
61
62
63
64
65
67
69
71
72
73
74
75
76
78
79
81
82
84
86
87
90
91
92
95
97
98
99
100
103
104
105
106
107
109
110
112
113
114
117
118
119
120
121
123
124
125
126
127
128
129
130
131
133
134
135
136
137
138
139
141
143
144
146
147
149
151
152
154
155
159
160
162
163
165
166
168
169
171
172
173
175
176
178
181
182
183
184
185
187
188
189
190
191
192
193
194
195
196
197
198
199
200
203
205
206
210
211
212
213
214
215
216
217
218
219
221
223
224
225
226
228
229
230
231
233
234
235
236
239
240
241
242
244
245
246
247
250
251
252
253
254
255
256
259
260
261
262
263
264
265
267
268
270
272
273
274
275
276
277
278
279
280
282
283
284
285
286
287
288
289
290
292
293
294
295
296
297
298
299
300
303
304
305
306
307
308
309
310
311
314
315
316
317
318
319
320
321
322
324
328
330
331
332
333
334
335
336
337
338
339
340
341
342
343
344
345
346
347
348
349
351
352
355
359
361
362
363
364
365
366
367
368
369
370
371
372
373
374
375
376
377
378
379
380
381
383
384
388