1
3
5
6
7
8
9
10
12
14
15
16
17
18
20
22
24
26
28
29
31
33
35
37
38
39
40
41
42
43
44
45
47
49
51
53
55
57
59
61
62
63
64
65
66
67
69
72
73
74
76
78
79
80
81
82
83
84
85
86
87
88
89
90
91
92
93
94
95
96
97
99
100
102
103
104
107
109
111
112
113
114
116
117
120
123
124
125
126
127
128
129
130
131
133
134
135
136
138
139
140
141
144
145
146
147
148
149
150
151
152
153
155
157
159
162
164
165
166
167
168
169
171
172
173
176
177
178
179
180
181
182
183
184
186
187
189
190
192
193
194
196
198
199
200
201
202
204
205
206
207
208
210
211
212
213
214
217
218
219
221
224
225
226
227
228
229
230
231
233
235
236
237
239
240
241
243
245
246
247
248
251
252
253
254
255
256
257
261
262
263
264
265
266
267
268
269
270
271
272
273
274
276
278
279
282
284
287
288
289
290
291
292
294
295
296
297
298
299
301
303
304
305
306
307
308
310
312
314
316
317
318
319
325