1
3
5
6
7
8
9
10
12
14
15
16
17
18
20
22
24
25
26
28
30
31
33
34
35
36
37
38
39
40
41
43
44
45
46
48
50
52
53
54
56
58
59
60
61
62
64
66
68
69
70
72
74
76
78
81
83
84
85
88
89
90
91
92
94
95
97
98
101
102
103
104
105
107
108
109
110
111
112
113
114
115
117
118
119
120
121
123
125
127
128
129
130
131
132
134
137
139
140
141
143
144
146
147
148
149
151
156
157
158
159
160
162
163
164
165
166
167
168
169
170
171
172
173
174
175
177
179
181
182
186
187
188
189
190
191
193
195
196
197
198
200
201
202
203
205
207
208
209
210
213
214
215
216
217
218
219
221
222
224
226
227
228
229
230
231
232
233
234
235
238
239
240
241
242
243
244
245
246
247
250