1
3
5
6
7
8
9
10
12
14
15
16
17
18
20
22
24
26
27
28
29
31
32
33
34
35
37
40
41
42
43
44
45
46
47
48
49
50
51
52
54
55
56
57
58
59
60
61
62
63
64
65
66
67
68
69
70
71
73
75
76
77
78
82
83
84
85
87
90
92
94
95
96
97
100
101
102
103
104
105
106
108
109
110
113
114
115
116
117
118
119
121
122
124
126
127
128
129
130
134
135
136
137
138
139
141
142
143
145
146
148
149
150
151
154
155
156
157
159
163
164
165
166
167
168
170
172
175
178
179
180
181
182
183
184
185
186
187
188
189
190
191
194
196
198
201
204
205
206
207
208
209
211
214
215
216
217
218
220
222
223
225
226
227
229
230
231
232
233
235
238
241
242
243
244
245
246
248
251
252
253
254
255
256
257
258
259
260
261
263
264
266
268
269
272
275
277
278
279
280
281
282
284
285
286
289
291
292
293
294
295
296
299
300
301
302
303
305
307
309
310
313
314
315
316
317
318
319
320
322
323
325
326
327
328
329
331
333
335
339
341
345
346
347
349
350
351
352
353
355
358
361
362
363
364
365
366
368
369
370
371
372
373
374
375
376
377
378
379
381
383
386
389
390
391
392
393
394
395
396
397
398
399
400
401
402
403
404
405
406
407
408
411
412
413
415
416
417
418
419
421
422
423
424
425
428
429
430
431
432
434
435
438
439
440
441
442
444
446
449
450
451
452
453
454
457
459
461
463
465
467
468
469
470
471
472
473
475
476
478
479
481
486
487
488
489
490
491
492
493
494
496
497
498
499
500
501
502
503
504
505
506
509
510
511
512
513
514
515
516
519
520
521
522
523
525
528
529
530
531
532
533
534
535
536
538
540
542
544
545
546
547
548
550
551
552
553
554
556
557
558
559
560
562
563
564
565
566
568
573
576
577
578
579
580
581
582
584
585
587
588
589
591
592
594
595
596
597
599
602
603
604
605
606
607
608
610
612
614
615
617
621
623
624
626
628
629
630
631
635
636
637
638
639
640
641
643
646
647
648
649
650
651
652
655
657
659
661
665
666
667
668
670
671
673
676
677
678
679
680
681
682
684
685
687
689
691
693
697
698
699
700
702
703
705
708
709
710
711
713
714
716
717
718
722
723
724
725
726
727
728
729
730
731
733
736
737
738
739
740
741
742
743
744
745
747
748
749
750
753
754
755
756
757
758
759
760
761
763
765
767
768
769
771
772
773
775
776
777
779
780
781
783
784
785
787
788
789
791
792
793
795
796
797
799
800
801
803
804
805
807
808
809
810
812
813
814
815
817
818
819
820
822
823
824
825
827
828
829
830
832
833
834
835
837
838
840
842
845
848
851
852
853
854
855
856
857
859
860
861
862
864
866
869
870
871
872
873
875
877
878
879
880
883
884
890
891
892
893
894
895
897
901
902
903
904
905
906
907
909
910
912
914
916
918
919
920
926
927
928
930
932
933
934
938
941
942
943
944
945
946
947
948
949
950
951
953
955
956
958
961
963
964
965
967
968
969
970
971
973
974
975
977
978
980
982
983
984
986
988
989
992
993
995
1000
1002
1004
1006
1007
1009
1015
1016
1017
1019
1021
1023
1025
1026
1028
1034
1038
1039
1040
1041
1042
1043
1045
1046
1048
1050
1051
1053
1055
1056
1057
1058
1059
1061
1062
1063
1064
1066
1068
1069
1070
1072
1074
1075
1080
1081
1082
1083
1084
1085
1087
1088
1090
1092
1093
1094
1096
1098
1099
1100
1101
1102
1104
1106
1107
1108
1109
1113
1114
1116
1117
1119
1120
1123
1124
1125
1126
1127
1129
1131
1133
1135
1140
1141
1143
1145
1147
1149
1154
1155
1156
1157
1158
1159
1161
1163
1165
1167
1171
1174
1175
1176
1177
1178
1179
1180
1181
1182
1183
1184
1185
1186
1188
1189
1190
1192
1193
1194
1196
1200
1201
1202
1203
1204
1205
1206
1207
1208
1209
1210
1211
1212
1213
1214
1216
1217
1219
1221
1224
1225
1226
1227
1228
1229
1230
1231
1232
1233
1234
1236
1238
1240
1242
1245
1247
1249
1251
1253
1255
1257
1260
1261
1262
1263
1264
1265