1
3
5
6
7
8
9
10
12
14
15
16
17
18
20
22
24
25
26
27
28
29
30
31
32
33
34
35
36
39
40
41
43
45
47
49
50
52
55
59
61
62
63
64
68
70
71
72
73
74
75
76
77
78
79
80
81
83
85
87
88
89
91
92
94
96
97
100
103
104
105
106
107
108
109
110
111
112
113
114
115
116
117
119
120
121
122
123
125
126
127
128
129
130
131
132
133
134
135
136
137
139
141
143
145
148
151
152
153
154
155
156
157
158
159
160
161
162
163
164
166
167
168
169
170
172
173
174
175
176
177
178
179
180
181
182
183
184
186
187
189
191
194
195
196
198
199
200
201
203
205
207
209
211
213
214
217
220
221
222
223
224
225
226
227
228
229
230
231
232
233
234
235
236
238
239
241
243
244
246
248
249
250
251
252
254
256
257
259
261
263
264
265
267
269
271
273
275
277
278
280
287
288
289
290
291
292
293
294
295
296
297
298
299
300
301
302
303
304
305
306
307
308
309
311
312
314
317
318
319
321
322
323
325
326
327
329
331
333
334
335
337
339
341
342
345
347
348
349
351
352
353
354
357
360
361
362
363
364
365
366
367
368
369
370
371
372
373
374
375
376
377
378
379
380
381
382
384
385
386
388
389
391
394
395
396
398
399
400
402
403
404
406
408
410
411
412
414
416
418
419
422
424
425
426
428
429
430
431
434