1
3
5
6
7
8
9
10
12
14
15
16
17
18
20
22
24
25
27
29
31
32
33
34
36
38
39
40
42
43
44
45
46
48
49
51
52
53
54
55
56
57
58
59
60
61
62
64
65
67
68
69
70
71
73
74
75
76
77
78
79
80
81
82
83
87
88
89
90
91
92
93
94
95
96
97
98
99
101
102
103
105
108
109
110
111
113
115
116
118
120
121
125
126
127
128
129
130
131
132
133
134
135
136
140
141
142
143
144
145
146
147
149
150
151
152
153
154
157
158
159
160
161
162
163
164
165
166
167
170
171
172
173
174
175
179
180
181
182
183
184
185
186
187
188
189
190
191
192
193
194
195
196
197
198
199
200
201
203
204
205
207
210
211
212
213
214
215
216
217
218
219
220
221
222
223
224
225
226
227
230
231
232
233
234
235
236
237
238
239
240
241
242
243
244
245
247
248
249
250
253
254
255
256
257
258
259
260
261
262
263
266
267
268
269
270
271
272
273
274
275
276
279
280
281
282
283
284
285
286
287
288
289
290
291
292
293
294
297
298
299
300
301
302
303
304
305
306
307
313
314
315
316
317
318
319
320
321
322
323
327
328
329
330
331
332
333
335
336
337
338
339
343
344
345
346
347
348
349
350
351
352
353
354
355
356
358
361
362
363
364
365
366
367
368
369
370
371
372
373
374
376
379
380
381
382
383
384
385
386
387
388
389
390
391
392
394
397
398
399
400
401
402
403
404
405
406
407
408
409
410
412