1
3
5
6
7
8
9
10
12
14
15
16
17
18
20
22
24
25
26
28
30
31
33
34
36
38
40
43
44
45
46
47
48
49
50
51
52
53
54
55
56
57
58
59
60
61
62
63
64
65
66
67
68
69
70
72
73
74
75
76
77
78
80
82
85
87
89
91
92
93
94
95
97
98
99
100
101
102
104
105
106
108
109
110
111
113
115
116
117
118
121
122
123
124
125
126
128
129
130
131
132
134
135
136
137
138
140
141
142
143
144
146
147
148
149
150
152
153
154
155
156
158
159
160
161
162
163
164
165
166
167
168
169
171
172
173
175
176
177
178
180
182
183
184
185
188
189
190
191
192
194
195
196
197
198
200
201
202
203
204
206
207
208
209
210
212
213
214
215
216
217
218
219
220
221
222
223
224
225
226
228
229
230
232
233
234
235
237
239
240
241
242
245
246
247
249
250
251
252
254
256
257
258
259
260
263
264
265
266
267
271
273
274
276
279
282
283
284
285
286
287
288
289
291
293
294
296
298
299
300
302
304
306
308
310
312
315
317
319
321
323
328