1
3
5
6
7
8
9
10
12
14
15
16
17
18
20
22
24
26
27
28
29
30
31
33
34
35
36
37
38
40
43
44
45
46
47
48
50
51
52
53
54
56
58
59
61
62
63
67
69
70
71
72
73
74
75
77
78
80
81
82
85
87
88
89
90
91
93
94
95
98
99
100
101
103
104
107
110
111
112
113
114
116
118
119
121
122
124
126
127
128
129
130
131
132
133
135
139
140
141
142
143
147
149
150
151
153
155
156
158
159
161
164
165
167
169
172
173
175
176
178
182
186
187
188
189
190
192
193
194
195
196
198
202
204
205
206
208
209
210
212
213
215
216
220
222
223
227
228
229
230
231
232
233
234
235
236
237
238
239
240
241
242
244
245
247
248
249
250
254
255
256
257
258
259
260
262
264
265
266
267
268
269
271
274
276
277
278
279
281
282
284
286
287
289
290
291
292
294
296
297
298
301
302
303
304
306
307
308
309
311
312
315
316
317
318
319
321
323
324
326
327
330
331
332
333
334
335
337
338
339
340
341
342
346
350
351
352
353
354
355
356
357
358
359
360
361
362
364
366
367
368
369
370
371
372
373
374
375
376
377
378
380
383
385
388
389
390
391
392
394
396
398
399
401
402
403
404
405
407
409
410
411
412
413
414
415
417
418
419
420
421
422
423
424
425
427
429
430
431
433
434
435
440
441
442
443
444
445
447
448
450
451
452
455
456
459
461
462
463
464
466
468
469
471
478
479
480
482
483
484
488
489
491
494
495
496
497
498
499
500
504
506
507
508
509
510
511
513
514
515
516
517
518
520
522
524
525
526
527
529
530
531
533
534
535
536
537
539
541
542
544
546
547
552
553
555
556
557
558
559
560
562
563
564
566
567
569
570
571
572
574
576
578
579
580
581
582
583
592
593
594
596
597
598
599
600
601
602
603
604
605
606
607
609
611
612
614
615
616
618
619
620
621
622
626
627
628
635
636
637
638
639
640
641
642
643
644
645
646
647
648
650
651
652
653
654
657
658
659
662
663
664
665
666
667
668
669
670
671
673
675
676
677
679
680
681
688
689
690
691
692
693
694
695
696
697
698
699
700
701
702
703
704
705
706
707
708
709
710
711
712
713
714
715
716
717
718
719
720
721
722
723
724
725
726
727
728
729
730
731
732
733
734
735
736
737
738
739
740
741
742
743
744
745
746
747
748
749
750
751
752
753
756
758
759
760
761
762
764
767
768
769
770
772
773
774
775
776
777
779
781
783
784
786
787
789
792
793
794
795
797
798
799
800
801
803
804
807
808
810
812
813
814
815
816
817
818
820
822
823
824
825
827
829
830
831
832
834
835
836
842
843
844
852
853
855
856
857
860
861
862
864
865
866
867
868
869
870
871
872
873
874
875
876
877
878
879
880
881
882
885
886
887
888
891
892
893
896
897
898