1
3
5
6
7
8
9
10
12
14
15
16
17
18
20
22
24
26
27
28
30
31
32
33
34
35
36
37
39
41
42
43
44
46
47
49
50
51
52
53
54
55
56
58
61
62
63
64
65
66
67
68
69
71
74
75
76
77
78
79
80
81
82
84
86
87
88
89
90
91
92
93
94
96
97
98
101
102
103
104
105
106
107
108
109
110
112
115
116
117
118
119
120
121
122
123
124
126
129
130
131
132
133
134
135
136
137
138
139
140
141
142
143
144
145
147
150
151
152
153
154
155
156
157
158
160
163
165
168
169
170
171
172
173
174
176
179
181
183
184
185
186
187
188
189
191
192
193
195
196
197
199
201
202
203
205