1
3
5
6
7
8
9
10
12
14
15
16
17
18
20
22
24
25
27
29
30
32
33
35
36
38
39
40
41
42
43
44
45
46
47
49
50
51
52
53
55
56
57
58
59
60
61
63
65
66
68
69
71
72
74
75
76
77
78
79
80
81
82
83
84
87
89
90
91
92
93
96
98
99
102
104
105
106
107
108
109
110
111
115
116
117
119
120
121
123
124
129
130
131
132
133
134
136
137
138
139
140
141
142
143
144
145
146
147
148
149
150
152
153
155
156
158
159
161
162
164
165
166
167
168
169
170
171
172
173
174
175
176
177
178
180
181
182
183
184
185
186
187
190
191
192
193
194
196
197
198
199
201
202
203
205
206
207
208
210
212
213
216
218
219
221
224
226
227
229
231
233
237
238
240
241
242
244
245
246
248
249
251
253
254
256
258
259
261
263
264
266
267
268
270
272
274
276
278
280
281
283
285
287
290
291
292
293
294
295
297
300
301
302
303
304
305
306
307
308
309
310
311
313
314
316
318
319
321
323
324
326
328
329
331
332
334
336
338
340
341
342
343
344
345
346
347
348
349
351
352
353
354
355
356
358
359
360
361
362
363
364
366
367
368
369
371
372
376
377
379
381
382
383
385
387
388
389
390
392
394
395
396
397
398
399
403
405
406
408
410
412
413
414
415
416
419
421
422
423
424
425
426
427
428
429
430
431
432
433
435
437
438
439
440
441
442
443
444
446
447
448
449
450
451
452
456
457
458
459
460
461
462
464
465
467
468
469
471
473
474
479
480
484
485
486
488
489
490
492
493
496
497
499
500
502
503
505
506
509
510
511
512
513
514
515
516
518
519
520
521
522
523
526
527
528
529
530
531
532
533
534
535
536
537
538
540
541
542
543
544
545
546
547
549
550
554
555
556
557
558
560
565
566
568
570
571
572
573
574
576
577
578
579
580
582
583
584
585
587
588
589
590
591
592
593
594
595
596
597
598
599
600
601
604
605
606
607
608
609
610
611
612
613
615
616
617
618
619
621
622
623
624
625
626
627
628
629
630
632
633
634
635
636
638
639
640
641
642
643
644
645
646
648
650
651
652
653
654
655
656
657
658
659
660
661
662
663
664
665
666
667
668
669
670
671
674
675
678
679
680
681
682
683
685
687
688
689
690
692
693
694
695
696
697
698
699
700
701
703
704
705
706
707
709
711
713
714
715
716
717
718
719
720
721
722
724
725
726
727
728
730
732
734
735
736
737
738
739
740
741
742
743
744
746
747
748
749
750
752
754
756
757
758
759
760
761
762
763
764
765
766
767
769
770
771
772
773
775
777
780
781
782
783
784
785
786
787
788
789
790
791
793
795
796
797
798
800
803
804
805
806
807
809
811
814
815
816
817
818
819
820
821
822
823
824
825
826
828
830
831
832
833
834
836
838
842
843
844
845
847
848
850
851
852
853
854
855
856
857
858
859
860
861
863
864
865
866
867
868
869
870
871
872
874
875
876
877
878
880
882
883
884
885
887
888
889
890
891
892
893
894
895
896
899
900
901
902
903
904
905
906
907
909
910
911
912
913
914
916
918
919
920
922
923
924
925
926
927
929
930
931
932
935
936
939
940
941
942
943
944
945
946
948
949
950
952
954
955
956
958
959
960
961
962
963
964
965
967
968
969
970
971
972
975
976
977
978
979
980
981
982
983
984
985
986
988
989
990
992
995
996
999
1000
1001
1002
1003
1005
1006
1008
1013
1014
1015
1016
1017
1019
1020
1024
1025
1026
1027
1028
1029
1030
1031
1032
1034
1035
1037
1039
1040
1041
1042
1044
1045
1047
1048
1049
1050
1051
1053
1054
1058
1062
1064
1066
1067
1068
1069
1071
1072
1073
1076