1
3
5
6
7
8
9
10
12
14
15
16
17
18
20
22
25
27
29
31
33
35
37
39
40
41
42
44
45
46
47
48
49
50
51
53
55
56
57
58
59
61
63
64
65
67
68
70
71
73
74
77
78
79
80
82
83
84
85
86
90
91
92
93
95
96
97
98
100
104
105
106
107
108
110
111
112
113
114
116
117
120
121
122
123
124
125
126
127
128
129
130
131
133
134
136
138
139
143
145
147
149
150
151
152
153
154
156
158
160
162
164
166
167
170
171
172
173
174
175
177
179
181
183
186
188
189
191
194
195
196
197
199
200
201
202
204
206
207
209
210
212
213
215
216
219
222
223
225
227
228
230
231
232
233
234
235
237
238
239
240
241
244
245
247
248
249
250
252
253
254
255
256
258
259
260
261
262
263
265
266
269
270
271
272
274
280
282
284
285
286
288
289
291
292
293
295
297
298
302
304
305
306
308
310
311
312
313
314
315
316
317
318
319
324
325
327
328
330
333
334
335
336
337
338
339
340
341
342
343
344
345
346
347
349
350
351
352
353
356
357
358
359
360
361
362
363
364
365
366
367
368
369
370
371
373
375
376
377
378
379
380
381
382
384
385
386
388
390
392
393
394
395
396
398
399
400
403
404
405
409
410
411
412
414
415
416
417
418
419
420
421
422
423
424
425
426
427
428
429
430
432
433
436
437
438