1
3
5
6
7
8
9
10
12
14
15
16
17
18
20
22
24
25
26
27
30
31
33
34
37
38
40
41
42
43
44
45
46
47
48
49
50
51
52
53
54
55
56
60
61
62
63
64
66
67
69
70
71
72
73
74
76
77
78
80
81
82
83
84
85
86
87
88
89
90
91
92
93
94
98
99
100
101
103
104
105
106
107
109
110
111
113
114
115
116
117
118
119
120
121
122
123
124
125
126
127
128
130
132
133
134
135
136
138
139
140
142
143
144
146
147
148
149
151
152
153
155
156
158
159
160
162
163
164
165
167
168
169
170
172
173
174
175
177
178
179
181
183
184
186
187
188
189
192
193
194
195
196
197
198
199
200
201
203
204
207
208
209
210
211
212
213
214
216
217
218
219
222
223
224
225
226
227
228
229
230
231
232
233
234
235
236
237
238
239
243
244
245
246
248
249
251
252
253
254
255
256
258
259
260
262
263
264
265
267
268
269
270
271
272
273
274
275
276
277
278
279
280
281
282
283
285
286
287
288
290
291
292
293