1
3
5
6
7
8
9
10
12
14
15
16
17
18
20
22
24
26
28
30
31
32
33
35
36
37
39
41
42
44
45
46
47
49
51
52
54
55
56
57
58
59
61
62
64
65
66
67
68
69
70
71
72
73
74
75
77
78
79
80
81
82
83
84
85
86
87
88
89
91
92
93
94
95
96
97
98
99
101
102
104
106
107
108
109
111
113
114
116
117
118
119
120
121
122
124
125
126
128
130
134
135
136
137
138
139
140
142
144
146
148
151
152
153
156
157
158
159
161
162
163
165
166
167
168
169
171
173
175
176
179
180
181
182
184
185
187
189
190
192
194
195
197
198
200
201
202
203
204
205
207
209
210
214
215
217
219
220
221
223
224
226
228
229
232
233
235
237
240
241
242
243
244
245
246
247
249
250
253
254
255
256
257
259
260
263
264
265
266
267
269
270
272
273
275
276
278
279
282
283
284
286
287
288
289
290
293
295
297
299
300
301
305
307
309
311
313
314
316
318
323
324
325
326
327
329
331
332
333
335
337
340
342
343
344
345
347
348
349
350
352
353
355
356
357
358
359
360
363
364
366
368
369
370
371
373
374
375
376
378
380
383
384
385
386
387
388
389
390
391
392
394
396
398
399
401
404
405
407
410
411
412
413
414
416
417
419
420
421
422
423
424
425
426
427
428
431
432
434
435
436
438