1
3
5
6
7
8
9
10
12
14
15
16
17
18
20
22
24
25
26
28
29
30
31
32
33
35
36
37
38
39
40
41
43
44
45
46
47
48
50
51
52
53
55
56
57
58
59
60
62
63
64
65
66
67
68
69
70
72
73
74
75
76
77
78
79
81
82
83
84
85
86
87
88
90
91
92
93
94
95
96
97
99
100
101
102
103
104
105
106
108
109
110
111
112
113
114
115
117
118
119
120
121
122
123
124
126
127
128
129
130
131
132
133
135
136
137
138
139
140
141
142
144
145
146
147
148
149
150
151
153
154
155
156
157
158
159
161
162
164
165
166
168
169
170
171
173
174
176
177
178
179
180
181
182
183
185
186
187
188
190
191
192
193
194
195
197
198
199
200
202
203
204
205
206
207
209
210
211
212
214
215
216
217
218
219
221
222
223
224
226
227
228
229
230
231
233
234
235
236
237
238
240
241
242
243
245
246
247
250
251
252
253
255
256
257
258
260
261
262
264
265
267
268
269
270
272
273
274
275
278
279
280
281
282
283
284
285
287
288
289
290
291
292
293
294
295
296
298
299
300
301
302
303
304
306
307
308
310
311
312
313
314
315
316
317
318
320
321
322
323
324
325
326
327
329
330
331
332
333
334
335
336
337
339
340
342
343
344
346
347
348
349
350
351
352
353
354
356
357
359
360
361
363
364
365
366
367
368
369
370
372
373
374
375
376
377
378
379
380
382
383
384
385
386
388
389
390
391
393
395
397
398
399
400
401
402
403
405
406
407
408
409
410
412
413
414
415
417
418
419
420
422
423
424
425
426
427
428
429
430
431
432
435
436
438
439
441
443
444
445
447
448
449
450
452
453
454
455
457
458
459
461
462
463
465
466
467
468
469
470
471
472
473
475
476
477
478
480
481
483
485
486
487
489
490
492
493
494
496
497
498
500
501
503
504
505
506
507
508
510
511
512
514
515
516
517
518
519
521
522
523
526
527
528
529
530
531
532
533
535
536
537
538
539
540
541
542
544
545
546
547
548
549
550
551
552
553
554
555