1
3
5
6
7
8
9
10
12
14
15
16
17
18
20
22
24
25
26
27
28
29
31
32
34
35
36
38
39
40
41
42
43
44
45
46
47
48
50
51
53
54
56
57
60
62
63
64
65
66
67
68
69
70
71
72
73
74
75
79
81
82
83
85
87
88
92
93
95
97
99
101
102
104
105
106
108
110
111
112
113
114
115
116
117
118
119
122
123
125
128
129
131
133
134
135
136
137
138
141
142
143
144
145
146
147
148
149
150
151
153
154
155
159
160
161
162
163
164
165
166
167
169
171
174
175
178
180
181
182
183
184
185
186
188
189
190
192
193
197
198
200
203
204
205
207
210
211
212
213
214
215
216
217
218
219
221
222
223
226
227
228
229
230
231
232
234
235
236
239
240
241
242
243
244
245
246
247
248
249