1
3
5
6
7
8
9
10
12
14
15
16
17
18
20
22
25
26
28
29
31
32
33
35
36
37
38
41
42
44
46
47
49
51
52
54
55
57
58
59
60
61
62
63
65
66
67
68
70
71
72
73
74
75
76
78
79
80
81
83
84
85
87
88
89
90
92
93
94
96
97
98
100
101
102
103
105
107
108
110
112
113
114
115
116
117
119
120
122
123
124
126
127
128
130
131
132
135
137
138
140
142
143
144
145
146
147
148
150
151
153
154
155
156
157
159
160
161
163
164
165
167
169
170
172
173
175
176
177
179
180
182
184
185
187
188
190
192
193
194
195
196
197
198
199
200
201
202
204
205
206
207
208
209
210
211
213
214
215
216
217
219
220
221
223
224
225
226
227
228
229
230
231
233
234
235
236
238
239
240
242
244
246
248
249
250
251
252
253
254
255
256
258
259
260
262
264
265
266
268
270
272
274
275
276
277
278
279
280
281
282
283
284
285
286
288
289
290
292
293
295
297
300
301
302
303
304
305
307
309
311
312
313
315
316
318
319
320
321
322
323
325
326
327
329
330
331
332
334
336
337
338
339
340
342
344
345
346
348
349
351
352
353
354
355
357
358
360
361
362
364
365
366
367
368
370
371
372
373
374
375
376
378
379
380
382
384
386
387
389
390
392
394
395
397
398
399
400
402
403
404
405
406
408
410
412
414
415
416
418
420
421
423
424
426
427
429
432
434
436
438
440
442
443
444
446
447
448
449
451
453
454
456
458
459
461
462
463
464
465
466
467
470
471
472
473
474
476
477
478
480
481
482
483
484
486
487
488
489
490
491
493
494
495
497
498
499
501
502
503
505
506
507
509
510
511
512
513
514
516
517
518
520
522
523
524
525
526
527
528
529
530
531
532
533
534
535
536
537
538
539
540
542
544
545
547
549
550
551
552
553
554
556
557
558
560
561
562
563
564
565
567
569
571
572
575
576
577
578
581
582
583
584
585
586
587
588