1
3
5
6
7
8
9
10
12
14
15
16
17
18
20
22
24
26
28
30
32
33
34
36
38
40
41
43
44
45
47
49
51
53
54
55
56
57
58
59
60
61
62
63
64
65
67
69
70
71
73
74
75
76
77
78
79
81
82
84
87
88
89
90
91
92
93
94
95
96
97
99
100
101
102
103
104
106
107
108
109
111
112
114
116
119
121
125
126
127
128
129
130
131
132
133
135
138
139
140
141
142
143
144
147
149
153
156
157
158
159
160
161
162
163
164
165
166
168
169
170
171
172
173
176
177
178
179
180
181
184
185
186
187
188
189
190
191
193
196
197
198
199
200
201
202
204
207
208
209
210
211
212
213
214
216
219
220
221
222
223
224
225
226
227
228
229
230
232
236
237
238
239
240
241
243
246
247
248
249
250
251
252
253
254
255
256
257
258
260
262
266
269
270
272
275
276
278
281
282
283
284
285
286
287
288
290
293
294
295
296
298
300
303
305
306
307
308
309
312
313
314
315
316
317
319
322
323
325