1
3
5
6
7
8
9
10
12
14
15
16
17
18
20
22
24
25
27
28
29
30
31
32
33
34
35
37
39
40
42
43
46
47
49
50
51
52
53
54
55
57
59
61
63
65
67
68
69
71
72
73
74
75
76
77
78
79
80
81
82
83
84
85
86
87
88
89
90
91
92
93
94
95
96
97
98
99
100
101
102
103
104
105
106
107
108
109
110
111
112
113
114
115
116
117
118
119
120
121
122
123
124
125
126
127
128
129
130
131
132
133
134
135
136
137
139
140
141
142
144
145
146
148
149
150
151
152
153
154
155
157
158
159
161
162
163
164
165
166
167
168
170
171
172
173
175
176
177
179
180
183
184
187
188
189
190
191
192
193
194
195
196
197
198
199
200
201
202
203
204
205
206
207
208
210
211
213
215
217
218
219
220
221
222
224
225
227
228
230
231
233
235
240
241
242
243
244
245
246
247
248
249
250
251
252
253
254
255
256
257
258
259
260
261
262
263
264
265
267
268
270
271
272
273
275
276
278
280
281
282
283
284
285
286
288
290
291
292
295
297
298
299
300
301
302
303
304
308
309
311
312
313
314
317
318
319
321
323
324
327
328
329
330
332
333
334
335
336
337
338
339
340
341
343
344
346
347
348
350
351
353
354
355
356
357
359
360
361
362
363
364
365
369
370
371
372
373
374
375
376
377
379
380
381
382
383
384
386
388
390
392
393
394
395
396
397
398
399
405
406
407
408
409
410
411
412
415
417
419
421
423
424
426
427
430
432
434
436
437
439
441
442
447
449
453
455
459
462
463
464
465
466
467
468
469
470
471
472
473
474
475
476
477
478
479
480
481
483
484
485
486
488
490
491
492
495
497
498
499
500
501
502
503
506
507
509
511
513
518
521
522
523
524
525
526
527
528
529
530
531
532
533
534
535
536
537
538
539
540
542
543
544
545
547
549
550
551
554
556
557
558
559
560
561
562
564
565
567
569
571
576
579
580
581
582
583
584
585
586
589
590
591
592
593
594
595
596
598
599
602
603
605
607
609
610
613
614
615
616
617
618
619
620
621
622
623
624
625
626
627
629
630
631
632
633
634
635
636
638
639
640
641
642
644
646
649
651
652
653
654
656
659
663
664
665
666
667
668
669
670
671
672
673
674
675
676
677
678
679
680
681
682
683
684
685
686
688
690
691
692
693
694
695
698
699
701
703
704
706
707
708
709
710
711
712
713
714
716
717
719
721
723
724
726
728
729
733
734
736
738