1
3
5
6
7
8
9
10
12
14
15
16
17
18
20
22
24
26
28
30
31
32
33
34
35
37
40
41
42
43
44
45
47
49
51
53
55
57
58
63
64
65
66
67
68
70
72
75
76
77
78
79
80
81
82
83
84
85
86
87
88
89
90
92
94
95
97
98
99
100
104
105
106
107
108
109
110
111
112
114
115
117
118
120
121
122
126
127
128
129
130
131
132
133
134
136
137
139
140
141
145
146
147
148
149
150
151
152
153
154
155
156
158
159
161
163
164
166
169
171
175
178
179
180
181
182
183
184
185
186
188
189
191
193
195
197
201
204
205
206
207
208
209
210
211
212
214
216
218
220
221
225
226
227
228
229
230
231
232
234
236
238