1
3
5
6
7
8
9
10
12
14
15
16
17
18
20
22
24
25
27
29
30
32
33
34
35
36
38
39
40
41
43
45
46
47
49
51
53
55
56
58
59
61
62
63
65
67
68
69
71
72
73
76
77
78
79
80
82
83
85
86
87
88
89
90
91
92
96
97
98
99
101
102
103
104
105
106
107
108
109
110
112
113
114
116
117
119
120
121
123
124
128
130
132
133
134
135
136
137
140
141
142
144
146
147
148
149
151
152
153
154
155
158
160
161
162
163
168
171
172
173
174
175
176
178
179
180
183
185
187
189
191
194
197
199
200
202
204
205
206
207
208
209
212
213
214
215
216
219
220
221
222
223
226
228
229
230
234
235
236
237
238
239
242
244
246
250
252
253
256
257
259
260
261
263
265
266
267
269
271
272
277
279
281
283
284
285
286
288
290
292
294
295
297
299
300
301
302
303
305
307
309
310
311
313
314
316
317
318
319
320
321
322
323
326
328
329
331
332
333
336
337
338
339
340
341
343
344
345
347
349
351
352
353
358
360
363
364
365
368
369
370
371
372