1
3
5
6
7
8
9
10
12
14
15
16
17
18
20
22
24
25
26
27
28
29
30
31
33
35
36
38
40
41
42
44
46
47
48
49
50
51
52
54
55
56
57
58
59
60
61
62
63
64
65
66
69
70
71
72
76
78
81
83
86
87
88
89
91
94
95
96
97
99
102
103
104
105
106
107
108
109
110
111
112
113
115
116
117
118
120
121
124
125
126
127
128
129
130
131
132
133
134
135
136
139
140
141
143
144
145
146
149
151
152
153
154
156
157
158
159
160
163
164
165
170
171
173
174
175
177
180
181
182
183
184
185
186
187
188
190
191
192
193
194
199
200
201
203
204
206
209
210
212
213
214
217
218
221
222
223
224
225
227
229
230
231
232
234
235
236
238
239
243
244
245
246
247
248
249
250