1
3
5
6
7
8
9
10
12
14
15
16
17
18
20
22
24
26
28
29
30
31
32
33
34
35
36
37
38
39
40
41
42
43
44
45
46
47
50
51
53
54
55
56
58
60
62
63
64
66
67
68
70
71
72
73
75
76
77
78
80
81
83
84
85
86
88
89
90
92
94
96
97
98
99
100
101
102
104
105
107
108
109
110
111
112
114
115
117
118
119
120
121
122
125
127
129
130
131
132
133
134
135
136
139
140
142
143
144
147
149
151
152
153
154
155
156
158
159
161
162
163
164
166
167
168
170
172
173
174
175
176
177
178
179
181
182
184
185
187
188
189
190
192
193
194
196
198
199
200
201
202
203
204
205
207
208
211
212
214
216
217
218
219
220
221
222
223
225
227
229
230
231
232
233
234
235
236
239
240
241
242