1
3
5
6
7
8
9
10
12
14
15
16
17
18
20
22
23
25
28
29
30
31
32
33
34
36
37
38
40
41
42
43
44
45
46
47
51
52
55
56
57
60
61
63
64
66
67
68
70
71
74
76
77
78
79
80
81
82
85
86
88
90
94
95
96
98
99
100
102
103
104
105
107
108
109
113
114
115
117
120
122
123
125
126
127
128
129
133
134
136
137
138
141
142
143
146
147
148
149
150
152
155
156
157
160
161
162
165
166
167
170
171
172
175
176
177
180
181
182
185
186
187
190
191
192
195
196
197
200
201
202
205
206
207
210
211
212
215
216
217
220
221
222
225
226
227
230
231
232
233
236
237
238
239
240
243
244
245
246
247
250
251
252
255
256
257
260
261
262
263
266
267
268
269
270
273
274
275
276
277
278
281
282
283
284
287
288
289
290
293
294
295
296
299
300
301
304
305
306
309
310
311
314
315
316
319
320
321
324
325
326
329
331
332
333
334
335