1
3
5
6
7
8
9
10
12
14
15
16
17
18
20
22
24
25
27
29
30
31
32
34
36
37
38
39
40
41
42
43
44
45
46
47
48
50
51
52
53
54
56
57
58
59
60
62
63
64
65
66
67
68
69
70
71
72
73
74
75
76
77
79
80
81
82
83
86
87
88
89
90
91
92
93
94
95
96
97
99
100
101
104
105
106
107
108
109
110
111
112
113
114
115
116
117
118
119
120
121
123
124
125
126
127
130
131
132
133
134
135
136
137
138
139
140
141
143
144
145
146
147
150
151
152
153
155
158
159
160
161
162
163
164
165
166
167
168
169
170
171
172
173
174
175
177
179
180
181
182
183
184
185
186
187
188
189
191
192
193
195
196
197
198
199
200
201
203
204
205
206
207
208
209
210
212
213
215
216
217
218
219
220
221
222
223
224
226
227
228
229
230
231
232
233
234
235
236
237
238
239
240
241
243
244
245
246
247
248
249
250
252
253
254
260
261
262
263
264
265
266
267
268
270
273
274
275
276
277
278
279
281
284
285
286
287
288
289
290
292
295
296
297
298
299
300
301
302
304
307
308
309
310
311
312
313
314
316
319
320
321
322
323
324
325
327
330
331
332
335
336
337
338
339
340
341
342
343
344
345
347
350
352
353
354
355
358
359
360
361
363
366
367
368
369
370
372
374
375
376
377
378
379
380
381
384
386
387
388
389
390
391
392
393
394
395
397
398
399
400
401
404
405
406
407
408
409
410
411
412
414
415
416
417
418
421
422
423
424
425
426