1
3
5
6
7
8
9
10
12
14
15
16
17
18
20
22
24
26
28
30
31
32
33
34
35
36
38
39
40
42
44
46
47
48
50
51
52
53
54
56
57
58
60
61
62
63
64
65
67
69
70
71
72
73
74
75
76
77
78
80
82
83
84
85
86
87
88
89
90
91
92
93
94
95
96
97
98
99
100
101
102
104
105
106
107
108
109
110
113
114
115
116
117
118
120
122
124
125
126
127
128
129
131
133
137
139
143
144
145
146
147
148
149
151
152
153
155
157
158
159
160
161
162
163
164
165
166
168
170
171
172
173
175
177
179
180
182
185
186
188
189
190
191
194
195
197
198
200
201
203
205
206
208
209
210
212
214
215
216
218
219
223
224
225
227
228
229
230
231
232
233
234
235
236
237
238
239
241
242
244
247
248
249
250
251
252
253
254
255
257
258
261
262
263
264
265
266
268
269
271
272
273
276
277
278
279
280
281
282
284
285
286
290
293
294
295
296
297
299
300
302
303
305
306
307
313
314
315
316
317
318
319
320
321
322
323
324
327
328
329
330
331
332
333
334
336
337
338
339
341
343
344
345
346
347
349
350
352
353
355
357
358
360