1
3
5
6
7
8
9
10
12
14
15
16
17
18
20
22
24
26
28
29
31
33
35
36
37
38
39
41
43
45
46
47
49
50
52
54
55
56
57
59
60
62
63
64
66
70
71
72
73
74
75
76
77
79
80
82
83
84
85
86
87
88
89
90
91
93
94
95
96
98
99
100
102
103
105
109
110
111
113
114
115
116
117
118
119
120
122
123
124
126
127
128
130
133
134
135
136
137
138
139
140
142
144
146
147
149
150
152
155
156
158
159
161
164
165
166
167
169
170
171
172
173
174
175
176
177
178
179
180
182
185
187
190
191
192
193
194
196
198
199
200
202
203
205
207
209
212
214
217
218
220
222
225
226
228
229
231
234
235
237
239
241
242
243
244
245
246
248
250
252
253
254
255
256
257
258
259
260
261
262
263
265
267
269
270
272
275
278
279
281
282
283
284
285
287
288
290
292
296
297
298
299
300
301
302
304
305
307
308
310
311
312
314
315
316
318
319
321
323
325
326
327
329
332
333
334
335
336
337
338
339
340
342
344
346
348
350
354
355
356
358
359
360
361
362
363
364
365
366
367
368
369
371
372
373
376
377
378
379
380
381
382
383
384
385
386
388
391
392
393