1
3
5
6
7
8
9
10
12
14
15
16
17
18
20
22
24
26
27
28
30
31
33
34
35
36
37
38
39
41
42
43
44
46
48
50
51
52
54
56
57
58
59
60
62
64
66
67
68
69
70
72
73
75
77
79
83
84
86
88
89
90
93
94
95
96
97
99
100
102
103
104
107
108
109
110
111
113
114
115
116
117
118
119
120
121
123
124
125
126
127
128
129
131
133
134
136
137
138
139
140
141
143
144
146
147
149
150
152
154
156
157
158
161
163
164
167
169
170
171
173
174
176
177
179
180
181
183
184
186
187
189
192
193
194
195
196
198
199
200
201
202
203
204
205
206
207
208
209
210
211
213
215
217
218
222
223
224
225
226
227
228
229
230
232
234
235
236
237
239
240
241
243
244
245
247
249
251
255
256
258
259
260
261
263
266
267
268
269
272
273
274
275
276
277
278
280
282
283
284
285
286
287
288
289
290
292
294
295
296
297
298
299
300
301
302
303
305
306
307
308
309
310
311
312
313
314
317
318
319
320
321
322
323
324
325
327