1
3
5
6
7
8
9
10
12
14
15
16
17
18
20
22
24
26
28
30
32
33
34
35
36
38
40
42
43
44
45
46
47
48
49
52
53
54
55
57
58
60
61
62
63
64
65
67
68
69
70
71
72
73
74
76
77
78
79
80
81
84
85
86
88
89
90
91
92
93
94
95
97
98
99
100
101
102
104
105
108
110
112
113
114
115
117
119
120
122
123
124
127
128
129
130
131
132
133
134
136
137
138
140
141
143
146
148
149
152
153
154
155
156
157
159
160
161
163
164
165
166
167
170
172
173
175
177
179
180
182
184
188
189
190
192
193
196
197
198
199
200
201
202
204
205
207
208
209
210
211
213
215
217
218
219
221
224
225
226
227
229
232
233
234
235
236
237
238
239
240
242
244
246
248
250