1
3
5
6
7
8
9
10
12
14
15
16
17
18
20
22
25
26
29
30
31
32
33
34
35
36
37
38
40
41
42
44
45
46
47
48
49
50
51
52
54
56
57
58
59
61
62
63
64
65
68
70
71
72
73
75
76
77
78
79
82
83
84
85
86
88
89
90
91
92
94
96
97
98
99
100
102
106
107
108
109
110
112
113
114
115
117
118
119
120
122
123
124
125
128
129
130
131
134
135
136
137
139
140
141
142
144
145
146
147
149
150
151
152
154
155
156
157
158
160
161
162
163
164
166
167
168
169
170
172
173
174
175
176
178
179
180
181
182
183
184
187
188
189
190
191
192
193
196
197
198
200
201
202
204
205
206
207
210
211
212
213
214
215
217
218
219
220
221
222
223
225
226
227
228
230
231
232
233
234
236
237
238
239
240
241
242
243
244
245