1
3
5
6
7
8
9
10
12
14
15
16
17
18
20
22
24
26
27
28
29
30
32
34
35
37
38
39
41
42
43
44
45
47
48
50
51
52
53
54
55
56
57
58
59
61
62
63
65
66
68
69
71
72
73
74
76
77
78
79
80
81
82
83
84
85
86
88
89
91
92
94
96
97
98
99
101
102
105
106
107
109
110
112
113
115
117
118
119
120
122
124
125
126
128
131
132
134
135
137
138
139
140
143
144
146
147
149
151
152
153
154
156
157
159
160
162
164
165
166
167
169
170
175
176
178
179
180
181
183
186
187
188
190
194
195
197
198
199
200
203
204
205
206
208
211
214
215
217
218
220
222
223
224
225
227
230
231
233
234
236
238
239
240
241
243
244
245
248
249
252
253
255
256
258
259
261
263
264
265
266
270
271
272
274
276
277
278
281
284
285
287
288
290
291
293
294
295
297
298
299
303
304
305
307
310
312
313
314
318
319
320
322
327
328
330
331
333
334
335
337
338
339
341
342
343
344
346
348
352
353
354
356
357
358
359
361
364
365
366
367
368
371
372
374
375
377
379
380
381
383
384
385
387
388
389
390
392
395
396
398
399
401
402
403
404
405
406
407
410
411
413
414
416
417
419
421
422
423
424
426
427
432
433
434
435
436
437
438
439
440
442
443
444
447
448
449
450
451
452
454
455
456
459
460
462
463
464
466
470
471
473
476
478
479
480
482
485
487
488
489
490
493
497
498
499
500
501
502
503
505
508
510
511
512
513
514
516
517
519
521
524
525
526
528
530
532
535
537
538
539
541
543
544
545
546
547
548
551
553
555
556
557
558
560
561
566
567
569
570
572
574
575
576
577
578
579
580
581
584
587
588
590
591
592
595
597
598
599
600
601
602
603
605
606
607
608
610
613
614
617
618
619
621
623
624
626
627
628
629
630
632