1
3
5
6
7
8
9
10
12
14
15
16
17
18
20
22
24
25
27
28
30
31
32
34
37
40
42
43
44
46
47
48
49
50
53
54
55
56
57
60
61
62
63
66
67
68
70
71
72
73
74
76
79
80
81
82
84
85
86
87
88
90
93
94
95
96
98
99
100
103
104
105
106
108
109
110
111
113
116
117
118
119
122
123
124
125
127
129
132
133
134
135
136
137
138
139
140
141
142
144
145
146
148
150
152
153
154
155
156
159
160
161
162
163
164
167
168
169
170
173
174
175
176
177
180
181
184
187
191
192
193
194
197
198
199
200
203
204
205
206
207
209
210
211
213
215
216
217
218
219
220
223
227
232
233
234
237
238
239
240
241
243
244
245
246
247
249
250
251
252
253
254
255
256
257
258
259
261
265
266
267
270
271
272
273
274
275
276
278
281
282
283
284
285
286
287
288
289
290
291
292
295
296
297
298
299
302