1
3
5
6
7
8
9
10
12
14
15
16
17
18
20
22
24
25
26
27
28
29
30
32
33
34
36
37
39
40
41
42
44
45
46
47
48
49
51
52
53
54
59
60
61
64
65
66
67
68
69
70
71
73
74
75
78
79
80
81
82
83
84
85
87
88
89
90
91
92
93
94
95
96
97
100
101
102
103
104
107
109
113
114
115
116
117
118
119
120
121
122
123
124
125
126
127
128
129
130
134
135
136
137
138
139
140
141
142
143
144
146
147
150
153
154
155
156
157
158
159
160
161
162
166
167
168
169
170
171
172
173
174
175
176
177
178
179
180
181
182
183
184
185
186
187
189
190
192
193
194
195
197
198
199
200
202
203
204
205
207
209