1
3
5
6
7
8
9
10
12
14
15
16
17
18
20
22
24
26
28
30
32
33
35
36
37
38
39
41
43
45
46
47
48
49
50
51
53
55
56
57
58
60
61
64
65
66
67
69
70
71
72
73
75
76
77
78
79
81
82
83
84
85
87
88
89
90
92
93
94
95
96
97
98
99
100
101
103
104
105
106
107
108
109
112
113
114
115
117
118
119
120
121
123
125
127
129
130
131
132
134
136
137
138
141
144
145
146
147
148
149
150
151
152
153
154
155
156
157
158
159
160
161
162
163
164
165
166
167
168
169
170
171
172
173
174
175
176
177
178
179
180
181
182
183
184
185
187
188
190
191
192
193
194
195
196
197
199
201
202
204
206
207
210
211
212
213
214
215
216
219
223
224
225
226
227
228
229
230
231
232
233
234
235
236
237
238
239
240
241
242
243
244
245
246
247
248
249
250
251
252
253
254
255
256
257
258
259
260
261
262
263
264
265
266
267
268
269
270
271
272
273
274
275
276
278
280
282
283
285
286
288
292
294
296
299
301
302
303
304
305
309
310
311
312
313
315
316
317
318
319
320
322
324
326
328
329
331
333
334
337
338
339
340
343
346
347
348
349
350
351
352
353
354
355
356
358
359
360
362
364
365
367
368
371
373
375
376
377
378
380
381
382
384
387
389
391
392
394
396
397
399
400
401
402
403
404
405
406
407
408
409
410
412
414
415
416
419
421
423
424
425
426
427
428
430
432
433
434
437
440
441
442
443
444
445
446
448
449
450
451
452
454
456
458
459
460
461
462
463
465
466
467
469
472
473
475
479
480
481
482
484
485
486
487
488
489
490
491
492
493
494
495
496
497
498
499
500
501
502
503
504
505
506
507
508
509
510
511
512
513
514
515
516
517
518
519
520
521
522
523
524
525
526
527
528
529
531
532
534
536
537
538
539
541
543
544
545
547
548
549
550
552
553
554
555
556
557
558
559
560
561
562
564
565
567
568
569
570
571
574
576
578
579
580
581
582
583
584
585
586
587
588
589
591
592
594
595
596
597
598
603
605
607
608
609
612
613
614
615
616
617
619
620
622
623
624
625
626
627
631
634
635
636
637
640
641
642
643
644
645
646
647
648
650
651
652
653
654
655
656
657
658
659
660
661
662
663
664
665
667
668
669
670
671
673
674
675
677
679
680
682
684
685
688
689
690
692
693
694
695
697
699
700
701
703
705
706
707
708
712
715
716
717
718
719
720
721
722
723
724
725
726
727
728
729
730
732
733
734
735
736
738
739
740
743
744
745
746
747
748
749
750
751
752
753
754
755
756
758
760
762
764
765
767
770
773
774
776
777
778
780
781
782
783
784
785
788
789
790
791
792
793
794
795
796
797
798
799
800
801
802
803
804
805
806
807
808
809
810
811
812
813
814
815
816
817
818
819
820
821
822
823
824
825
826
827
828
830
831
832
833
834
835
836
837
838
839
840
841
842
845
846
847
848
849
850
851
852
853
854
855
857
860
861
862
863
864
865
866
867
868
869
871
872
873
875
876
877
879
880
881
883
885
886
891
892
893
894
895
896
897
899
900
901
902
903
904
905
906
907
908
909
910
911
912
913
914
915
916
918
920
922
925
927
929
931
932
933
934
935
936
937
938
939
940
942
944
945
946
947
949
951
952
953
954
955
956
958
960
961
963
964
965
966
967
968
970
971
972
973
974
975
976
977
981
984
985
986
987
988
989
990
991
992
993
994
995
996
997
999
1001
1003
1005
1006
1007
1008
1009
1010
1011
1013
1015
1017
1019
1020
1022
1024
1025
1028
1029
1030
1031
1032
1035
1038
1039
1040
1041
1042
1043
1044
1045
1046
1048
1049
1050
1051
1052
1053
1054
1055
1056
1057
1058
1059