1
3
5
6
7
8
9
10
12
14
15
16
17
18
20
22
24
26
27
28
30
32
33
34
35
36
37
38
39
41
43
45
46
47
49
50
52
53
54
55
56
57
58
59
62
64
65
66
67
68
69
70
71
72
73
74
75
76
77
78
79
80
81
82
83
84
86
88
90
93
94
95
96
97
98
99
100
101
102
103
104
105
106
107
108
109
110
111
112
114
115
117
118
119
120
122
126
127
128
129
130
131
132
133
134
135
136
139
140
142
144
146
148
150
151
153
155
156
160
163
166
167
168
169
170
171
172
173
174
175
176
177
178
179
180
182
184
185
187
190
193
194
195
196
197
198
199
200
201
202
203
204
205
207
209
213
214
215
217
218
219
220
221
223
225
227
228
229
231
233
235
237
239
240
241
242
243
245
246
247
249
250
251
252
253
254
256
257
258
260
261
262
265
266
267
270
273
275
278
280
282