1
3
5
6
7
8
9
10
12
14
15
16
17
18
20
22
25
27
28
29
30
32
33
34
36
38
39
40
41
42
43
44
45
46
47
48
49
50
51
52
53
54
55
56
57
58
59
60
64
65
66
67
70
71
72
73
76
77
78
79
80
81
82
83
84
85
86
87
90
91
92
93
94
95
96
97
98
99
103
104
107
108
111
112
115
119
120
123
124
127
130
133
136
139
142
145
148
149
152
155
158
161
165
169
170
171
172
174
175
176
177
178
179
180
181
182
185
186
187
188
189
190
191
192
193
196
197
198
199
200
201
202
203
204
205
206
207
208
209
210
211
212
213
215
216
217
218
220
221
222
224
225
227
228
229
231
232
233
234
236
237
238
239
240
241
242
243
244
245
246
247
248
249
252
253
254
256
257
258
259
262
263
265
266
267
268
270
271
272
273
276
277
278
279
281
282
283
285
286
287
289
290
291
292
293
295
296
299
300
301
304
305
306
307
308
309
310
311
313
314
316
317
318
319
320
321
322
324
325
327
328
330
331
333
337
338
339
340
341
342
343
344
345
346
347
349
351
352
353
354
355
356
358
359
360
361
362
364
365
366
367
369
370
371
372
373
374
375
378
379
380
382
383
386
388
389
390
391
392
393
394
395
396
397
399
400
401
402
403
407
408
409
410
412
413
414
418
421
424
428
429
430
431
432
434
435
438
439
440
441
442
443
446
447
448
449
450
453
454
455
458
459
460
463
464
465
466
467
468
469
470
471
472
474
475
476
477
478
479
480
481
482
483
484
486
490
491
492
493
495
498
499
500
501
502
505
508
509
510
511
512
514
515
516
517
518
519
521
524
525
529
530
533
534
535
538
539
542
543
544
545
546
547
548
549
550
551
554
555
556
559
560
561
564
568
569
570
571
572
573
574
575
577
578
579
580
581
583
584
585
587
588
590
591
594
597
598
601
602
603