1
3
5
6
7
8
9
10
12
14
15
16
17
18
20
22
23
25
26
27
28
30
31
32
33
34
36
38
39
40
42
45
46
47
48
49
50
51
52
54
55
58
61
62
63
64
66
68
69
70
71
72
73
74
75
76
77
78
79
80
81
82
83
85
86
88
89
90
91
93
96
97
98
99
100
101
102
103
105
106
107
108
110
111
113
114
117
118
119
121
122
124
125
126
127
129
130
131
134
135
136
137
138
139
140
141
142
143
144
145
146
148
150
151
153
157
163
164
165
166
167
168
169
170
171
173
174
175
177
178
179
181
182
184
186
187
188
189
192
195
197
198
199
200
201
202
203
204
206
207
208
210
211
212
214
215
217
219
220
221
222
223
225
228
229
230
232
233
234
236
237
238
239
241
242
244
246
247
248
250
251
253
255
256
259
261
263
264
265
266
268
271
273
275
277
278
280
281
282
283
284
286
287
289
291
292
293
295
296
297
299
300
303
304
306
308
310
311
312
313
314
317
318
320
324
325
326
327
328
329
330
331
332
333
336
337
338
339
340
341
343
347
348
349
350
351
352
354
359
360
361
362
363
364
365
366
367
368
369
370
372
373
374
375