1
3
5
6
7
8
9
10
12
14
15
16
17
18
20
22
24
26
28
30
31
32
33
34
35
37
39
41
43
45
46
48
50
52
54
56
57
58
59
60
61
62
65
66
67
68
69
70
71
72
73
74
75
76
77
78
79
80
81
82
83
84
86
88
89
90
91
92
93
94
95
96
97
98
99
100
101
102
103
104
105
106
107
108
109
110
111
112
113
114
116
117
118
119
120
121
122
123
124
125
126
127
128
129
130
131
132
133
134
137
138
139
140
141
142
143
144
145
146
147
148
149
150
151
152
153
154
155
156
157
159
160
161
162
166
167
168
169
170
171
172
173
174
176
177
179
180
181
182
184
185
186
187
188
189
190
192
194
195
196
197
198
199
200
202
204
205
209
210
212
213
215
216
218
219
220
221
222
223
225
226
227
229
230
231
232
233
234
235
236
237
239
240
241
244
245
246
247
248
249
250
251
252
254
255
256
257
258
260
261
263
265
266
267
268
269
270
271
272
273
274
275
276
277
278
279
280
281
282
283
284
285
286
287
288
291
292
293
296
297
298
299
301
302
305
306
307
308
309
311
312
313
314
316
318
319
320
321
322
326
327
328
329
331
332
333
334
335
336
337
338
339
340
341
342
344
346
349
350
351
352
353
354
355
357
358
359
360
361
362
363
364
365
366
367
368
370
371
372
373
374
375
376
379
381
384
386