1
3
5
6
7
8
9
10
12
14
15
16
17
18
20
22
24
25
26
27
28
29
30
31
32
33
34
35
36
38
39
40
41
42
43
45
46
47
48
49
50
51
52
53
54
55
56
57
58
59
60
61
62
64
65
66
68
69
70
71
73
74
76
77
78
79
80
81
82
83
84
86
87
88
90
91
92
93
94
95
96
99
100
101
102
103
104
105
107
108
110
111
113
114
115
116
117
118
119
120
121
122
124
125
128
129
130
131
134
135
136
138
139
140
141
142
143
144
145
146
147
148
149
152
153
154
155
156
157
158
160
161
162
163
164
165
166
167
169
171
172
173
174
175
176
177
178
179
180
182
185
186
187
188
189
190
191
192
193
195
196
198
200
202
203
205
207
208
209
210
211
212
213
214
215
216
219
221
222
223
225
226
228
229
230
231
235
236
237
239
240
241
243
244
245
247
248