1
3
5
6
7
8
9
10
12
14
15
16
17
18
20
22
24
25
26
27
28
29
30
31
32
33
34
35
36
38
39
40
41
42
43
45
46
47
48
49
51
53
54
55
56
57
58
59
60
61
63
64
65
66
67
69
70
71
72
74
75
76
78
79
80
81
82
85
86
88
89
90
91
92
94
95
96
97
98
100
101
103
104
105
106
107
109
110
111
115
116
118
119
120
121
122
123
124
126
127
128
129
130
131
132
133
135
136
137
138
140
142
143
144
145
146
147
148
152
153
155
156
157
158
159
161
162
163
164
165
167
168
171
172
174
175
176
177
178
180
181
182
184
185
186
187
188
189
191
193
195
196
200
201
203
204
205
206
207
208
209
210
211
212
213
214
215
216
217
218
221
223
224
225
226
228
230
231
232
233
237
238
239
242
243
244
245
246
247
248
250
251
252
253
254
255
257
258
261
262
264
265
266
268
269
270
274
275
276
278
279
280
281
282
283
284
285
286
288
289
290
292
293
294
295
296
298
300
302
303
307
308
309
310
311
313
314
315
316
317
319
320
321
322
323
324
325
326
328
330
331
335
336
337
339
340
341
342
343
344
345
347
348
351
352
353
354
355
356
358
359
362
363
364
366
368
369
370
372
374
375
376
378
381
382
385
386
387
389
392
393
394
395
396
400
401
402