1
3
5
6
7
8
9
10
12
14
15
16
17
18
20
22
24
25
27
29
30
32
34
36
37
38
39
40
41
42
43
44
45
46
47
48
49
50
52
53
54
57
58
61
63
64
66
68
70
72
74
77
78
82
83
85
88
89
91
93
95
96
99
101
102
107
108
110
112
114
116
120
121
123
124
126
127
128
129
130
131
132
133
134
135
137
138
139
142
144
146
150
151
152
153
154
155
157
159
161
162
168
169
170
172
174
176
180
181
183
184
186
187
188
189
190
191
192
193
194
195
197
198
199
202
204
206
210
212
213
215
218
219
221
224
225
226
227
229
232
233
234
235
236
237
238
239
240
241
242
243
244
245
246
247
249
251
253
255
256
258
260
262
263
264
265
268
269
271
273
275
280