1
3
5
6
7
8
9
10
12
14
15
16
17
18
20
22
24
26
28
30
32
33
34
36
37
38
41
42
43
44
46
47
49
50
52
54
55
56
57
58
59
60
61
62
63
64
65
66
67
68
69
70
71
72
73
75
77
79
81
82
83
84
85
86
88
89
90
91
92
93
94
96
97
100
101
102
103
105
106
107
108
110
111
112
113
114
115
116
117
118
119
120
121
122
123
124
125
126
127
128
130
131
133
134
135
137
138
141
143
145
146
147
148
149
152
155
156
157
158
159
160
161
162
163
164
165
166
167
168
169
170
171
172
173
174
175
177
178
179
180
181
182
185
186
187
188
189
190
191
192
193
194
195
196
197
198
199
200
201
202
203
205
206
208
210
211
212
213
214
217
218
219
220
224
225
226
227
228
229
230
231
232
233
234
235
236
237
238
239
240
241
242
243
244
245
246
247
249
251
253
254
255
257
258
260
262
263
265
266
268
270
272
273
274
275
276
277
282
283
284
285
287
288
291
293
296
298
301
304
305
306
307
308
309
310
311
312
313
314
315
316
317
318
319
321
322
324
325
326
328
329
332
335
336
337
338
339
342
345
346
347
348