1
3
5
6
7
8
9
10
12
14
15
16
17
18
20
22
24
26
28
29
30
31
32
34
36
38
39
40
42
43
44
45
46
47
48
49
50
51
52
53
54
55
56
57
59
61
62
63
64
65
67
68
70
71
72
73
76
77
78
79
80
81
82
83
84
85
86
87
88
89
90
91
92
93
94
95
97
98
100
102
103
104
105
106
107
109
110
111
112
113
114
116
117
118
119
120
121
123
124
125
126
127
128
129
130
131
134
135
136
138
139
140
142
143
144
145
146
147
150
151
154
155
157
161
162
163
164
167
168
171
172
174
178
179
180
182
183
184
186
188
190
192
194
196
197
198
203
206
207
208
209
210
211
212
213
214
215
216
217
218
219
220
221
222
223
224
226
227
229
231
232
234
236
238
239
242
245
246
247
249
250
251
252
255
256
258
259
261
264
265
266
267
268
269
270
271
274
275
276
278
281
282
283
284
287
290
291
292
293
294
295
296
297
300
302
304
305
306
310
313
314
316
319
320
321
322
323
324
325
326
328
330
332
334
335
336
340
341
342
343
345
346
347
348
349
350
351
352
353
354
355
356
357
358
359
360
361
362
363
364
366
367
369
370
372
374
375
376
377
379
381
383
385
387
391
395
397
398
402
403
404
405
406
407
408
409
410
411
412
413
414
415
416
417
418
419
420
421
422
423
426
427
429
431
432
434
436
437
438
439
443
445
447
449
451
453
456
460
461
462
463
464
465
466
467
468
469
470
472
475
477
479
481
483
485
486
489
491
494
496
498
502
503
504
505
506
507
508
509
511
512
514
516
518
520
522
524
526
527
528
530
532
533
535
537
538
539
541
544
546
549
551
553
557
558
559
560
561
562
563
564
565
566
567
568
569
570
571
572
573
574
575
576
577
578
579
580
581
582
583
584
585
586
587
588
589
590
591
593
595
597
600
602
604
605
606
609
611
613
615
617
619
620
621
622
624
625
626
627
628
629
631
632
634
635
636
639
641
643
645
647
649
650
653
655
656
657
659
661
662
666
667
668
669
671
673
674
675
676
677
680
681
682
683
684
685
686
687
689
690
692
694
696
697
698
699
703
704
705
706
709