1
3
5
6
7
8
9
10
12
14
15
16
17
18
20
22
24
26
28
30
31
32
33
35
36
38
39
40
41
42
44
45
46
47
48
49
50
52
54
55
56
57
58
59
61
62
63
64
66
68
69
70
71
72
73
74
75
76
77
78
79
80
82
84
85
86
87
88
89
90
91
93
94
95
96
98
99
100
101
102
103
104
105
106
107
108
109
110
111
112
113
114
115
116
117
118
119
120
121
123
124
125
126
127
128
129
130
131
132
134
135
138
141
142
144
145
147
149
150
152
153
155
156
158
160
161
164
165
167
168
169
171
172
174
175
177
178
179
180
181
182
183
184
185
186
187
188
189
190
191
193
194
195
196
198
199
200
202
203
205
208
210
211
212
215
216
217
218
219
220
221
222
224
225
226
227
228
229
230
233
235
237
239
240
241
243
244
245
246
248
249
250
251
253
255
257
260
261
262
264
266
269
270
272
274
275
276
277
278
279
281
283
286
288
290
291
292
293
296
299
300
302
303
304
306
309
310
312
314
317
318
320
321
322
324
325
326
327
329
331
332
334