1
3
5
6
7
8
9
10
12
14
15
16
17
18
20
22
24
26
28
30
32
34
36
37
38
39
40
41
42
43
44
45
46
47
48
49
51
52
53
54
56
58
60
62
63
64
65
66
67
68
69
70
71
73
74
76
77
78
79
81
82
83
84
85
86
87
88
89
90
91
93
94
95
96
97
98
100
101
102
103
105
106
107
108
109
110
112
113
115
116
117
119
120
121
122
124
125
126
127
128
129
130
131
132
133
134
135
136
137
138
139
140
141
143
144
145
146
147
148
149
151
152
153
154
156
157
159
160
161
162
163
165
166
167
168
170
171
172
173
174
175
176
177
178
179
180
181
182
183
184
185
186
187
189
190
192
193
194
195
196
197
199
200
202
203
204
205
206
208
209
210
211
213
214
216
217
218
219
221
222
224
225
226
227
228
229
231
232
234
235
236
237
239
240
242
243
245
246
247
248
249
250
252
253
254
255
256
257
258
260
261
263
264
265
266
267
269
270
271
272
274
275
276
277
278
279
281
282
284
285
286
287
289
290
291
292
293
294
295
297
298
300
301
302
303
305
306
307
308
309
310
311
312
313
314
315
316
317
318
319
320
323
324
326
327
329
330
331
333
334