1
3
5
6
7
8
9
10
12
14
15
16
17
18
20
22
24
25
27
28
30
31
32
33
34
35
36
38
39
41
43
44
45
46
47
48
49
50
51
52
54
56
57
60
61
62
63
65
66
68
69
72
76
77
78
79
81
83
84
85
88
91
92
93
94
96
97
99
100
101
102
103
104
108
111
112
113
114
115
117
121
122
123
125
126
127
128
129
131
134
135
137
140
141
143
144
147
148
149
151
152
153
155
157
158
161
164
165
166
167
169
170
172
173
174
175
178
179
182
184
186
188
189
191
192
193
195
196
197
198
199
201
202
203
206
209
210
211
212
214
215
217
218
222
223
224
225
226