1
3
5
6
7
8
9
10
12
14
15
16
17
18
20
22
24
25
26
27
28
29
31
33
35
37
38
39
41
42
43
44
46
47
49
50
53
54
55
57
58
59
60
61
63
64
65
66
67
70
71
73
74
75
77
78
80
81
82
84
85
87
88
89
91
92
93
95
96
97
99
100
101
102
103
104
105
106
108
109
110
111
114
115
116
117
118
121
122
123
124
126
128
131
132
133
135
136
137
138
139
140
141
142
143
145
146
149
150
151
152
153
154
155
157
160
161
163
164
165
168
170
171
172
173
175
178
180
181
182
184
185
187
190
191
193
194
195
196
197
200
201
202
203
204
207
208
209
211
212
214
215
216
218
219
220
223
224
226
229
230
232
233
234
237
238
239
240
242
243
244
248
250
251
255
256
257
258
259
260
261
263
264
265
267
268
269
271
272
273
276
277
278
279
282
284
285
287
288
291
294
295
296
297
299
300
303
306
307
308
309
310
311
312
313
314
315