1
3
5
6
7
8
9
10
12
14
15
16
17
18
20
22
24
26
27
28
29
31
33
35
37
38
39
40
42
45
46
49
51
52
54
55
56
59
60
61
62
63
64
65
66
68
70
72
74
75
80
81
82
83
84
85
86
87
88
89
90
91
93
94
95
96
98
100
101
102
103
104
105
107
108
109
111
112
114
116
118
119
124
125
126
128
129
130
132
133
135
136
138
140
142
143
148
149
150
151
152
153
154
155
156
158
160
162
164
165
166
168
170
172
173
178
179
180
181
182
183
184
185
186
187
188
189
190
191
192
193
195
196
197
198
200
201
202
203
204
205
206
207
210
211
212
214
215
217
219
220
225
226
228
230
231
232
234
235
236
238
239
240
241
242
244
247
249
250
253
254
256
257
258
259
260
261
262
264
265
266
268
270
272
273
278
279
281
284
285
286
288
289
291
292
294
295
298
299
302
303
304
306
308
310
312
313