1
3
5
6
7
8
9
10
12
14
15
16
17
18
20
22
25
26
27
28
31
32
35
36
38
39
41
43
44
46
47
49
50
52
53
55
56
57
59
60
62
64
66
67
68
70
72
73
75
76
78
79
80
82
83
84
86
87
89
90
92
93
95
96
98
99
101
102
104
105
107
108
110
111
113
114
116
117
119
120
122
123
125
127
128
130
131
133
134
136
137
139
140
142
143
145
146
147
149
150
151
153
154
155
157
158
159
160
161
162
163
164
166
168
169
172
173
175
176
178
179
181
182
184
185
187
188
190
191
194
195
198
199
201
202
204
205
207
208
210
211
213
214
216
217
219
220
223
224
226
227
229
230
232
233
236
237
239
240
242
243
245
246
247
248
249
252
253
255
256
258
259
261
262
265
266
268
269
270
271
272
274
275
277
278
280
281
283
284
286
287
289
290
292
293
295
296
298
299
301
302
303
305
306
308
309
311
312
314
315
317
318
320
321
323
324
326
327
329
330
332
333
335
336
338
339
341
342
344
345
347
348
350
351
353
354
356
357
359
360
362
363
365
366
368
369
371
372
374
375
377
378
380
381
383
384
386
387
389
390
392
393
395
396
398
399
402
403
404
405
406
408
409
412
413
415
416
418
419
421
422
424
425
427
428
430
431
433
434
436
437
439
440
442
443
445
446
449
450
452
453
455
456
458
459
460
461
462
464
465
467
468
470
471
473
474
476
477
479
480
482
483
485
486
487
489
490
492
493
495
496
498
499
501
503
504
506
507
509
510
512
513
514
515
518
520
521
523
524
526
527
529
530
532
533
535
536
538
539
541
542
543
545
546
548
549
551
552
554
555
557
558
560
561
563
564
566
567
569
570
572
573
575
576
578
579
581
582
584
585
587
589
590
591
593
594
596
597
599
600
602
603
604
606
607
608
610
611
613
614
616
617
619
620
622
623
625
626
628
629
631
632
634
635
637
638
640
641
643
644
646
647
649
650
652
653
655
656
658
659
661
662
664
665
668
670
671
673
674
676
677
679
680
682
683
685
686
688
689
691
692
694
695
698
699
701
702
704
705
707
708
710
711
713
714
717
718
720
721
722
723
724
726
727
728
730
731
733
734
737
738