1
3
5
6
7
8
9
10
12
14
15
16
17
18
20
22
24
25
26
28
29
31
33
36
37
38
39
40
41
43
45
46
49
50
51
52
53
54
55
56
57
58
59
60
61
63
64
65
66
68
70
71
75
76
77
78
79
80
81
82
83
84
85
86
87
88
89
90
91
92
93
94
96
97
98
99
100
102
104
105
106
107
108
109
110
111
113
115
116
117
118
121
122
123
124
125
126
127
128
129
130
131
132
133
134
135
136
137
138
140
141
142
144
147
148
150
151
152
153
154
155
156
159
160
161
162
163
164
165
166
167
168
169
171
172
174
176
179
180
181
182
183
184
185
187
189
191
192
194
196
200
203
204
205
206
207
208
209
210
211
212
213
214
215
216
217
218
219
220
221
222
223
224
225
226
227
228
229
230
231
232
234
236
237
238
239
240
242
243
244
246
248
249
250
251
252
253
254
255
256
257
258
261
262
263
264
265
266
267
268
269
270
271
272
273
274
275
276
277
278
279
281
282
284
285
286
287
289
290
291
292
293
295
296
297
298
299
302
303
304
306
309
310
311
312
313
314
315
316
317
318
320
322
324
325
326
328
330
332
334
336
340
343
344
345
346
347
348
349
350
352
353
354