1
3
5
6
7
8
9
10
12
14
15
16
17
18
20
21
23
25
26
28
29
31
32
34
36
37
38
40
42
44
45
47
48
50
52
53
54
56
58
61
62
63
64
66
67
68
69
70
71
72
73
74
75
76
77
78
79
80
81
82
83
84
85
86
87
88
89
92
93
94
95
97
98
99
100
101
102
104
105
106
107
108
109
110
111
112
113
114
115
116
118
119
120
121
123
124
125
126
129
130
131
132
133
134
135
136
139
140
141
142
143
144
146
147
148
149
150
151
152
153
154
155
156
157
160
161
162
163
164
168
170
171
174
175
176
178
181
183
184
185
186
188
189
190
193
194
195
196
198
199
200
201
202
203
204
205
206
208
209
211
214
215
216
217
218
219
221
224
226
229
231
234
236
239
241
244
246
249
251
254
255
256
257
258
259
260
262
266
267
268
269
270
271
272
273
274
275
276
277
278
279
280
282
283
284
285
286
287
288
289
290
292
294
295
296
297
298
299
301
303
305
306
307
308
309
310
311
312
313
314
315
317
318
319
320
322
324
326
327
329
331
332
336
339
340
341
342
344
345
346
347
348
349
350
351
352
353
356
358
360
362
363
364
367
369
371
372
373
377
380
382
383
386
388
391
393
394
397
399
400
401
402
403
407
409
412
413
414
415
416
417
419
420
421
423
424
425
428
429
430
432
433
436
437
439
440
441
444
445
447
450
451
452
453
454
455
457
460
461
464
465
466
467
469
470
471
473
474
475
478
479
481
482
484
485
488
490
491
494
495
497
499
501
504
505
506
507
508
509
510
511
512
513
515
518
519
520
522
524
526
527
529
531
533
535
537
539
541
542
543
544
545
546
548
551
552
553
555
557
559
560
562
564
566
568
570
571
572
573
574
576
579
581
582
583
584
585
586
587
588
589
590
592
595
596
597
599
601
603
604
606
608
610
612
614
616
618
619
620
621
622
623
625
628
629
630
632
634
636
637
639
641
643
645
647
649
651
652
653
654
655
656
658
661
662
663
665
667
669
670
672
674
676
678
680
681
682
683
684
685
690
691
692
694
696
698
700
701
703
705
707
709
711
712
713
714
715
716
719
721
722
723
724
726
728
730
731
732
734
736
738
740
742
743
745
747
748
750
752
753
757
759
763
765
767
769
770
771
772
773
774
775
777
779
781