1
3
5
6
7
8
9
10
12
14
15
16
17
18
20
22
24
25
26
27
29
31
32
33
35
37
39
40
41
42
44
45
46
47
49
50
51
53
55
58
59
60
61
63
64
65
66
67
68
69
70
72
73
74
75
77
78
79
80
82
84
85
86
87
88
89
90
92
93
94
95
97
98
99
100
101
103
105
106
107
108
109
110
111
112
114
115
116
117
119
120
121
122
124
126
127
128
129
130
131
132
135
136
137
138
140
141
142
143
144
145
146
148
150
151
152
153
154
155
156
157
158
160
161
162
163
164
166
167
169
170
171
172
173
174
176
177
178
179
181
183
184
185
188
189
190
191
193
195
196
197
200
201
202
203
204
205
208
209
210
211
212
214
215
216
217
218
219
221
222
223
224
225
226
228
230
231
232
233
234
237
238
239
241
242
243
244
245
246
249
250
251
252
254
255
257
258
259
261
262
263
264
266
267
268
269
270
273
274
275
276
277
278
279
280
281
283
284
286
287
288
290
291
292
293
294
296
297
298
300
301
302
303
305
306
307
308
311
312
313
314
315
316
317
318
319
320
321
322
323
325
326
327
328