1
3
5
6
7
8
9
10
12
14
15
16
17
18
20
22
24
25
26
27
29
30
31
33
34
35
38
39
40
41
42
43
45
47
48
49
50
52
53
54
55
56
57
58
60
62
64
65
66
67
68
71
72
74
75
76
78
79
82
83
84
86
87
88
91
92
93
95
96
97
99
102
103
104
106
107
109
111
114
115
116
117
118
120
121
122
124
125
126
127
128
131
132
133
135
137
140
142
144
145
148
152
153
156
157
158
159
160
161
162
163
164
168
169
170
172
174
177
179
182
184
187
189
192
194
197
199
202
204
207
209
212
214
217
218
220
222
223
225
226
228
229
231
232
233
234
236