1
3
5
6
7
8
9
10
12
14
15
16
17
18
20
22
24
25
26
27
28
29
30
32
33
35
36
38
40
41
42
44
46
48
50
52
53
55
57
59
60
63
64
65
66
67
68
69
70
72
74
76
78
79
80
81
82
83
86
87
88
91
92
93
94
95
96
98
101
102
103
104
105
106
107
108
109
110
111
112
113
114
115
116
117
118
119
120
121
122
123
124
126
128
129
130
131
132
134
135
136
137
138
140
141
142
145
146
147
148
149
150
151
152
155
157
158
161
162
163
164
165
167
169
171
173
175
179
181
184
187
188
189
192
193
194
197
198
199
200
201
202
203
204
205
206
207
208
212
213
215
217
218
222
223
224
226
229
230
231
232
233
234
236
237
238
239
241
244
248
251
252
253
254
255
256
257
258
259
260
262
263
267
268
269
270
271
272
273
274
275
276
277
280
281
282
283
284
285
286
287
288
289
292
293
294
297
298
299
302
303
304
307
308
309
312
313
314
317
318
319
320
321
322
323
324
325
326
327
328
329
330
331
332
333
334
335
336
338
339
341
342
343
344
345
346
348
349
350
351
352
353
354
355
356
357
358
360
361
362
363
364
365
366
367
369
372
373
374
375
376
377
378
379
380
381
382
383
384
386
387
388
389
390
391
392
393
394
395
396
397
399
400
402
403
404
405
406
407
408
409
410
411
412
413
414
415
416
417
418
419
421
422
423
424
425
427
428
429
430
431
432
433
434
435
436
437
438
439
440
441
443
446
448
452
454
455
457
458
461
462
463
465
466
467
468
469
470
471
472
473
474
475
476
477
479
480
481
483
484
485
486
488
490
492
493
495
497
499
502
503
504
507
508
510
511
513
514
515
516
517
519
520
523
525
526
527
528
529
530
531
533
537
538
539
540
542
543
544
548
549
550
551
553
556
557
558
559
561
564
565
566
567
568
569
570
571
572
573
574
575
576
577
578
580
581
583
584
585
586
587
588
589
590
591
592
594
595
597
600
602
604
606
607
608
610
614
615
616
617
619
620
622
626
627
629
630
632
634
636
637
640
641