1
3
5
6
7
8
9
10
12
14
15
16
17
18
20
22
24
26
27
28
29
30
32
34
35
36
38
39
40
41
43
45
47
49
51
53
54
57
58
59
61
62
63
64
65
67
68
69
70
72
73
76
77
78
80
81
82
83
84
86
89
90
91
92
94
97
98
99
100
102
105
106
107
108
110
113
114
115
116
118
121
122
123
125
126
127
128
129
130
131
132
133
134
135
136
137
138
139
140
141
142
144
146
147
148
149
150
151
152
153
154
156
158
159
160
162
163
164
166
167
168
169
170
171
172
173
174
175
177
179
182
183
184
185
186
187
188
189
190
192
193
194
196
198
199
202
204
206
207
208
209
210
214
215
216
217
220
221
222
223
224
225
226
227
228
229
230
231
232
233
234
236
239
240
241
243
245
248
249
250
251
252
253
254
255
256
257
258
259
260
261
262
263
264
265
266
267
268
269
270
271
272
273
274
275
276
277
278
279
280
281
282
283
284
285
286
287
288
289
290
291
292
293
294
295
296
297
298
299
300
301
302
303
305
306
307
309
310
312
314
315
318
319
320
322
325
326
327
329
331
332
334
335
336
338
342
343
345
346
348
349
351
352
353
355
356
357
358
359
361
362
364
366
367
368
373