1
3
5
6
7
8
9
10
12
14
15
16
17
18
20
22
24
26
28
30
31
32
33
34
35
36
37
38
39
40
41
42
44
46
48
52
54
55
56
57
58
59
60
62
64
65
66
67
68
70
71
72
73
74
75
76
78
79
80
81
82
83
84
86
88
89
90
91
92
93
95
96
97
98
100
101
103
104
105
106
109
110
111
112
114
115
116
117
119
120
121
122
123
124
125
126
127
128
131
133
134
135
136
138
139
140
141
142
143
144
145
147
148
149
150
151
152
153
154
156
157
158
159
161
162
163
164
166
167
168
169
171
172
173
174
175
176
177
178
179
180
181
182
185
186
187
188
190
191
192
193
195
196
197
198
200
201
202
203
204
205
206
207
208
209
210
211
212
213
214
215
216
217
218
219
220
222
223
224
225
226
227
228
229
230
232
233
235
236
237
238
239
240
241
242
243
244
245
246
247
248
249
250
251
252
253
254
255
256
257
259
260
263
264
265
266
268
269
270
271
272
273
274
275
276
277
278
279
280
281
282
284
285
286
287
288
289
290
292
293
295
297
299
300
301
302
303
304
305
306
307
309
310
311
312
314
315
316
317
318
319
320
323
324
325
327
328
330
331
333
334
335
336
337
338
339
340
341
342
343
344
345
346
347
348
349
350
351
352
353
354
355
356
357
358
359
360
361
362
363
364
365
366
367
368
369
370
371
372
373
374
375
376
377
378
379
380
382
383
385
386
387
388
389
391
392
393
394
395
396
397
398
399
400
401
402
403
404
405
407
408
409
411
412
413
414
415
416
418
419
421
422
424
426
428
429
431
433
436
437
439
440
442
443
444
445
446
447
449
451
452
453
454
455
456
457
458
459
460
461
462
463
464
465
466
467
468
469
470
472
474
475
476
477
478
479
481
482
483
484
485
486
488
489
490
491
492
493
494
495
496
498
499
501
502
503
504
505
506
507
508
509
510
512
513
514
515
517
518
519
520
521
522
523
524
525
527
528
530
531
532
533
534
535
536
537
538
539
540
541
542
543
545
546
547
548
549
550
551
552
553
555
556
557
558
559
560
561
562
563
564
565
566
567
569
571
572
573
575
577
578
579
580
581
582
583
584
586
587
588
589
590
591
592
593
594
596
597
598
599
600
601
602
603
604
605
606
608
610
611
612
613
614
615
616
617
618
620
621
622
623
624
625
626
627
628
630
631
632
633
634
635
636
637
638
639
640
641
642
643
644
645
646
647
648
649
650
652
653
654
655
657
658
659
660
661
662
663
664
665
666
667
669
670
671
672
673
674
676
678
679
680
681
683
684
685
686
688
689
690
691
693
694
696
697
698
699
700
702
703
704
705
706
707
708