1
3
5
6
7
8
9
10
12
14
15
16
17
18
20
22
24
25
26
28
29
30
31
32
34
35
36
38
40
42
43
44
45
46
48
49
51
52
53
54
55
56
57
58
59
60
61
63
64
65
66
67
69
70
72
74
75
76
78
79
81
82
83
85
86
88
89
92
93
94
96
97
99
101
102
104
106
108
110
112
115
119
120
121
122
123
124
126
127
129
131
132
136
137
138
139
140
144
145
146
147
148
149
150
151
153
154
155
156
157
159
160
163
164
166
168
169
172
173
174
175
176
177
180
182
183
184
185
186
187
188
189
191
192
193
195
196
197
198
199
202
206
207
209
210
211
212
213
214
215
216
218
219
220
221
222
224
226
227
228
229
232
233
235
236
237
238
240
241
242
244
246
250
251
252
253
254
255
257
258
259
261
263
264
265
266
267
268
269
270
271
273
277
278
280
282
283
285
286
287
288
289
290
292
294
295