1
3
5
6
7
8
9
10
12
14
15
16
17
18
20
22
24
25
27
28
29
30
31
32
33
34
35
36
37
38
39
40
42
43
44
45
46
48
49
50
52
53
54
56
57
58
59
60
61
62
63
65
67
69
70
71
74
75
76
77
78
79
81
84
85
86
87
88
89
91
94
95
96
97
98
99
101
104
105
106
107
108
110
112
114
115
116
117
118
119
120
122
124
128
129
130
131
132
134
135
137
138
139
141
144
145
146
147
148
149
151
154
155
156
157
158
159
161
164
165
166
167
168
169
171
174
175
176
177
178
179
180
181
182
183
184
186
189
190
191
192
193
194
195
196
197
198
199
200
202
204
206
207
208
209
210
211
212
213
215
216
217
218
219
221
222
226
227
228
229
230
231
232
233
234
235
236
238
239
240
241
242
244
246
248
249
254
255
256
257
258