1
3
5
6
7
8
9
10
12
14
15
16
17
18
20
22
24
25
26
27
28
30
31
32
34
36
38
39
40
41
43
44
45
46
47
48
49
51
52
55
56
60
61
62
67
69
70
76
78
79
80
81
85
86
87
88
89
90
91
92
93
95
96
99
100
102
103
104
106
107
108
109
110
112
113
114
115
116
117
120
122
123
124
125
128
129
130
131
135
139
140
141
142
143
144
145
146
148
149
150
153
154
155
157
158
159
160
161
163
164
165
166
167
169
173
174
175
176
177
178
179
181
183
184
185
186
187
188
189
190
191
192
193
194
199
200
201
202
203
204
205
206
207
209
210
211
214
216
217
218
219
220
221
222
223
224
226
227
228
229
230
231
232
233
234
235
236
239
240
241
242
243
244
245
246
247
250
251
255
256
257
259
261
262
264
265
266
267