1
3
5
6
7
8
9
10
12
14
15
16
17
18
20
22
24
25
26
28
29
30
31
33
34
35
36
37
38
39
40
41
42
43
44
45
47
48
49
51
52
53
54
55
57
58
59
60
61
62
64
65
66
68
69
70
71
72
73
74
75
76
77
78
79
80
81
82
84
85
86
87
88
89
90
91
92
93
94
95
96
97
98
99
100
101
103
104
105
107
109
111
112
114
116
117
118
119
121
123
124
125
126
127
128
132
133
134
135
136
137
138
139
140
141
142
143
144
145
146
147
148
149
150
151
152
153
155
156
158
159
160
161
162
163
166
167
168
169
170
171
173
174
175
177
178
181
183
184
186
189
190
191
192
193
194
196
197
198
199
200
201
202
204
206
207
208
209
210
213
214
215
216
217
219
221
222
224
225
226
227
228
229
230
231
232
233
234
235
236
237
239
240
246
247
248
249
250
251
253
254
256
258
259
260
261
262
264
266
267
269
270
273
275
277
278
280
281
284