1
3
5
6
7
8
9
10
12
14
15
16
17
18
20
22
24
25
26
27
28
30
31
33
34
35
37
38
39
41
42
43
44
46
47
49
50
51
52
53
55
56
58
59
60
61
62
64
65
67
71
72
73
74
75
76
77
78
81
83
85
86
87
88
89
92
95
96
97
98
99
100
101
102
105
106
107
109
110
111
112
113
114
115
118
121
122
124
125
126
127
128
129
131
133
135
137
138
139
140
143
146
147
149
150
151
152
153
154
157
158
159
160
161
162
163
164
166
169
170
171
172
173
174
175
178
179
180
181
182
185
186
187
188
189
190
191
192
193
196
197
199
200
201
202
203
204
207
208
209
210
211
212
215
216
217
218
219
220
221
222
223
224
227
228
229
230
231
232
234
237
238
239
240
241
242
243
244
247
248
249
250
252
254