1
3
5
6
7
8
9
10
12
14
15
16
17
18
20
22
24
26
28
30
32
33
34
35
36
37
38
39
40
42
43
45
46
47
48
49
50
51
52
53
55
56
58
59
60
62
63
64
65
66
67
68
70
71
72
73
74
76
77
78
79
80
81
82
83
84
86
87
88
89
90
91
92
94
95
96
97
99
100
103
104
105
106
108
109
110
111
112
113
114
115
116
117
118
119
120
121
122
123
125
126
127
128
130
131
132
133
135
137
138
139
140
141
142
143
144
145
147
148
149
150
151
152
153
154
155
156
157
158
159
160
161
162
163
164
165
166
167
170
171
172
173
174
175
176
179
180
181
182
183
184
185
187
188
189
191
192
193
195
196
198
199
200
201
202
203
204
206
207
208
209
210
211
213
214
215
217
218
219
220
222
223
224
226
227
228
229
230
231
232
233
234
235
236
237
239
240
241
242
243
245
246
247
248
249
250
251
252
253