1
3
5
6
7
8
9
10
12
14
15
16
17
18
20
22
24
25
26
27
29
31
32
34
35
37
39
40
41
42
43
44
45
46
47
48
49
50
51
52
53
54
55
56
57
58
59
60
61
62
63
64
65
66
67
68
69
70
71
72
73
74
75
76
77
78
79
80
81
82
83
84
85
86
87
88
89
90
91
93
94
96
98
99
100
101
102
103
104
105
106
107
108
109
110
112
113
116
118
119
120
121
122
123
124
125
126
128
130
132
134
135
136
138
139
140
141
142
143
144
145
147
148
149
150
151
152
155
156
157
158
160
161
162
164
165
166
168
169
170
171
172
173
174
175
176
177
178
180
181
183
184
186
187
190
191
192
194
195
196
197
198
199
200
201
203
205
206
207
211
212
213
215
216
218
219
220
221
223
224
226
227
228
230
231
233
234
235
236
239
240
241
242
244
245
246
247
248
249
251
252
256
257
258
259
264
267
268
269
270
271
272
273
274
275
276
278
279
282
283
285
286
287
288
289
290
291
292
293
294
296
297
299
300
302
303
304
305
306
309
311
312
314
316
317
318
324
325
326
329
330
331
332
333
334
335
337
338
340
341
342
344
346
348
349
350
352
353
354
355
356
358
360
361
363
365
366
368
370
375
376
377
379
381
382
383
385
386
389
390
392
394
397
399
400
401
404
405
406
408
409
410
412
414
415
417
418
419
422
423
425
428
429
430
431
432
433
434
435
436
437
438
439
440
441
442
443
445
446
448
450
452
453
455
457
461
462
463
464
466
468
470
472
475
477
478
479
480
481
482
483
487
488
489
491
492
493
495
496
497
498
499
501
503
505
506
507
508
509
514
515
516
517
518
519
520
521
524
525
526
528
530
535
536
537
539
541
543
545
547
549
550
551
552
553
554
555
560
561
563
564
565
567
568
569
570
571
573
574
578
580
581
583
584
585
588
591
592
593
594
595
596
597
598
599
600
601
602
603
604
605
606
607
608
609
610
611
613
615
616
617
620
623
625
629
630
631
633
634
635
636
638
639
641
642
643
644
645
646
648
650
652
653
654
657
660
661
662
663
666
667
668
670
671
672
676
677
678
679
680
682
684
685
686
688
691
692
693
694
696
699
701
704
706
707
708
709
712
714
715
716
718
719
720
722
723
724
725
726
729
730
731
732
734
735
737
738
740
741
742
743
745
749
750
751
752
754
757
758
759
760
762
765
766
767
768
769
770
771
772
773
775
780
781
782
784
785
786
787
789
790
792
795
796
797
798
800
801
804
805
806
808
812
813
814
815
816
817
819
820
822
823
824
825
827
829
830
831
832
835
836
837
841
843
844
846
847
848
849
851
852
853
856
858
859
860
861
864
866
868
869
871
873
875
879
880
881
882
884
885
886
887
888
890
891
892
893
896
897
898
899
901
903
905
906
908
910
911
913
914
915
918
921
922
923
924
925
927
928
930
932
934
935
936
938
939
940
941
942
943
944
945
946
947
951
955
956
957
958
960
961
963
964
967
968
970
972
974
976
978
984
986
988
989
990
994
998
999
1000
1001
1003
1004
1006
1008
1009
1010
1013
1014
1017
1021
1022
1023
1024
1026
1029
1031
1033
1035
1037
1039
1040
1042
1043
1046
1047
1048
1051
1052
1055
1057
1059
1060