1
3
5
6
7
8
9
10
12
14
15
16
17
18
20
22
24
26
27
28
29
30
32
33
34
35
36
37
39
40
41
42
43
45
47
49
51
53
55
56
57
59
60
61
62
63
64
65
66
67
68
69
70
72
75
76
77
78
79
80
81
82
83
84
85
86
87
88
89
90
92
93
94
95
96
97
99
101
104
105
106
107
108
109
111
113
115
116
118
119
124
125
126
127
128
129
130
132
135
136
137
138
139
140
141
142
143
144
145
146
147
149
150
152
153
154
155
156
157
158
159
161
162
164
166
169
172
173
174
175
176
177
178
179
180
181
182
183
184
185
186
188
189
191
192
193
194
196
197
199
202
203
204
205
206
207
208
210
211
213
214
215
216
217
218
219
221
222
223
224
225
226
227
228
229
230
231
234
235
236
237
238
240
241
243
244
245
246
248
249
251
252
253
254
258
259
260
261
262
264
265
267
268
269
270
272
273
275
276
277
278
282
283
284
285
286
287
288
289
290
292
293
294
295
296
297
299
301
303
307
308
309
310
311
312
313
314
315
316
317
318
319
320
321
322
324
326
327
328
329
331
333
334
335
336
337
339
340
341
343
344
345
346
347
348
350
351
352
353
354
356
357
358
359
360
361
362
363
364
365
367
371
374
375
376
377
378
379
380
381
382
383
384
385
386
388
390
391
392
393
395
398
399
400
401
402
403
404
405
407
408
410
411
413
414
416
417
420
421
422
423
424
425
426
427
428
429
430
431
432
433
434
435
436
438
439
440
441
442
443
444
445
447
448
450
453
456
457
458
459
460
461
462
463
464
465
467
469
472
474
477
480
481
482
483
484
485
486
488