1
3
5
6
7
8
9
10
12
14
15
16
17
18
20
22
24
26
28
29
31
32
34
35
37
39
40
41
43
45
46
48
49
51
52
53
54
56
57
59
60
61
62
63
65
67
68
69
70
72
75
76
77
78
79
80
81
82
83
84
85
86
87
88
89
90
91
92
93
94
95
97
98
100
102
104
105
107
108
109
110
112
113
114
115
116
117
118
119
120
121
122
124
125
126
128
129
130
131
132
133
135
136
141
142
143
145
146
147
149
151
152
154
155
157
158
159
161
162
166
167
168
169
170
171
172
177
178
180
181
182
183
184
185
186
188
189
190
191
192
193
195
196
197
199
201
203
204
205
206
207
208
209
210
211
213
214
216
217
222
224
226
227
228
229
230
231
235
237
238
239
240
241
242
243
244
245
246
248
250
251
252
253
255
256
257
258
260
261
262
263
264
265
267
268
269
271
274
275
276
277
278
279
281
282
283
284
285
286
287
288
289
290
291
294
295
296
297
298
299