1
3
5
6
7
8
9
10
12
14
15
16
17
18
20
22
24
26
28
29
31
33
34
35
36
37
39
41
42
44
46
48
50
52
54
55
56
58
59
60
61
62
63
64
65
66
67
70
71
73
74
75
76
77
79
80
82
83
85
86
87
88
89
90
91
92
93
94
95
96
97
98
99
100
101
102
103
104
105
106
107
108
110
111
112
113
114
116
119
120
122
124
125
127
131
132
133
134
135
137
138
139
140
141
142
143
145
147
148
149
151
153
156
158
160
161
163
167
169
170
171
172
173
174
175
176
177
178
179
180
181
182
184
186
187
190
191
192
193
194
195
196
197
198
200
201
202
203
204
205
206
208
209
210
211
212
213
214
215
217
218
219
220
221
222
223
225
227
229
232
233
234
235
236
237
238
239
240
241
243
247
248
249
250
251
252
253
254
256
257
258
259
263
264
265
268
269
270
271
272
273
274
276
277
279
280
281
282
283
285
286
287
289
291
292
293
295
297
298
301
302
303
304
305
306
307
308
309
311
312
314
316
318
320
324
325
326
327
328
330
331
332
333
334
335
336
337
338
339
341
344
345
346
347
348
349
350
351
352
353
354
355
356
358
359
361
364
365
366
367
368
370
371
372
373
374
375
376
377
378
380
381
383
385
386
387
388
391
394
395
396
397
398
399
400
401
403
404
405
407
408
409
410
412
415
416
417
418
419
421
422
423
424
425
426
427
428
429
430
431
432
433
434
435
436
437
438
439
441
442
443
445
447
449
451
454
456
457
458
460
462
464
469
470
471
472
473
475
476
477
478
479
480
481
482
483
484
485
486
488
490
492
496
498
499
500