1
3
5
6
7
8
9
10
12
14
15
16
17
18
20
22
24
25
26
28
29
30
32
33
35
36
37
38
39
41
42
43
45
47
48
49
51
53
54
55
56
57
58
59
61
63
65
66
67
68
69
71
72
75
77
78
81
83
85
86
87
88
91
92
93
94
95
97
98
100
101
102
105
106
107
108
109
111
112
113
114
115
116
117
119
120
122
123
124
125
126
127
128
130
132
134
135
136
138
139
141
143
146
147
149
150
152
153
155
156
158
162
163
164
165
166
168
169
170
171
172
173
174
175
176
177
178
179
180
181
182
183
185
186
187
188
189
190
191
193
195
199
200
201
202
204
205
206
208
209
210
212
214
217
218
219
220
221
222
223
225
226
228
230
231
232
233
234
235
236
237
238
240
241
242
243
244
247
248
249
250
251
255