1
3
5
6
7
8
9
10
12
14
15
16
17
18
20
22
24
26
28
30
31
32
33
34
35
36
38
40
42
44
46
48
50
52
53
54
56
57
59
60
61
62
63
64
65
68
69
70
71
72
73
75
77
78
79
80
81
82
83
84
85
86
87
88
89
90
91
93
94
95
96
97
98
100
101
102
104
105
106
108
109
110
112
113
115
116
118
119
123
125
127
128
129
131
133
134
135
137
138
139
141
142
143
145
146
148
149
153
156
159
160
161
162
163
164
165
166
167
169
170
172
174
176
177
179
180
182
183
184
185
186
187
188
190
192
193
195
196
197
199
200
201
202
204
207
209
210
212
213
215
217
220
222
225
227
228
230
231
233
235
238
240
244
246
247
254
255
256
257
258
259
260
261
262
263
266
267
268
269
270
272
273
274
275
277
278
279
280
281
282
283
284
286
287
288
289
292
293
294
296
298
299
300
301
303
304
305
306
307
310
311
312
313
314
316
317
318
319
322
323
324
325
326
328
329
330
332
333
334
335
337
338
339
341
342
343
346
347
348
349
350
351
352
354
355
356
357
358
359
360
361
363
364
367
368