1
3
5
6
7
8
9
10
12
14
15
16
17
18
20
22
24
25
26
27
29
31
32
33
35
37
38
39
41
42
43
45
47
48
49
50
51
52
54
56
58
60
64
66
67
68
69
71
72
74
77
78
79
80
81
82
83
84
85
86
87
88
89
90
92
95
96
97
98
99
100
101
102
103
104
105
106
107
109
111
112
114
115
118
120
122
123
126
128
129
131
132
133
136
138
139
141
142
145
147
148
150
151
152
155
157
158
160
161
162
165
167
168
170
171
172
173
174
176
179
180
181
182
183
184
186
188
189
191
193
195
197
198
199
200
201
203
204
206
207
209
211
217
219
221
224
226
228
231
233
235
238
240
242
248
249
250
252
253
255
256
257
259
261
262
264
265
266
267
270
272
275
276
278
279
280
281
282
283
285
286
288
290
291
292
293
294
295
301
305
307
308
309
310
311
312