1
3
5
6
7
8
9
10
12
14
15
16
17
18
20
22
24
26
27
28
29
30
32
34
35
36
37
38
39
40
41
42
43
45
47
48
50
51
53
54
55
56
58
59
60
61
62
63
65
67
68
70
72
73
74
75
76
77
78
79
82
83
84
85
87
89
90
91
92
93
94
96
99
100
101
102
104
107
108
109
110
111
112
113
114
115
116
117
118
119
120
121
123
127
129
130
132
134
136
137
138
139
141
143
144
145
146
147
148
149
150
151
152
153
154
155
156
157
158
159
160
166
167
169
170
171
172
173
174
175
176
177
179
180
181
182
183
184
186
187
188
189
190
191
192
193
194
195
196
197
199
202
204
205
207
208
210
211
213
215
217
219
220
221
223
224
226
227
230
231
232
233
234
235
236
237
238
239
240
241
242
244
245
247
248
249
250
251
252
253
254
255
256
257
258
259
260
261
263
264
266
267
268
269
270
272
275
276
277
278
279
280
281
283
286
287
288
289
290
291
293
294
295
296