1
3
5
6
7
8
9
10
12
14
15
16
17
18
20
22
24
25
26
27
28
29
30
31
32
33
34
35
36
37
38
39
40
41
42
46
47
48
50
51
52
53
54
57
58
60
61
62
63
64
66
67
68
70
71
72
73
74
75
76
78
79
80
81
82
83
85
86
87
88
90
91
92
93
95
96
97
99
100
101
102
103
104
107
108
109
110
111
113
114
115
116
118
121
122
123
124
125
126
127
128
129
130
131
135
136
137
138
139
141
142
144
147
148
149
150
152
153
155
156
158
159
160
161
162
163
164
165
169
171
172
173
174
175
176
177
178
179
180
184
185
186
188
189
190
191
193
195
196
197
199
202
203
204
205
206
207
208
209
210
211
212
213
215
216
218