1
3
5
6
7
8
9
10
12
14
15
16
17
18
20
22
24
25
26
28
29
30
31
32
33
34
35
36
37
38
39
40
41
42
43
44
45
46
47
48
49
50
51
52
53
57
59
60
61
63
65
66
67
68
69
70
72
73
74
75
77
78
80
81
82
83
84
85
88
89
90
91
92
93
94
95
96
99
100
101
105
106
107
108
110
111
112
113
114
116
117
119
120
121
122
123
124
125
126
127
128
129
130
131
132
133
134
135
138
139
140
142
143
144
145
147
148
149
150
151
152
156
157
158
161
162
163
165
166
167
168
169
173
174
176
177
178
179
180
181
182
183
184
185
186
187
188
189
190
192
193
194
195
196
197
199
200
201
202
203
204
205
206
207
208
209
211
212
213
214
215
216
218
219
220
222
224
225
227
228
229
230
231
234
235
237
238
239
240
241
242
245
246
247
248
250
251
252
253
254
255
257
258
259
261
262
263
264
265
266
267
268
269
271
272
273
274
276
277
278
279
280
281
282
283
284
285
286
289
290
291
292
293
294
295
296
297
301
302
303