1
3
5
6
7
8
9
10
12
14
15
16
17
18
20
22
24
25
27
28
29
30
31
33
34
35
36
38
39
40
41
42
43
44
45
46
47
48
49
50
51
52
53
54
55
56
58
59
60
61
62
64
65
66
67
68
69
71
72
73
74
75
76
77
78
79
80
81
82
83
84
85
86
87
88
90
91
92
93
94
95
97
98
99
100
101
102
104
105
106
107
109
110
111
112
113
115
116
118
119
120
122
123
124
125
126
127
128
129
130
132
133
134
135
137
138
139
140
143
144
145
146
147
148
149
151
152
153
154
155
156
157
158
159
160
162
164
165
166
167
168
169
170
171
172
173
174
175
176
177
178
179
180
181
182
183
184
185
186
188
189
191
194
195
196
197
198
199
200
201
202
203
204
205
206
207
208
209
210
211
212
213
215
216
217
218
219
220
223
224
225
226
227
228
229
230
231
232
233
235
236
241
242
243
244
245
246
247
248
249
250
251
252
253
254
255
256
257
258
259
260
261
262
263
264
265
266
268
269
270
271
273
274
276
277
278
279
281
282
283
284
285
286
287
288
289
290
291
292
294
296
299
300
301
302
303
304
305
306
307
308
309
310
313
314
315
316
317
318
319
320
321
322
323
324
326
327
328
329
330
331
334
335
336
341
342
343
344
345
346
349
350
351
352
353
354
355
356
357
358
359
360
363
364
365
366
367
368
369
372
373
374
375
376
377
378
379
380
381
382
383
384
385
386
388
390
391
392
393
394
399
400
401
402
403
404
405
406
407
408
409
410
411
412
414
415
417
419
420
421
422
423
424
427
430
431
432
433
434
435
436
437
439
440
441
442
443
444
445
446
449
451
452