1
3
5
6
7
8
9
10
12
14
15
16
17
18
20
22
24
25
26
27
28
29
30
32
33
34
35
36
37
38
39
40
41
42
43
44
45
46
47
48
49
50
51
52
53
54
55
56
57
58
59
60
61
62
63
64
65
66
67
68
69
70
71
72
73
74
75
76
77
78
80
81
82
83
84
85
86
89
90
92
93
94
95
96
98
100
102
103
104
106
107
109
111
112
114
116
117
118
119
120
122
123
124
125
126
127
128
130
132
133
135
137
139
140
141
143
144
145
146
147
148
149
151
152
153
154
155
156
157
158
159
160
161
162
163
165
166
167
168
170
171
172
173
175
176
177
178
179
180
181
182
183
184
185
186
187
188
189
190
191
192
193
195
196
197
198
199
200
202
203
204
205
207
208
209
210
211
213
214
215
217
219
222
223
225
227
229
231
233
234
235
238
239
241
242
244
246
247
248
250
251
255
256
257
259
260
263
264
268
270
271
273
275
276
279
280
281
284
285
286
287
289
290
291
292
294
295
296
297
299
300
301
302
304
305
306
310
311
314
315
317
319
320
321
323
325
327
329
332
333
335
336
338
341
342
345
346
347
348
349
352
353
354
355
356
357
360
361
362
363
364
365
366
367
368
369
371
372
373
375
376
378
379
381
382
385
386
387
388
389
390
392
394
395
396
398
400
402
403
404
405
406
407
409
411
412
413
416
418
420
421
422
423
426
427
428
429
436
437
438
439
440
441
442
445
446
447
448
449
450
453
454
456
457
458
459
462
463
464
466
467
468
469
472
473
474
475
476
477
480
481
482
483
485
488
489
490
492
493
496
498
499
500
502
505
507
509
510
511
512
513
514
515
516
517
518
520
521
522
524
525
526
527
528
529
530
531
533
534
536
537
539
540
542
543
545
546
547
550
553
554
555
557
559
560
564
565
566
567
568
569
570
571
572
573
575
578
580
583
585
588
589
591
592
593
596
597
599
602
603
605
608
609
611
614
615
616
619
620
621
622
623
624
627
628
629
630
631
632
636
637
638
639
640
641
643
644
645
646
647
648
651
652
653
654
655
656
657
658
659
661
662
663
667
668
669
670
671
672
674
675
676
677
678
679
682
683
684
685
686
687
688
689
690
691
692
693
694
695
697
698
699
700
701
702
703
704
705
706
707
709
710
711
712
713
716
717
718
719
720
721
722
723
724
725
726
728
731
732
733
734
735
736
737
738
739
740
741
743
747
748
749
750
751
752
753
754
755
756
757
758
759
760
761
762
763
765
768
769
770
771
772
773
775
777
779
781
787
788
789
790
792
793
794
798
799
800
801
802
803
805
808
809
810
811
813
814
815
816
819
820
821
822
824
827
828
829
830
832
835
836
837
838
839
841
843
847
848
849
850
851
852
855
856
858
860
861
863
864
866
868
870
871
872
875
877
878
879
880
882
883
885
887
890
892
893
894
895
896
898
900
902
903
904
905
906
907
908
909
911
913
914
915
916
917
918
919
920
921
922
923
924
925
926
927
928
929
930
931
932
933
934
935
936
937
938
939
940
941
942
943
944
945
946
947
948
949
950
951
952
954
955
956
957
958
959
960
961
962
963
964
965
967
968
970
976
978
979
980
981
988
989
991
997
998
999
1000
1001
1002
1004
1005
1007
1008
1009
1010
1013
1014
1015
1016
1018
1022
1023
1024
1025
1027
1030
1031
1032
1033
1035
1038
1039
1040
1041
1043
1046
1047
1048
1049
1051
1054
1055
1056
1057
1059
1062
1063
1064
1065
1067
1070
1071
1072
1073
1075
1076
1079
1080
1081
1082
1084
1087
1088
1089
1090
1092
1095
1096
1097
1098
1100
1103
1104
1105
1106
1108
1111
1112
1113
1114
1116
1119
1120
1121
1122
1124
1127
1129
1132
1134
1137
1139
1140
1141
1142
1143
1144
1145
1147
1148
1149
1150
1151
1152
1153
1154
1156
1158
1160
1161
1163
1165
1167
1169
1170
1171
1172
1173
1175
1177
1178
1179
1180
1181
1182
1183
1185
1188
1193
1196
1197
1198
1199
1200
1202
1204
1205
1206
1207
1208
1209
1211
1213
1214
1215
1216
1217
1218
1219
1221
1223
1224
1227
1229
1230
1231
1234
1235
1236
1237
1238
1239
1240
1241
1244
1245
1246
1247
1249
1250
1251
1254
1255
1256
1258
1261
1262
1263
1267
1269
1270
1271
1272
1273
1274
1276
1278
1279
1280
1282
1283
1285
1286
1287
1289
1290
1291
1292
1293
1294
1295
1302
1303
1306
1309
1311
1315
1316
1318
1319
1320
1322
1324
1326
1330
1331
1332
1333
1335
1337
1338
1340
1342
1343
1347
1349
1353
1354
1355
1356
1358
1360
1362
1364
1365
1369
1371
1375
1376
1377
1378
1380
1383
1384
1385
1386
1387
1388
1389
1391
1392
1393
1397
1400
1401
1402
1403
1405
1406
1407
1408
1409
1410
1411
1412
1413
1414
1415
1416
1417
1418
1419
1420
1421
1425
1428
1429
1430
1431
1432
1433
1434
1435
1438
1439
1440
1441
1442
1443
1444
1448
1449
1451
1454
1455
1456
1457
1458
1459
1460
1461
1462
1463
1464
1465
1466
1467
1469
1470
1471
1473
1475
1477
1479
1480
1482
1483
1484
1485
1490
1491
1492
1493
1494
1495
1496
1497
1498
1499
1500
1501
1502
1503
1504
1505
1506
1507
1508
1509
1510
1511
1512
1513
1515
1516
1517
1518
1519
1521
1523
1524
1526
1527
1529
1531
1532
1533
1534
1535
1536
1538
1540
1542
1544
1545
1547
1548
1549
1550
1551
1552
1553
1555
1556
1558
1560
1561
1562
1563
1564
1565
1566
1567
1569
1570
1571
1572
1573
1574
1575
1579
1581
1582
1583
1584
1586
1591
1592
1595
1596
1597
1598
1600
1601
1602
1603
1604
1606
1607
1608
1610
1612
1615
1616
1617
1618
1619
1621
1624
1626
1629
1630
1631
1632
1633
1634
1635
1637
1638
1641
1642
1643
1644
1645
1647
1650
1652
1655
1656
1657
1658
1659
1660
1661
1662
1663
1664
1665
1666
1671
1672
1673
1674
1675
1676
1677
1679
1682
1684
1687
1688
1689
1690
1691
1692
1694
1697
1698
1699
1700
1701
1703
1706
1707
1708
1709
1710
1711
1713
1714
1716
1719
1720
1721
1722
1723
1725
1726
1727
1728
1729
1732
1733
1734
1735
1736
1737
1738
1739
1740
1741
1742
1743
1744
1746
1747
1748
1749
1750
1752
1753
1754
1756
1759
1760
1763
1765
1766
1767
1768
1770
1774
1775
1776
1777
1779
1783
1784
1785
1786
1788
1792
1793
1794
1795
1797
1801
1802
1803
1804
1806
1807
1811
1813
1814
1815
1816
1817
1820
1821
1822
1823
1824
1825
1827
1828
1829
1830
1831
1832
1833
1834
1835
1836
1838
1839
1840
1841
1842
1843
1844
1845
1846
1847
1848
1854
1855
1856
1857
1858
1859