1
3
5
6
7
8
9
10
12
14
15
16
17
18
20
22
24
25
27
29
30
32
33
35
37
39
41
43
44
45
46
47
48
49
51
53
55
56
57
58
59
60
61
62
63
64
65
66
68
69
70
71
72
74
75
77
79
80
82
83
84
85
87
88
89
90
92
93
94
95
96
97
98
99
100
101
102
103
105
106
107
108
111
112
113
114
115
116
119
120
121
122
123
124
126
128
129
130
131
134
135
136
137
138
139
141
143
145
146
147
148
149
150
151
152
154
156
160
161
162
163
164
165
167
169
171
173
175
176
181
182
183
184
185
186
188
190
191
192
193
195
198
199
200
201
202
203
204
206
208
211
214
215
216
217
218
219
221
224
225
226
227
228
229
230
232
234
237
240
241
242
243
244
245
247
250
251
252
253
254
255
256
258
261
262
263
264
265
266
267
268
270
273
274
275
276
277
278
279
280
281
283
284
285
286
287
289
290
293
294
295
296
297
298
299
300
301
303
305
306
307
308
309
310
311
312
315
316
317
318
319
320
321
322
323
324
325
326
327
328
329
330
331
333
334
335
337
339
341
344
346
349
351
352
354
357
358
359
360
362
365
366
367
368
369
370
371
372
374
376
377
379
382
383
384
385
386
388
390
393
394
395
396
397
399
401
404
405
406
407
408
410
412
414
417
420
421
422
423
424
425
426
427
428
430
432
435
436
437
438
439
440
441
442
443
444
446
448
451
452
453
454
455
456
457
458
459
460
461
463
466
467
468
469
470
471
472
474
477
478
479
480
481
483
486
488
491
492
493
494
495
497
499
502
503
504
505
506
507
509
511
514
515
516
517
518
520
522
525
526
527
528
529
531
533
536
537
538
539
540
541
542
543
544
545
546
548
549
550
551
553
554
555
556
557
558
559
560
561
562
563
564
565
566
567
568
569
570
571
574
575
576
577
578
579
580
581
582
583
584
585
586
587
588
589
590
591
592
593
594
595
596
597
598
599
600
601
602
603
604
605
606
608
609
611
613
614
615
616
617
620
621
622
623
624
625
626
627
628
629
631
633
635
636
639
640
643
646
647
648
649
650
651
652
653
654
655
657
658
659
660
662
664
665
666
667
670
671
672
673
675
677
678
679
681
682
683
685
686
692
694
695
697
699
700
703
705
706
707
708
709
710
712
714
715
716
717
718
719
720
721
722
723
727
728
729
730
731
732
733
735
738
739
740
741
742
744
745
746
747
748
749
750
751
752
754
757
758
759
760
761
762
763
764
765
766
768
769
771
772
774
777
778
779
780
782
783
785
787
789
792
794
796
798
801
803
805
809
810
811
812
813
814
816
817
818
819
821
822
823
825
829
830
831
832
833
834
835
836
837
838
839
841
843
844
845
848
849
850
851
852
853
854
856
858
860
863
864
866
868
872
873
874
875
876
877
878
880
881
883
884
887
888
889
890
891
892
894
897
898
900
903
904
905
906
907
908
909
910
911
912
913
914
915
916
917
918
920
922
923
925
926
927
928
929
930
931
933
934
937
939
941
945
946
947
948
949
950
951
952
953
954
955
956
958
960
963
964
965
966
967
968
969
970
971
972
974
976
979
980
981
982
983
984
985
986
987
988
989
990
991
993
994
997
998
999
1000
1001
1002
1004
1007
1008
1009
1010
1011
1012
1014
1015
1017
1020
1021
1022
1023
1024
1025
1026
1027
1028
1029
1030
1031
1032
1033
1034
1036
1038
1039
1040
1041
1042
1043
1044
1045
1046
1047
1050
1051
1053
1054
1056
1057
1059
1060
1061
1062
1063
1064
1065
1066
1068
1070
1071
1074
1075
1076
1077
1078
1079
1080
1081
1082
1084
1085
1086
1087
1089
1090
1092
1094
1095
1096
1097
1098
1099
1100
1101
1102
1105
1108
1109
1110
1111
1112
1113
1115
1116
1117
1118
1121
1123
1124
1126
1127
1128
1131
1132
1133
1134
1135
1136
1138
1141
1142
1143
1144
1146
1149
1150
1151
1152
1153
1154
1156
1157
1158
1159
1161
1163
1164
1165
1166
1169
1170
1171
1172
1174
1175
1176
1177