1
3
5
6
7
8
9
10
12
14
15
16
17
18
20
22
24
26
27
29
31
32
34
36
37
38
39
40
41
42
43
44
46
47
48
49
50
51
52
53
54
55
56
59
60
61
62
63
64
66
69
70
71
72
73
74
75
76
77
78
79
83
84
85
86
87
90
91
92
93
94
95
96
97
100
101
102
103
104
107
108
109
110
111
112
113
114
117
118
119
120
121
122
124
127
128
129
130
131
133
134
135
137
139
141
143
145
147
149
151
156
159
160
161
162
163
164
165
166
167
168
169
170
171
172
173
174
175
176
177
179
181
183
185
186
188
190
191
192
193
194
196
197
198
200
201
202
203
204
205
207
208
211
212
213
215
216
217
220
221
224
225
226
227
228
229
230
231
232
233
234
235
236
237
238
239
240
241
242
243
244
245
246
247
248
249
250
251
252
253
254
255
256
257
258
259
260
261
262
263
264
265
267
268
269
272
273
274
275
276
277
278
279
281
283
285
287
288
290
291
292
293
294
295
296
297
300
301
302
303
304
305
306
307
311
312
313
314
315
316
317
319
321
323
325
329
332
333
334
335
336
337
339
341
344
345
346
347
348
349
350
352
353
356
357
359
360
363
367
368
369
371
373
375
377
378
379
382
383
385
386
387
388
389
390
391
392
393
394
395
396
400
401
402
403
404
405
407
409
411
416
418
419
420
421
422
423
424
425
426
427
428
430
431
432
435
439
440
441
442
443
444
445
446
447
448
449
450
451
453
454
456
457
458
459
460
461
462
463
464
465
466
468
469