1
3
5
6
7
8
9
10
12
14
15
16
17
18
20
22
24
26
27
28
30
32
33
35
36
38
40
41
43
44
45
46
47
48
49
50
51
52
53
54
55
56
57
58
59
60
61
62
63
64
65
66
67
68
69
70
71
72
73
74
75
76
77
78
79
81
82
84
85
86
88
92
94
95
97
98
99
100
101
102
103
104
106
107
109
111
113
114
115
116
117
118
119
121
122
123
124
126
127
128
129
130
132
133
134
135
136
138
139
140
141
142
143
144
146
147
148
149
150
151
152
153
154
155
156
158
159
160
161
162
164
165
166
167
168
169
170
172
176
177
178
179
180
181
182
183
186
190
191
192
194
195
196
197
198
199
200
201
203
204
205
207
208
209
211
212
213
214
215
216
217
218
220
221
222
223
224
225
226
227
228
229
230
231
232
233
234
235
236
238
239
240
241
242
243
244
245
246
247
248
250
251
254
255
256
257
258
259
260
261
263
265
267
269
270
273
276
277
278
279
280
281
282
283
284
285
286
287
288
289
290
291
293
295
298
300
302
304
305
309
310
312
313
316
317
320
322
323
325
326
329
330
331
332
333
334
336
338
340
342
345
346
348
349
351
353
355
356
358
361
362
363
364
366
367
369
371
372
376
377
380
381
382
383
384
385
386
387
388
389
390
391
392
393
394
395
396
397
399
401
404
406
408
410
411
415
416
418
419
420
421
424
426
428
430
431
433
435
439
440
441
442
443
444
445
446
447
449
450
451
452
453
456
457
458
459
460
461
462
463
464
465
466
468
470
473
474
475
476
478
481
483
485
487
488
492
495
496
497
498
499
501
503
504
505
507
508
511
512
514
515
516
517
518
519
522
524
525
526
527
529
531
534
536
537
540
541
543
545
548
549
550
551
552
553
554
555
556
557
558
560
562
565
567
569
570
574
575
576
577
579
580
583
584
586
587
589
590
591
592
594
596
600
601
602
604
605
607
610
611
612
613
614
615
616
617
618
619
620
622
624
627
629
631
633
635
636
640
641
642
643
644
647
649
652
653
655
656
658
659
661
663
667
668
669
670
671
672
673
674
675
676
677
679
681
683
684
685
686
687
688
689
692
693
694
697
698
699
700
701
702
703
704
705
707
708
710
712
715
716
718
720
722
723
725
726
728
730
731
732
735
736
737
738
739
741
744
745
746
747
748
750
752
754
755
756
757
759
760
761
762
766
767
768
769
770
771
772
773
774
775
777
780
781
783
784
786
787
789
790
791
792
796
797
798
800
802
804
805
807
808
809
810
811
813
816
817
819
820
821
824
827
828
830
832
834
835
836
838
840
842
843
847
850
851
852
853
854
855
856
858
859
861
862
864
866
867
870
872
873
874
875
877
880
882
883
886
887
888
889
890
891
892
893
894
896
898
900
902
904
908
909
910
912
913
914
915
916
917
918
919
920
921
922
923
925
926
927
930
931
932
933
934
935
936
937
938
939
940
942
943
944
945
949
950
951
953
954
955
956
957
958
959
960
961
962
963
964
965
966
967
968
969
970
972
973
974
975
976
977
978
979
982
983
984
985
986
987
989
990
992
994
997
998
999
1000
1001
1002
1003
1004
1005
1006
1007
1008
1011
1012
1013
1014
1017
1019
1022
1023
1024
1025
1026
1028
1030
1031
1033
1035
1037
1038
1041
1042
1043
1044
1045
1046
1049
1051
1054
1055
1056
1057
1058
1059
1060
1061
1062
1063
1064
1065
1067
1068
1069
1071
1072
1073
1074
1075
1076
1079
1080
1081
1082
1083
1084
1085
1086
1087
1088
1089
1090
1091
1095
1096
1097
1098
1099
1100
1101
1102
1103
1105
1107
1108
1109
1110
1111
1112
1115
1116
1117
1120
1121
1122
1123
1124
1125
1127
1128
1129
1130
1131
1132
1134
1136
1137
1139
1140
1141
1143
1144
1145
1148
1149
1153
1154
1155
1156
1157
1158
1159
1160
1161
1162
1163
1164
1165
1166
1167
1170
1173
1174
1175
1176
1177
1178
1179
1180
1181
1182
1183
1184
1185
1186
1188
1191
1192
1193
1194
1195
1196
1197
1198
1199
1200
1201
1202
1203
1204
1206
1209
1210