1
3
5
6
7
8
9
10
12
14
15
16
17
18
20
22
24
26
27
29
31
32
33
34
35
37
38
39
40
43
44
45
46
48
49
50
51
53
54
55
57
58
59
61
62
63
65
66
67
68
69
70
72
73
74
76
77
78
79
81
82
85
86
87
88
89
90
91
92
93
94
97
98
99
100
102
104
105
106
108
109
111
112
113
114
116
117
118
119
120
121
122
123
124
125
126
128
129
130
132
134
135
138
139
140
142
143
144
146
147
149
150
151
154
155
157
158
161
163
164
165
166
167
168
169
171
172
173
175
176
177
178
179
180
181
183
184
185
186
187
188
190
191
192
194
195
197
198
200
202
203
204
206
207
208
209
210
212
213
216
220
221
222
223
224
225
226
227
228
229
230
231
232
233
234
235
236
237
238
239
240
241
242
243
244
245
246
247
248
249
250
251
252
253
254
255
256
257
258
259
260
261
262
264
266
267
268
269
270
271
272
273
274
275
276
277
278
279
280
281
282
284
285
286
291
292
293
294
295
296
297
298
299
300
301
302
303
304
305
307
308
309
310
311
312
313
314
315
316
317
318
319
321
322
323
324
325
327
330
331
332
334
335
336
337
338
339
341
342
346
347
348
349
350
351
352
353
354
355
356
357
358
359
360
361
362
363
364
365
366
367
368
369
370
371
373
374
376
377
378
379
380
382
383
384
385
386
389
391
396
399
400
401
402
403
407
409
410
411
412
413
414
415
416
417
420
423
425
428
429
430
433
436
438
441
442
443
446
448
450
453
454
458
460
462
465
466
467
471
472
473
474
475
476
477
478
479
480
481
482
483
484
485
486
487
488
489
490
491
492
493
494
495
496
497
499
500
501
502
503
505
506
507
508
509
510
512
513
514
516
517
518
519
520
524
525
526
528
531
533
534
537
538
540
541
542
543
544
546
547
548
549
550
552
553
560
561
563
564
570
571
573
574
578
579
580
581
582
583
584
585
586
589
591
592
593
595
596
597
598
600
601
602
605
606
608
609
611
612
613
614
618
619
620
622
623
624
626
628
629
630
631
637
638
639
640
641
642
643
644
645
646
647
648
649
650
651
652
653
655
657
658
659
661
663
666
667
669
671
672
674
675
676
678
679
682
683
684
689
690
691
692
693
695
697
698
702
704
706
707
709
712
714
716
717
721
722
723
724
725
726
727
728
729
732
733
734
735
736
737
738
741
742
743
744
745
746
747
748
749
750
751
752
753
754
755
756
757
758
759
760
761
762
763
766
767
768
770
772
775
776
777
778
779
780
781
783
785
786
787
788
790
792
794
796
797
803
805
806
810
811
812
813
814
815
816
817
818
819
820
823
824
826
827
828
829
830
831
832
833
834
835
836
837
840
841
842
843
844
846
847
849
850
852
853
854
855
856
857
861
863
865
866
867
870
871
872
874
879
880
881
882
883
884
885
886
887
889
891
892
894
895
897
898
899
900
902
904
905
906
907
910
911
915
917
918
920
922
923
925
926
928
929
931
937
939
940
942
943
944
945
946