1
3
5
6
7
8
9
10
12
14
15
16
17
18
20
22
24
25
27
28
29
31
33
34
35
37
38
39
40
41
43
44
45
46
48
49
51
52
53
55
56
57
58
59
60
61
62
63
64
65
68
69
71
72
73
75
77
78
79
80
81
83
84
85
86
87
88
91
92
93
96
97
98
101
102
103
106
109
110
111
112
114
115
116
117
118
119
120
121
122
123
124
125
130
131
132
133
134
135
136
137
138
139
140
141
142
143
144
149
150
151
152
153
154
155
156
158
159
160
161
162
166
167
168
171
172
173
174
177
178
179
180
181
184
185
187
188
189
193
194
195
196
197
200
201
202
203
206
207
208
211
212
213
214
215
216
217
218
219
220
221
222
223
224
227
228
230
231
232
233
234
235
236
237
238
239
240
241
244
245
246
250
251
252
255
257
260
262
263
264
267
268
270
271
272
273
274
275
278
279
280
281
284
285
286
287
288
289
290
291
292
293
296
297
298
299
301
302
305
306
307
308
309
311
312
313
314
315
316
317
318
319
320
322
323
324
326
327
329
330
331
332
334
335
336
338
339
340
341
343
344
345
346
347
348
349
350