1
3
5
6
7
8
9
10
12
14
15
16
17
18
20
22
24
26
28
30
32
33
34
35
36
37
39
41
42
44
46
48
50
52
53
54
55
56
57
59
61
62
64
65
66
67
68
69
70
71
72
73
74
75
76
78
79
80
81
82
83
84
85
87
88
89
90
91
92
93
94
95
97
98
99
100
101
104
105
106
108
109
110
111
112
114
115
117
118
119
120
121
122
123
124
125
126
127
130
131
132
133
134
135
137
139
141
142
143
145
147
151
152
153
154
155
156
157
158
159
160
161
162
163
164
165
166
167
168
169
170
171
172
173
174
175
176
177
178
180
182
183
185
186
187
188
190
194
196
197
198
201
203
206
207
208
209
210
211
212
213
214
215
216
217
218
220
221
223
224
225
226
227
229
230
231
232
233
234
235
237
239
240
242
245
247
248
251
252
253
254
255
256
257
260
261
262
263
264
265
266
267
269
271
272
274
275
276
277
278
279
281
283
284
287
288
290
291
292
293
295
296
297
298
300
302
303
304
305
306
307
308
309
310
313
315
317
318
319
322
323
324
325
326
327
329
332
333
334
335
336
338
339
341
342
344
347
348
349
350
351
352
354
355
356
357
358
359
360
361
362
364
365
367
368
369
370
372
373
374
376
377
379
380
382
384
385
387
389
392
393
395
396
398
400
402
405
406
408
410
413
414
415
416
417
418
420
421
423
424
425
426
427
428
430
431
432
433
434
436
437
439
440
443
447
448
450
451
452
453
454
455
456
457
458
460
462
463
465
466
467
468
469
470
471
472
473
474
475
476
477
478
480
481
482
484
485
487
488
489
490
492
493
494
495
496
497
498
499
501
502
503
504
506
507
508
510
511
512
514
515
517
518
521
524
525
526
527
529
531
532
533
534
535
537
541
542
543
544
545
546
547
548
549
550
551
552
553
555
557
559
560
561
562
563
564
567
569
570
572
574
577
579
581
584
586
587
588
589
590
592
593
595
596
598
599
602
603
605
606
607
608
610
611
614
615
616
617
618
619
621
623
624
625
626
627
628
629
630
631
632
633
634
635
636
637
638
643
646
647
648
649
650
652
655
656
658
659
660
661
662
663
665
667
668
669
673
674
675
676
677
678
679
680
682
683
684
685
687
688
689
691
694
695
696
697
698
699
700
701
702
703
704
705
706
707
708
709
710
712
713
715
716
718
721
722
723
724
726
727
730
731
733
734
735
738
739
740
741
742
743
744
746
748
750
752
756
757
758
759
760
761
762
764
766
768
770
774
775
776
777
778
780
783
784
785
787
788
789
790