1
3
5
6
7
8
9
10
12
14
15
16
17
18
20
22
24
25
27
28
30
32
33
35
36
37
39
40
41
42
43
44
45
46
47
48
49
50
51
52
53
55
56
57
58
59
60
62
63
64
65
66
67
69
70
71
73
75
76
77
78
79
81
82
84
85
86
87
88
89
91
92
93
94
95
96
97
98
100
101
103
104
105
108
109
110
111
112
113
114
115
118
119
120
121
122
123
124
125
126
127
128
129
130
131
132
133
135
140
142
146
148
150
152
153
155
157
159
160
161
164
166
168
170
171
172
173
174
175
179
180
181
182
183
184
185
186
188
189
190
191
193
194
195
197
198
199
201
202
203
204
206
207
209
210
211
213
215
216
218
222
223
224
225
226
227
228
229
230
231
233
234
236
237
238
240
243
244
245
246
247
248
249
250
251
252
254
255
256
257
258
259
260
261
262
264
267
268
269
270
273
274
276
279
280
282
285
286
287
289
290
291
293
296
297
298
300
301
302
304
306
307
309
311
312
313
315
316
317
318
321
323
325
330
331
332
333
334
337
338
339
340
342
343
345
346
347
348
349
351
353
357
359
360
361
362
365
368
370
371
372
374
375
376
378
380
383
384
387
388
389
393
394
395
397
401
402
403
404
405
408
409
410
412
413
414
415
416
417
418
419
420
423
425
427
429
430
431
432
434
435
436
437
438
442
443
444
445
446
450
451
452
453
454
456
457
458
459
461
463
465
466
467
468
469
470
471
472
473
474
476
478
480
481
485
486
487
488
489
490
491
492
494
496
497
499
500
501
502
503
508
509
510
511
512
514
515
517
519
520
521
522
524
525
529
530
532
533
534
536
537
538
539
541
542
544
545
546
548
549
550
554
555
557
558
560
561
562
563
564
566
567
568
569
570
571
572
573
574
575
576
579
581
582
583
584
587
588
589
591
593
595
596
597
598
599
600
603
605
607
609
611
613
615
616
617
618
619
622
626
627
628
629
632
633
634
635
636
637
639
642
644
646
647
649
652
653
654
655
656
657
658
659
661
663
665
666
668
669
672
674
677
680
681
682
683
684
685
686
688
689
690
691
693
694
697
698
702
703
704
705
706
707
709
710
711
712
714
715
717
718
719
720
721
723
725
726
728
729
731
733
734
736
737
738
739
741
743
744
745
748
751
752
754
755
756
758
762
763
765
766
767
768
769
771
772
773
774
776
777
778
779
780
782
784
786
787
789
790
793
794
795
797
800
803
804
805
806
808
810
812
813
814
815
816
817
818
819
820
821
825
826
828
829
831
836
837
838
840
841
842
843
845
846
848
849
850
851
852
853
855
856
857
859
860
862
863
865
867
868
871
872
874
875
876
877
878
880
881
882
883
885
887
888
889
891
892
893
894
895
896
897
898
899
901
903
904
905
906
907
908
909
911
912
914
916
917
918
920
922
924
929
931
933
935
937
938
939
940
942
944
947
951
952
953
954
956
957
958
960
962
963
964
966
968
974
975
976
977
978
979
980
981
982
983
984
985
987
988
989
990
991
993
995
997
1001
1002
1003
1004
1005
1006
1007
1008
1009
1011
1012
1013
1014
1016
1018
1020