1
3
5
6
7
8
9
10
12
14
15
16
17
18
20
22
24
25
27
28
29
30
31
32
33
34
35
36
37
38
39
40
42
43
44
46
48
50
51
52
53
55
57
58
60
61
62
63
65
67
70
71
72
74
76
77
79
81
82
84
85
86
88
90
91
92
93
94
95
96
98
99
100
102
104
106
107
108
110
111
112
114
115
118
119
120
121
122
125
126
129
131
132
133
134
135
136
137
138
139
140
141
142
143
144
145
148
150
151
152
155
156
157
159
161
163
164
166
167
169
170
172
173
175
176
178
180
182
184
185
186
187
188
189
190
191
193
194
196
197
199
200
202
203
205
208
210
212
213
215
220
222
223
227
228
229
231
232
233
234
235
239
240
241
242
243
245
247
250
251
253
256
259
260
261
262
263
264
265
266
267
268
269
270
271
272
273
274
275
276
277
278
281
283
284
285
287
288
291
292
293
294
296
297
298
299
300
301
304
305
306
307
308
310
311
314
315
316
317
318
319
321
322
323
326
327
328
329
330
332
333
334
337
338
339
340
341
342
343
345
347
349
352
353
354
355
357
359
364
365
366
367
368
370
372
373
376
377
378
381
382
383
384
385
389
390
393
395
396
397
400
401
402
404
405
406
407
408
409
410
413
414
416
418
419
420
424
425
427
428
429
430
431
434
435
436
437
439
440
441
442
443
444
445
447
451
452
453
454
456
457
458
459
460
461
463
464
466
467
468
469
470
471
473
475
476
477
479
480
483
485
486
488
489
491
492
494
495
496
499
500
502
503
506
509
511
512
516
518
519
521
523
524
528
529
532
534
536
537
538
539
540
547
548
549
550
551
552
554
555
556
558
560
561
562
563
564
566
569
570
571
574
576
578
580
581
582
583
585
586
587
588
590
592
593
594
596
597
598
599
600
602
604
605
606
607
609
610
612
614
615
616
619
621
627
629
630
631
636
637
638
639
640
641
642
643
645
647
650
651
652
654
655
656
657
658
659
660
663
664
665
667
669
670
672
673
675
677
680
682
684
685
686
687
688
689
690
691
692
693
696
697
698
699
701
702
703
704
705
709
710
711
712
714
715
716
717
718
719
720
721
724
726
727
728
729
730
731
732
734
736
737
740
742
743
744
745
746
747
748
749
750
751
752
753
754
755
757
761
762
763
764
765
766
767
768
769
770
771
772
773
775
776
777
779
782
783
784
785
786
788
789
790
792
795
796
797
798
799
801
802
803
805
808
809
810
811
813
814
815
818
820
822
825
827
828
829
831
832
833
835
836
839
840
841
842
843
845
846
847
849
853
854
855
856
857
858
859
860
861
862
863
864
865
867
872
873
874
875
876
878
881
883
887
888
889
890
892
895
896
897
898
899
901
902
903
904
905
906
907
911
912
913
914
915
916
917
920
921
923
925
926
928
930
931
932
934
935
936
940
943
944
945
946
948
951
952
953
954
955
956
958
960
961
964
966
967
968
970
972
973
975
977
980
983
984
987
989
990
991
995
996
997
998
1000
1003
1004
1005
1006
1007
1008
1009
1010
1012
1013
1015
1019
1020
1021
1022
1023
1024
1025
1026
1027
1028
1029
1030
1031
1032
1034
1035
1036
1037
1039
1040
1041
1042
1043
1044
1047
1048
1052
1053
1054
1059
1060
1061
1062
1064
1065
1066
1069
1071
1072
1073
1078
1079
1080
1081
1082
1083
1084
1085
1086
1087
1088
1089
1090
1091
1092
1093
1094
1095
1096
1098
1099
1100
1101
1102
1103
1104
1105
1107
1108
1110
1111
1112
1113
1114
1116
1117
1118
1122
1123
1124
1125
1126
1127
1128
1130
1131
1132
1133
1138
1139
1140
1145
1149
1150
1151
1152
1154
1155
1156