1
3
5
6
7
8
9
10
12
14
15
16
17
18
20
22
24
26
28
29
30
32
33
35
37
38
39
40
41
42
43
44
45
46
47
50
51
52
53
54
55
58
59
61
62
63
65
66
67
69
70
71
72
73
74
75
76
78
79
81
82
83
84
85
86
87
89
91
94
95
96
98
99
101
102
103
105
107
109
110
111
115
116
117
118
119
121
124
125
127
128
129
130
131
132
133
134
135
139
140
141
143
144
146
147
148
149
152
153
154
156
160
162
165
167
170
171
172
174
175
177
180
181
182
183
184
186
188
191
193
196
198
201
203
206
207
208
209
210
211
212
213
214
215
216
217
218
220
221
222
223
224
225
227
228
230
231
232
233
234
236
237
238
239
241
242
243
244
245
247
248
249
250
251
252
253
256
258
261
263
266
268
270
272
274
276
279
281
284
285
286
287
288
289
290
291
292
293
294
295
296
297
298
299
300
301
302
303
304
305
306
308
309
310
311
312
313
314
315
316
317
318
319
320
322
323
324
325
330
331
332
333
334
335
336
337
338
339
341
342
343
344
345
347
348
349
350
351
352
353
354
355
356
357
358
359
360
361
363
364
365
366
367
368
371
374
377
379
382
384
387
388
389
390
391
392
393
394
395
398
399
400
403
406
407
408
409
410
411
412
413
414
415
416
417
418
419
420
421
423
424
425
426
428
429
430
431
432
433
434
435
437
438
440
441
445
448
450
453
455
458
460
463
465
468
469
470
471
472
473
474
475
476
479
480
481
484
486
489
491
494
496
499
501
504
506
510
512
515
517
520
522
525
526
527
528
529
531
533
534
535
536
537
538
539
540
541
542
543
544
545
546
547
548
550
551
555
556
557
558
559
560
561
562
563
564
567
568
569
570
571
572
573
574
575
576
577
578
579
580
581
582
583
584
585
586
587
588
589
590
595
596
597
598
599
600
601
602
605
606
607
608
609
610
611
612
613
614
615
616
617
618
620
621
622
623
624
625
628
629
630
631
632
633
634
635
636
637
638
639
640
643
644
646
647
648
649
650
651
652
653
654
655
656
658
659
660
661
662
663
666
667
669
672
673
674
675
676
677
678
679
680
681
682
683
684
685
686
687
688
689
690
691
692
693
695
696
697
698
699
701
702
703
704
705
706
707
708
709
710
711
712
713
714
718
719
720
721
722
723
724
726
729
730
731
732
733
734
735
736
737
738
739
740
741
742
743
744
745
746
748
749
750
751
752
753
754
755
756
757
758
762
763
764
765
766
767
768
769
770
771
772
773
774
775
776
777
781
782
783
784
785
786
788
789
790
791
793
794
795
796
797
798
799
800
801
804
805
806
807
808
809
810
813
814
815
816
817
818
819
820
821
824
825
826
827
828
829
830
831
832
835
836
837
838
839
840
841
842
845
846
847
848
849
850