1
3
5
6
7
8
9
10
12
14
15
16
17
18
20
22
24
26
28
30
32
33
35
37
39
41
42
43
44
45
47
49
51
52
54
55
56
58
61
62
64
65
66
68
70
71
72
74
77
78
80
81
82
84
86
88
93
94
95
96
97
98
99
101
104
105
106
107
108
109
110
111
112
113
114
115
116
117
118
119
121
122
123
124
125
126
127
128
130
131
133
136
137
139
140
141
145
146
148
149
151
152
153
154
156
157
158
161
163
164
165
167
168
169
170
173
174
175
176
177
178
179
180
181
182
184
185
186
188
189
190
191
192
193
194
195
196
198
199
201
202
203
204
206
207
208
209
210
212
213
214
215
216
217
218
219
220
221
223
225
226
227
228
232
233
235
239
244
245
246
247
248
249
250
251
252
253
254
255
257
258
260
261
263
266
269
270
271
272
273
274
275
277
278
280
281
282
283
284
285
287
288
290
292
294
296
299
303
304
305
306
308
310
312
314
316
318
320
322
326
327
328
330
332
333
334
335