1
3
5
6
7
8
9
10
12
14
15
16
17
18
20
22
24
26
28
30
31
32
34
35
36
38
40
42
45
47
48
49
50
51
52
53
55
57
59
60
61
62
64
66
69
70
71
72
74
75
76
77
78
79
80
81
83
84
86
87
88
89
90
91
93
94
95
96
97
98
99
101
103
105
106
107
109
110
111
112
114
115
116
118
119
121
122
124
125
127
128
129
132
133
134
136
137
138
139
140
141
142
143
144
145
147
148
149
150
151
152
153
154
156
157
159
160
161
162
163
164
167
168
169
170
171
172
174
176
177
178
179
180
181
182
184
185
186
187
188
190
192
195
196
197
198
201
202
203
204
205
210
212
214
216
217
218
219
220
223
225
226
228
231
232
233
234
236
237
241
242
243
245
249
250
252
253
255
258
259
260
261
263
264
265
266
267
268
269
270
271
272
273
274
275
277
278
282
283
284
285
286
287
288
289
290
291
292
293
294
295
297
299
300
302
303
304
307
308
309
310
311
312
313
315
316
317
319
320
322
324
325
327
328
330
332
333
334
337
338
339
340
341
342
343
344
346
347
348
349
350
351
352
353
354
356
357
359
360
361
362
363
366
368
369
370
372
374
375
379
381
382
385
386
387
388
390
391
392
393
394
395
396
397
398
399
401
402
404
406
411
413
415
416
417
418
419
420
421
423
425
431
433
434
436
438
439
441
445
446
447
450
452
454
456
457
459
461
463
464
465
466
467
468
469
470
472
473
474
475
476
477
478
480
481
482
483
484
485
488
490
491
492
493
496
498
499
501
503
505
507
510
512
514
515
516
517
519
520
522
523
525
527
532
534
535
536
539
540
542
544
545
548