1
3
5
6
7
8
9
10
12
14
15
16
17
18
20
21
23
24
26
27
29
31
32
33
34
36
37
38
39
41
42
43
44
46
48
50
51
52
54
55
56
58
59
60
62
63
64
65
67
68
69
70
71
72
73
74
76
77
78
79
80
81
82
83
84
87
89
90
91
93
94
95
96
98
99
100
101
102
105
107
108
109
110
111
112
113
114
115
116
117
118
119
121
122
123
124
125
126
127
128
129
130
131
134
135
136
138
139
140
141
142
143
145
146
147
148
150
151
152
153
156
157
158
159
162
163
164
165
166
167
168
169
170
172
173
174
175
177
178
180
181
182
184
185
186
187
188
190
192
193
195
197
198
199
201
203
204
207
208
211
212
213
214
215
216
217
218
219
220
223
226
227
229
230
231
233
234
235
238
239
240
243
244
245
246
247
248
249
250
251
252
253
254
256
257
258
259
260
261
262
263
265
268
269
270
271
272
273
274
275
276
277
278
279
280
281
284
285
286
287
288
289
290
291
292
293
294
295
296
297
301
302
303
304
305
306
307
308
309
310
311
312
313
314
315
316
317
318
319
320
321
322
323
324
325
326
327
328
329
331
332
333
334
335
336
338
339
340
341
342
343
344
345
346
347
349
350
351
353
357
358
359
362
363
364
367
368
369
372
373
374
375
376
377
380
381
382
383
386
387
388
389
390
391
392
393
394
395
396
397
398
401
402
403
404
405
406
407
408
409
413
414
415
416
417
418
419
420
421
425
426
427
428
429
430
431
432
433
437
438
441
442
443
444
445
446
447
448
449
450
452
453
455
458
459
460
461
462
465
467
468
470
471
472
474
475
476
478
481
483
488
489
490
493
494
496
497
498
500
501
502
504
507
509
513
514
515
518
519
520
521
522
523
524
525
526
527
528
529
530
531
532
533
535
538
539
540
541
542
543
544
545
546
547
548
550
551
553
556
557
558
560
561
562
564
567
569
573
574
575
576
577
578
579
580
581
582
583
584
585
586
587
588
589
590
591
592
593
594
596
597
598
599
600
601
602
603
604
606
607
611
612
613
614
615
616
617
618
619
620
621
622
624
625
627
630
631
635
636
637
638
639
640
641
642
643
644
645
646
648
649
651
654
655
659
660
662
663
665
666
668
670
674
675
677
678
679
681
682
683
684
685
687
690
692
696
697
699
700
701
703
705
707
711
712
714
715
716
718
719
720
721
722
724
727
729
733
734
736
737
738
740
743
745
749
750
752
753
754
756
758
760
764
765
767
768
769
771
772
773
774
775
777
778
779
783
785
789
790
792
793
795
796
797
799
801
805
806
807
809
810
811
812
814
817
818
819
820
822
823
824
825
827
831
832
833
836
837
838
839
840
841
842
844
845
846
848
849
850
851
852
855
856
857
858
862
863
865
868
870
874
877
878
880
881
882
884
885
886
888
891
893
897
898
899
902
903
905
906
907
909
910
911
913
916
918
922
923
925
926
927
929
930
931
933
936
938
942
943
945
946
947
949
950
951
953
956
958
962
964
965
967
968
969
971
972
973
974
975
976
977
978
979
980
981
985
987
991
992
994
995
996
998
1000
1002
1006
1007
1009
1010
1011
1013
1015
1016
1017
1018
1020
1023
1025
1029
1030
1032
1033
1034
1036
1038
1040
1044
1045
1047
1048
1049
1051
1053
1055
1059
1060
1062
1063
1064
1066
1068
1070
1074
1075
1077
1078
1079
1081
1082
1083
1086
1088
1092
1093
1095
1096
1097
1099
1100
1103
1105
1109
1110
1112
1113
1114
1116
1117
1118
1120
1123
1125
1129
1130
1131
1132
1133
1134
1135
1136
1137
1138
1139
1142
1143
1145
1146
1147
1149
1151
1153
1157
1159
1160
1162
1163
1164
1166
1167
1168
1170
1173
1175
1179
1180
1181
1182
1183
1184
1185
1186
1188
1190
1191
1192
1193
1194
1195
1197
1199
1200
1201
1202
1203
1204
1205
1208
1209
1210
1211
1214
1217
1218
1220
1221
1223
1224
1225
1227
1229
1231
1235
1236
1238
1239
1240
1242
1243
1244
1245
1247
1250
1252
1256
1257
1259
1260
1261
1263
1264
1265
1266
1267
1268
1270
1273
1275
1279
1280
1282
1283
1284
1286
1287
1288
1289
1290
1291
1293
1296
1298
1302
1303
1305
1306
1307
1309
1310
1311
1312
1314
1317
1319
1323
1324
1326
1327
1328
1330
1331
1332
1333
1334
1335
1337
1340
1342
1346
1347
1349
1350
1351
1353
1354
1355
1356
1357
1358
1360
1363
1365
1369
1370
1372
1373
1375
1376
1378
1380
1384
1385
1386
1387
1388
1389
1390
1391
1392
1393
1394
1395
1396
1397
1398
1400
1401
1404
1405
1406
1408
1411
1412
1413
1416
1417
1420
1421
1422
1423
1425
1426
1430
1431
1434
1435
1436
1439
1440
1443
1444
1445
1446
1447
1448
1452
1453
1454
1457
1458
1461
1462
1463
1464
1466
1469
1470
1471
1472
1473
1474
1477
1478
1481
1482
1483
1484
1485
1486
1487
1488
1490
1491
1492
1493
1495
1496
1497
1498
1501
1502
1503
1504
1506
1507
1509
1510
1511
1512
1513
1514
1515
1516
1517
1518
1522
1523
1524
1525
1526
1527
1529
1530
1531
1532
1534
1535
1537
1539
1540
1541
1542
1543
1544
1548
1549
1550
1551
1552
1553
1554
1555
1556
1557
1558
1559
1560
1561
1562
1563
1566
1567
1570
1571
1572
1573
1574
1576
1579
1581
1582
1583
1584
1585
1586
1587
1588
1593
1594
1595
1596
1599
1600
1601
1602
1603
1604
1605
1606
1607
1608
1609
1611
1612
1613
1614
1615
1616
1617
1618
1624
1625
1628
1629
1630
1631
1632
1633
1634
1637
1638
1639
1640
1641
1642
1643
1646
1647
1648
1649
1650
1651
1652
1654
1655
1659
1660
1661
1662
1663
1665
1666
1669
1670
1671
1672
1673
1676
1679
1680
1681
1682
1683
1684
1687
1688
1689
1690
1691
1692
1695
1696
1699
1700
1703
1704
1705
1708
1709
1710
1711
1712
1713
1714
1715
1716
1717
1718
1719
1720
1721
1722
1723
1724
1725
1726
1727
1728
1729
1730
1732
1733
1737
1738
1739
1740
1741
1743
1744
1747
1748
1749
1750
1751
1752
1755
1758
1759
1760
1761
1764
1765
1766
1767
1768
1769
1770
1771
1772
1774
1775
1779
1780
1781
1782
1783
1785
1786
1787
1788
1789
1791
1792
1795
1796
1797
1801
1802
1803
1804
1805
1806
1807
1808
1809
1810
1811
1814
1815
1816
1817
1818
1819
1820
1821
1822
1823
1824
1827
1828
1829
1831
1832
1833
1834
1835
1837
1840
1843
1844
1845
1846
1848
1849
1850
1851
1852
1853
1857
1858
1859
1860
1861
1862
1863
1864
1865
1866
1867
1868
1869
1870
1871
1872
1873
1874
1875
1878
1879
1880
1881
1882
1883
1884
1885
1886
1887
1888
1889
1890
1891
1892
1893
1894
1895
1896
1897
1898
1900
1901
1902
1903
1906
1907
1909
1910
1911
1915
1916
1917
1921
1922
1923
1924
1925
1926
1927
1928
1931
1932
1933
1934
1935
1936
1937
1938
1939
1940
1941
1942
1943
1945
1948
1949
1951
1952
1954
1955
1956
1959
1960
1961
1962
1963
1964
1965
1966
1967
1968
1971
1973
1974
1975
1976
1978
1979
1982
1984
1985
1987
1988
1989
1991
1992
1993
1994
1995
1996
1997
1998
1999
2001
2002
2003
2005
2006
2007
2008
2009
2010
2011
2012
2013
2014
2015
2016
2019
2020
2021
2022
2023
2024
2026
2027
2028
2029
2030
2031
2032
2036
2037
2038
2039
2040
2041
2042
2044
2047
2048
2050
2051
2052
2053
2054
2055
2056
2060
2061
2062
2064
2065
2066
2068
2071
2073
2075
2076
2079
2080
2081
2082
2083
2086
2087
2088
2090
2091
2092
2093
2094
2095
2097
2098
2099
2100
2101
2102
2104
2105
2106
2107
2108
2109
2112
2114
2116
2117
2118
2120
2122
2123
2124
2125
2126
2129
2130
2132
2134
2135
2136
2137
2141
2142
2143
2145
2146
2147
2148
2149
2150
2153
2154
2155
2156
2157
2158
2159
2163
2164
2165
2166
2170
2171
2172
2173
2174
2175
2176
2177
2178
2179
2180
2181
2184
2185
2186
2187
2188
2189
2191
2192
2193
2194
2195
2196
2201
2202
2205
2207
2208
2209
2210
2211
2212
2213
2214
2215
2216
2218
2219
2220
2221
2222
2223
2224
2226
2228
2229
2230
2231
2234
2236
2237
2238
2239
2240
2243
2244
2245
2248
2249
2250
2251
2252
2253
2254
2255
2257
2258
2259
2262
2263
2264
2266
2267
2268
2269
2270
2271
2272
2273
2274
2275
2276
2278
2281
2282
2284
2285
2287
2288
2290
2291
2293
2294
2295
2296
2297
2298
2299
2303
2304
2305
2306
2309
2311
2312
2313
2314
2315
2316
2319
2320
2321
2322
2323
2324
2326
2327
2328
2329
2330
2331
2332
2334
2335
2336
2337
2338
2339
2340
2341
2342
2343
2344
2345
2348
2349
2350
2351
2352
2354
2355
2356
2357
2358
2362
2363
2364
2365
2368
2369
2370
2373
2374
2376
2377
2379
2380
2382
2383
2384
2388
2389
2390
2391
2393
2394
2396
2397
2401
2402
2403
2404
2405
2406
2408
2409
2410
2411
2413
2414
2415
2417
2420
2421
2422
2424
2425
2426
2427
2428
2429
2430
2431
2432
2433
2434
2435
2436
2440
2443
2444
2445
2446
2448
2449
2450
2454
2455
2456
2457
2458
2459
2460
2461
2462
2463
2464
2465
2466
2467
2468
2469
2470
2471
2472
2473
2474
2475
2476
2478
2479
2480
2481
2482
2483
2484
2486
2487
2488
2489
2490
2491
2492
2493
2495
2499
2500
2501
2502
2503
2504
2505
2506
2507
2508
2509
2510
2511
2512
2514
2515
2516
2517
2518
2520
2524
2525
2526
2527
2528
2529
2530
2531
2532
2533
2535
2536
2537
2538
2539
2540
2544
2545
2546
2547
2548
2551
2552
2553
2554
2555
2556
2558
2559
2564
2565
2566
2567
2568
2569
2570
2571
2576
2577
2578
2579
2580
2581
2582
2583
2584
2585
2586
2587
2588
2590
2591
2592
2593
2594
2595
2596
2599
2600
2601
2605
2606
2607
2608
2609
2610
2611
2612
2613
2614
2615
2616
2617
2618
2619
2620
2621
2622
2623
2624
2626
2627
2628
2629
2630
2631
2633
2638
2641
2642
2643
2644
2645
2646
2647
2648
2649
2650
2651
2655
2656
2659
2660
2661
2662
2663
2664
2665
2666
2667
2668
2669
2671
2672
2673
2674
2676
2677
2678
2679
2682
2683
2684
2687
2688
2689
2690
2691
2695
2696
2697
2698
2699
2700
2701
2708
2709
2711
2712
2715
2716
2717
2718
2719
2720
2721
2722
2723
2724
2725
2726
2727
2728
2729
2732
2733
2734
2737
2738
2741
2742
2743
2744
2749
2750
2751
2752
2753
2754
2755
2756
2757
2758
2759
2760
2761
2762
2763
2764
2765
2766
2770
2771
2772
2773
2774
2778
2779
2780
2784
2785
2786
2787
2788
2789
2793
2795
2796
2797
2798
2799
2802
2803
2804
2805
2806
2812
2813
2816
2817
2818
2819
2820
2824
2825
2826
2827
2831
2832
2833
2834
2835
2836
2837
2838
2839
2842
2843
2844
2845
2846
2847
2848
2849
2850
2851
2853
2854
2855
2856
2858
2859
2860
2861
2862
2863
2864
2865
2866
2867
2868
2870
2871
2875
2876
2877
2878
2879
2880
2881
2883
2887
2888
2889
2890
2891
2892
2893
2894
2896
2897
2901
2902
2904
2906
2907
2909
2910
2912
2914
2918
2920