1
3
5
6
7
8
9
10
12
14
15
16
17
18
20
22
24
25
26
27
28
29
30
31
32
33
34
35
36
37
39
40
42
43
44
45
46
47
48
49
50
51
52
53
54
56
57
58
59
60
61
62
63
64
65
66
67
68
70
71
72
73
75
76
77
78
79
80
81
82
83
85
86
88
89
91
92
94
95
96
97
98
99
101
102
103
104
106
108
109
110
111
112
113
115
116
117
118
119
120
121
122
123
124
125
126
128
130
131
133
134
135
136
137
138
139
140
141
142
143
144
145
146
147
148
149
150
151
152
153
154
155
156
157
158
159
161
164
165
166
168
169
170
171
172
175
176
179
181
182
183
186
187
188
189
190
191
192
194
195
196
197
199
201
203
204
205
206
207
208
209
213
214
215
218
219
220
221
223
224
226
228
229
232
233
235
236
238
241
242
243
244
246
247
248
249
251
252
253
254
257
258
259
260
261
262
263
264
266
267
269
270
271
276
277
278
280
284
285
286
287
288
289
290
291
292
295
296
298
299
300
301
302
304
307
310
311
312
313
314
317
318
319
320
322
323
324
325
326
327
328
329
330
331
332
333
336
337
338
339
341
342
343
344
345
350
352
354
355
356
357
360
361
363
364
366
368
370
371
374
375
376
380
381
382
384
385
386
387
388
389
392
393
397
398
399
400
401
404
405
406
407
408
409
410
411
413
417
418
419
420
421
422
424
425
428
429
431
434
435
436
437
438
440
441
442
445
446
447
448
450
451
452
455
456
457
458
460
464
466
469
471
474
475
476
477
478
479
480
481
482
483
484
485
486
487
488
489
490
491
493
494
495
498
499
500
501
502
504
505
506
507
509
510
513
515
516
518
519
520
521
522
526
527
528
529
530
531
532
534
536
537
538
541
542
543
545
546
547
549
553
554
555
556
557
559
560
561
564
565
566
568
569
570
572
575
577
578
579
582
584
585
588
589
590
591
592
593
594
595
596
597
598
599
601
603
604
607
608
609
610
611
612
614
615
618
619
620
621
622
623
625
627
628
629
630
632
634
635
639
640
641
643
644
647
648
649
650
651
652
657
658
659
660
661
662
663
664
665
666
667
668
669
670
672
674
676
678
679
680
683
685
687
689
690
691
694
695
696
697
698
700
701
703
704
705
709
710
711
712
713
714
715
716
717
719
721
722
723
724
725
726
727
729
730
731
732
734
736
737
738
739
740
741
744
745
747
748
749
751
752
753
754
757
759
760
761
762
764
766
767
768
769
770
771
772
776
777
779
780
781
784
785
787
788
789
790
791
794
795
796
797
799
801
802
803
804
805
806
807
809
810
811
812
813
815
816
817
820
822
823
824
825
827
828
830
831
832
838
839
840
842
844
846
847
848
849
850
851
853
854
855
857
859
860
862
863
867
868
869
872
873
876
878
879
880
881
883
886
887
888
889
890
891
892
893
895
896
897
899
900
901
902
905
906
908
909
911
914
915
917
918
919
922
923
925
926
928
930
931
933
934
935
938
939
941
942
943
944
947
948
949
950
952
953
954
955
956
958
960
962
963
965
968
970
973
974
976
977
978
979
980
981
983
984
985
987
988
989
992
994
995
997
998
999
1000
1001
1002
1004
1005
1006
1007
1009
1010
1011
1012
1013
1014
1017
1019
1021
1023
1025
1026
1027
1033
1034
1035
1036
1037
1038
1039
1040
1041
1042
1043
1044
1045
1046
1047
1048
1049
1050
1051
1052
1053
1054
1055
1056
1058
1059
1060
1061
1062
1063
1066
1068
1069
1070
1071
1073
1075
1076
1077
1078
1079
1080
1085
1086
1087
1088
1089
1090
1091
1092
1093
1094
1095
1096
1098
1099
1101
1106
1107
1108
1109
1110
1111
1112
1113
1116
1117
1118
1120
1121
1123
1124
1126
1128
1129
1130
1131
1135
1136
1137
1138
1140
1141
1142
1143
1144
1145
1146
1147
1148
1149
1150
1154
1155
1159
1161
1165
1166
1168
1171
1173
1176
1178
1179
1182
1183
1184
1185
1186
1187
1189
1193
1194
1195
1196
1197
1198
1199
1200
1202
1203
1204
1208
1209
1210
1211
1212
1214
1218
1219
1220
1223
1224
1225
1226
1227
1230
1231
1233
1234
1235
1237
1239
1240
1241
1242
1243
1244
1245
1246
1247
1248
1250
1251
1252
1253
1254
1255
1256
1258
1259
1260
1261
1262
1263
1264
1265
1266
1267
1268
1269
1270
1271
1273
1274
1275
1277
1283
1284
1285
1288
1289
1291
1293
1294
1295
1296
1297
1298
1303
1304
1306
1307
1308
1309
1310
1311
1312
1314
1315
1316
1318
1319
1321
1322
1323
1324
1325
1327
1328
1329
1330
1331
1332
1334
1335
1336
1339
1341
1342
1343
1345
1346
1347
1348
1349
1350
1351
1352
1353
1354
1356
1358
1359
1360
1361
1362
1363
1364
1366
1368
1369
1370
1371
1372
1375
1376
1378
1380
1382
1383
1384
1385
1386
1387
1388
1389
1390
1391
1392
1393
1394
1395
1396
1397
1398
1399
1400
1405
1406
1407
1408
1413
1414
1416
1418
1419
1420
1421
1422
1423
1425
1426
1428
1429
1432
1434
1435
1436
1437
1438
1439
1443
1444
1446
1448
1449
1450
1451
1452
1454
1456
1457
1460
1461
1462
1465
1466
1467
1468
1469
1471
1474
1476
1477
1480
1481
1483
1484
1486
1487
1489
1490
1492
1493
1495
1496
1497
1499
1504
1505
1506
1507
1508
1509
1511
1512
1513
1514
1515
1516
1517
1518
1519
1520
1521
1522
1523
1524
1525
1526
1527
1528
1529
1530
1534
1535
1536
1537
1538
1539
1540
1542
1544
1545
1546
1548
1549
1550
1551
1552
1553
1558
1559
1560
1561
1562
1563
1564
1565
1566
1567
1568
1569
1570
1571
1572
1573
1574
1575
1576
1577
1578
1579
1580
1581
1582
1583
1584
1585
1586
1587
1588
1589
1590
1591
1592
1593
1594
1595
1596
1597
1598
1599
1600
1601
1602
1603
1604
1605
1608
1610
1611
1613
1614
1616
1619
1620
1622
1624
1625
1626
1627
1628
1629
1631
1634
1636
1637
1638
1639
1642
1643
1646
1647
1648
1649
1651
1652
1653
1657
1659
1660
1661
1662
1663
1665
1666
1667
1668
1669
1670
1671
1672
1673
1674
1675
1676
1680
1681
1682
1683
1684
1685
1687
1689
1690
1691
1692
1693
1694
1695
1696
1698
1699
1700
1702
1703
1704
1706
1708
1709
1710
1712
1714
1715
1716
1717
1718
1719
1720
1722
1723
1724
1725
1727
1728
1729
1730
1731
1733
1734
1735
1736
1737
1738
1739
1741
1743
1744
1745
1748
1749
1751
1752
1753
1754
1757
1758
1759
1760
1761
1762
1764
1765
1766
1769
1770
1772
1773
1774
1777
1778
1779
1780
1781
1782
1784
1785
1786
1788
1790
1792
1793
1794
1795
1796
1797
1798
1799
1800
1802
1803
1807
1808
1810
1812
1813
1815
1817
1818
1819
1820
1821
1822
1823
1824
1825
1830
1831
1832
1833
1834
1835
1836
1837
1838
1839
1840
1841
1842
1843
1844
1845
1846
1847
1848
1849
1851
1852
1853
1854
1855
1856
1858
1859
1860
1863
1864
1865
1866
1867
1869
1871
1872
1873
1874
1876
1877
1878
1879
1880
1881
1882
1883
1884
1885
1886
1888
1889
1890
1895
1897
1898
1899
1900
1901
1903
1905
1906
1907
1908
1911
1912
1913
1914
1916
1917
1918
1920
1921
1922
1924
1926
1927
1928
1930
1932
1933
1934
1935
1937
1938
1939
1940
1942
1943
1944
1945
1946
1949
1951
1953
1954
1955
1957
1958
1960
1961
1962
1963
1965
1966
1967
1971
1972
1973
1974
1976
1977
1978
1979
1980
1982
1983
1984
1985
1986
1990
1991
1992
1993
1996
1999
2001
2002
2005
2006
2007
2008
2011
2012
2013
2014
2015
2017
2018
2019
2020
2021
2023
2024
2025
2026
2027
2029
2030
2033
2034
2040
2041
2042
2043
2044
2045
2046
2047
2048
2049
2050
2051
2052
2055
2059
2060
2061
2062
2063
2064
2065
2067
2068
2069
2070
2071
2072
2073
2074
2075
2076
2077
2078
2079
2083
2084
2085
2086
2087
2088
2089
2091
2093
2094
2095
2096
2097
2098
2104
2105
2106
2108
2110
2111
2112
2114
2117
2118
2119
2121
2122
2124
2127
2128
2131
2133
2136
2138
2141
2143
2147
2149
2150
2151
2154
2155
2156
2157
2158
2159
2160
2161
2162
2163
2164
2165
2166
2167
2168
2169
2170
2171
2175
2176
2177
2178
2179
2180
2181
2182
2183
2184
2185
2186
2187
2188
2189
2190
2191
2192
2193
2197
2199
2200
2203
2205
2208
2209
2210
2211
2212
2213
2214
2215
2216
2217
2218
2219
2220
2221
2222
2224
2227
2228
2229
2230
2231
2232
2233
2234
2235
2236
2237
2238
2239
2240
2241
2242
2243
2244
2245
2246
2247
2248
2250
2251
2252
2256
2257
2258
2260
2262
2263
2264
2265
2266
2267
2269
2271
2273
2277
2279
2280
2282
2284
2285
2287
2288
2290
2294
2296
2297
2299
2301
2302
2304
2305
2307
2312
2314
2315
2317
2319
2320
2322
2323
2325
2329
2331
2332
2334
2336
2337
2339
2340
2342
2348
2350
2351
2353
2355
2356
2358
2359
2361
2366
2368
2369
2371
2373
2374
2376
2377
2379
2383
2385
2386
2388
2390
2391
2393
2394
2396
2400
2402
2403
2404
2406
2408
2409
2411
2412
2414
2415
2419
2420
2421
2422
2423
2425
2426
2427
2428
2429
2430
2432
2434
2435
2437
2438
2440
2441
2442
2443
2448
2450
2451
2452
2453
2454
2456
2458
2459
2461
2462
2464
2465
2466
2467
2472
2474
2475
2476
2478
2480
2481
2483
2484
2486
2487
2491
2493
2494
2495
2497
2499
2500
2502
2503
2505
2506
2512
2514
2515
2516
2518
2520
2521
2523
2524
2526
2527
2532
2534
2535
2537
2539
2541
2542
2544
2548
2550
2551
2553
2555
2557
2558
2560
2565
2567
2568
2570
2572
2574
2575
2576
2577
2578
2579
2580
2582
2584
2589
2591
2592
2594
2596
2598
2599
2600
2601
2602
2603
2604
2606
2608
2613
2614
2616
2618
2619
2620
2622
2623
2625
2626
2628
2629
2631
2632
2634
2635
2636
2638
2639
2640
2642
2643
2644
2646
2647
2648
2650
2651
2652
2653
2654
2655
2656
2657
2659
2660
2661
2662
2663
2664
2665
2667
2668
2669
2670
2671
2673
2674
2675
2677
2678
2679
2681
2682
2683
2684
2685
2686
2689
2690
2691
2692
2693
2694
2696
2697
2698
2700
2701
2702
2704
2705