1
3
5
6
7
8
9
10
12
14
15
16
17
18
20
22
24
26
28
29
31
32
34
36
38
39
40
41
43
45
46
47
48
49
50
51
53
54
55
57
59
60
61
63
64
66
68
70
71
73
75
77
79
80
82
83
84
85
86
87
88
89
90
91
92
93
94
95
96
97
98
99
100
101
102
103
104
106
107
108
109
110
111
112
114
115
116
117
118
119
120
121
122
123
124
125
126
127
129
130
131
132
133
135
136
137
138
139
140
141
142
144
145
146
148
149
152
153
154
155
156
157
159
161
163
164
165
166
167
168
169
170
173
175
179
181
184
185
186
187
188
189
191
193
195
197
199
200
203
205
206
209
213
214
215
216
217
218
219
220
221
222
223
224
225
227
229
230
232
233
234
235
237
238
239
240
241
242
244
245
246
247
249
250
252
255
256
257
258
259
261
262
263
264
266
267
268
269
271
274
275
276
278
279
281
283
284
286
288
289
292
293
295
297
301
302
304
305
306
307
308
309
310
312
313
314
315
316
317
318
319
320
321
322
323
324
326
327
328
329
331
333
334
335
336
339
340
342
343
344
346
347
349
351
352
353
356
357
358
359
360
361
362
363
365
366
367
368
369
371
372
374
377
378
380
381
382
383
384
385
386
387
389
390
391
393
395
398
399
402
404
405
406
407
408
409
410
411
413
417
418
419
421
422
423
424
425
426
429
430
431
432
433
436
438
439
441
442
443
445
446
447
448
449
450
451
452
453
454
455
457
458
459
460
461
462
463
464
465
466
468
470
471
472
473
474
475
477
478
482
483
484
485
487
488
490
492
493
494
498
500
501
502
503
506
509
510
511
512
513
514
515
516
517
518
519
520
521
522
523
524
525
526
527
528
529
530
531
532
533
534
535
536
537
538
539
540
541
542
543
544
545
546
547
548
550
551
552
553
554
555
556
557
558
559
560
561
562
563
564
565
566
567
568
569
571
573
574
575
576
577
578
579
580
582
584
585
586
587
588
589
590
591
592
593
594
595
597
599
600
601
602
603
607
609
612
613
614
615
616
617
618
619
620
622
624
625
626
628
629
631
634
635
636
637
638
639
640
641
642
643
644
645
647
648
649
651
652
653
655
656
657
659
661
662
664
666
668
669
671
673
676
677
678
680
682
683
685
686
694
695
696
697
698
699
700
701
702
703
704
705
706
707
708
709
710
712
715
716
717
718
719
720
723
724
726
728
729
730
731
732
733
734
736
738
741
742
743
744
745
746
747
748
749
751
754
755
756
757
758
759
760
761
762
763
764
765
766
767
768
769
770
771
772
773
774
775
776
779
781
782
783
784
785
786
787
791
792
793
794
795
796
797
798
800
801
802
804
806
808
812
815
816
817
818
819
820
821
822
823
824
825
826
827
829
830
831
832
833
835
836
837
838
840
841
842
843
844
846
848
849
851
852
854
855
857
859
861
862
863
864
865
866
867
869
870
871
872
873
875
876
878
879
881
885
886
887
888
889
890
891
893
896
897
898
899
900
901
902
903
905
907
908
909
911
912
914
917
920
921
922
923
924
925
926
927
928
929
930
932
934
936
938
939
940
942
943
944
946
948
952