1
3
5
6
7
8
9
10
12
14
15
16
17
18
20
22
24
25
26
27
28
29
31
32
33
34
35
36
37
38
39
40
41
42
43
44
45
46
47
48
49
50
51
52
53
54
55
56
57
58
59
60
61
62
63
64
65
66
67
68
69
70
71
72
73
74
75
76
77
78
79
80
81
82
83
84
85
86
87
88
90
91
92
93
94
96
97
100
101
102
103
104
105
106
107
108
109
110
111
112
113
114
115
116
117
119
120
121
122
123
124
125
126
127
128
129
130
131
132
133
134
135
136
137
138
139
140
141
142
143
144
145
146
148
149
150
151
152
153
154
155
156
157
158
159
160
161
162
163
164
165
166
167
168
169
170
171
173
177
178
179
180
181
182
184
185
186
187
188
189
190
191
192
193
194
195
196
197
198
199
200
201
202
203
204
205
206
207
208
209
210
211
212
213
214
215
216
217
218
219
220
221
222
223
224
225
226
227
228
230
231
232
233
234
235
236
237
238
239
240
241
242
243
244
245
246
247
249
251
255
257
259
260
262
263
264
265
266
267
270
272
273
274
275
276
277
278
279
280
281
283
284
285
286
287
289
290
292
293
294
296
298
299
301
302
304
305
306
307
308
309
310
311
313
314
316
317
318
322
324
326
327
328
329
330
331
332
333
334
335
337
339
340
341
342
344
345
347
348
350
351
353
356
358
359
361
362
365
366
367
368
370
371
373
374
375
376
377
378
380
383
384
385
386
387
388
389
390
391
393
394
396
398
399
400
401
402
403
404
405
408
409
410
411
412
413
414
415
416
417
420
424
425
427
428
429
431
432
433
435
438
439
441
443
445
447
449
451
452
453
454
455
456
458
460
461
463
465
466
468
469
471
472
474
476
477
480
481
482
483
485
486
487
488
489
490
492
493
494
495
496
497
500
502
504
506
512
513
515
516
517
519
521
523
525
526
527
528
529
531
533
534
535
536
538
540
541
542
545
547
548
551
553
555
557
558
560
562
563
564
565
566
567
568
569
570
571
572
574
577
579
581
583
584
587
592
596
597
599
601
602
604
606
610
611
612
613
616
617
619
622
623
625
629
630
631
632
633
634
635
636
637
639
640
641
642
643
644
645
646
647
648
649
651
652
654
656
658
659
662
663
664
665
666
667
668
670
672
674
676
677
680
682
684
685
686
687
690
692
695
697
699
700
702
703
705
706
707
708
710
711
712
713
714
715
716
717
718
719
720
721
722
723
724
726
728
729
730
732
734
735
736
738
739
741
744
745
746
747
748
749
750
751
753
754
757
759
760
761
762
765
767
768
770
772
773
774
776
777
778
779
780
781
782
784
786
787
788
789
791
792
794
795
796
797
798
799
800
801
802
803
804
806
807
808
809
814
817
818
819
822
823
825
826
828
829
830
831
833
835
836
838
840
844
847
848
849
850
851
852
853
854
855
856
857
858
859
860
862
864
865
866
867
868
869
870
872
873
875
877
879
884
887
888
889
890
891
892
893
894
895
896
897
898
899
900
901
902
903
904
905
906
907
908
910
911
913
914
915
916
918
920
922
923
925
927
928
929
930
931
932
933
934
938
939
941
942
943
944
947
948
949
951
953
954
957
958
959
960
962
963
964
965
966
967
968
969
970
971
973
974
976
977
978
980
981
983
984
985
986
987
989
990
991
992
993
994
995
999
1000
1001
1002
1003
1004
1005
1006
1007
1009
1010
1011
1012
1013
1014
1016
1018
1020
1022
1023
1024
1025
1026
1027
1028
1029
1035
1036
1037
1038
1039
1040
1041
1042
1045
1047
1048
1050
1051
1054
1056
1058
1060
1061
1063
1065
1066
1071
1073
1078
1081
1082
1083
1084
1085
1086
1087
1088
1091
1092
1093
1094
1095
1096
1097
1098
1100
1101
1104
1105
1107
1109
1111
1112
1115
1116
1117
1118
1119
1120
1121
1122
1123
1124
1125
1126
1127
1128
1129
1131
1132
1133
1134
1135
1136
1137
1138
1140
1141
1142
1143
1144
1146
1148
1151
1153
1154
1155
1156
1158
1161
1165
1166
1167
1168
1169
1170
1171
1172
1173
1174
1175
1176
1177
1178
1179
1180
1181
1182
1183
1184
1185
1186
1187
1188
1190
1192
1193
1194
1195
1196
1197
1200
1201
1203
1205
1206
1208
1209
1210
1211
1212
1213
1214
1215
1216
1218
1219
1221
1223
1225
1226
1228
1230
1231
1235
1236
1238
1240
1243
1244
1245
1246
1247
1248
1249
1250
1251
1252
1253
1254
1255
1257
1259
1260
1261
1262
1263
1264
1265
1268
1269
1271
1273
1275
1280
1283
1284
1285
1286
1287
1288
1289
1290
1291
1292
1293
1294
1295
1296
1298
1299
1300
1301
1302
1304
1305
1306
1307
1308
1310
1311
1312
1313
1314
1315
1316
1319
1320
1321
1322
1324
1325
1326
1327
1328
1329
1331
1333
1334
1335
1336
1337
1339
1342
1343
1344
1345
1346
1347
1348
1349
1350
1351
1352
1353
1354
1357
1358
1360
1361
1363
1365
1366
1367
1370
1371
1373
1376
1377
1378
1379
1380
1382
1383
1384
1385
1386
1387
1388
1389
1390
1393
1394
1395
1396
1397
1398
1399
1400
1401
1402
1403
1404
1405
1406
1407
1408
1409
1410
1411
1412
1413
1414
1415
1416
1417
1418
1419
1420
1421
1422
1423
1424
1425
1426
1427
1428
1429
1430
1431
1432
1433
1434
1435
1436
1437
1438
1439
1440
1441
1442
1443
1444
1445
1446
1447
1448
1449
1450
1451
1453
1454
1455
1456
1457
1459
1460
1461
1462
1463
1465
1466
1467
1468
1470
1472
1474
1475
1476
1478
1479
1480
1481
1483
1484
1485
1486
1489
1491
1497
1498
1499
1501
1502
1504
1505
1506
1507
1509
1512
1513
1515
1517
1518
1520
1521
1522
1523
1524
1527
1528
1529
1530
1531
1533
1535
1536
1538
1539
1540
1541
1542
1545
1546
1548
1549
1550
1552
1553
1554
1555
1557
1558
1560
1561
1564
1565
1566
1567
1569
1570
1571
1572
1573
1574
1575
1577
1579
1581
1583
1585
1586
1587
1588
1589
1591
1592
1593
1594
1595
1596
1597
1598
1600
1604
1605
1607
1608
1610
1611
1613
1614
1615
1619
1620
1622
1624
1625
1626
1627
1628
1629
1631
1632
1634
1635
1636
1637
1638
1640
1641
1642
1643
1645
1647
1649
1650
1652
1653
1655
1656
1658
1661
1663
1664
1665
1666
1667
1668
1669
1670
1673
1675
1676
1677
1680
1681
1682
1684
1685
1686
1687
1690
1692
1693
1695
1696
1697
1699
1701
1702
1704
1705
1707
1708
1709
1711
1712
1714
1715
1716
1717
1718
1722
1723
1726
1727
1728
1729
1730
1731
1732
1733
1734
1735
1736
1738
1739
1740
1741
1742
1743
1744
1745
1746
1747
1748
1750
1752
1754
1755
1756
1757
1759
1760
1761
1762
1763
1764
1765
1767
1768
1769
1770
1772
1773
1776
1778
1779
1781
1782
1783
1785
1786
1788
1789
1791
1792
1793
1794
1795
1796
1797
1798
1799
1801
1802
1803
1804
1806
1807
1808
1809
1810
1811
1812
1815
1816
1817
1819
1820
1821
1822
1825
1826
1827
1829
1830
1831
1833
1834
1835
1837
1838
1839
1840
1841
1842
1843
1844
1845
1846
1851
1852
1853
1854
1857
1858
1859
1860
1861
1862
1863
1864
1865
1867
1868
1870
1871
1873
1874
1875
1877
1878
1879
1881
1882
1883
1884
1886
1887
1889
1890
1892
1893
1895
1896
1897
1899
1900
1901
1902
1904
1905
1906
1911
1912
1913
1914
1915
1916
1917
1918
1919
1920
1922
1923
1924
1925
1927
1928
1929
1930
1931
1932
1933
1934
1935
1936
1937
1939
1940
1941
1942
1944
1945
1946
1947
1949
1950
1952
1953
1954
1957
1959
1960
1963
1965
1966
1967
1968
1969
1971
1974
1975
1976
1977
1978
1979
1980
1981
1982
1983
1984
1985
1988
1989
1990
1991
1993
1995
1996
1997
1998
1999
2000
2001
2002
2004
2005
2007
2010
2011
2012
2013
2014
2015
2016
2017
2018
2019
2020
2021
2022
2024
2025
2026
2028
2029
2030
2031
2032
2034
2036
2038
2040
2042
2044
2048
2049
2051
2052
2053
2054
2055
2056
2057
2059
2060
2061
2062
2063
2064
2065
2067
2069
2070
2071
2072
2074
2075
2076
2077
2079
2080
2082
2083
2084
2085
2087
2088
2089
2090
2091
2093
2095
2097
2098
2099
2100
2101
2103
2104
2105
2108
2109
2111
2113
2114
2116
2117
2119
2120
2122
2123
2124
2125
2129
2130
2132
2133
2134
2135
2136
2137
2138
2140
2142
2143
2144
2145
2146
2147
2148
2149
2150
2151
2152
2153
2154
2156
2158
2159
2161
2162
2163
2164
2165
2166
2167
2168
2169
2170
2172
2173
2175
2178
2179
2180
2181
2182
2183
2184
2185
2187
2188
2190
2191
2192
2195
2196
2197
2198
2199
2200
2201
2202
2203
2204
2205
2206
2207
2208
2209
2210
2211
2212
2213
2215
2216
2217
2218
2219
2220
2221
2222
2223
2225
2227
2229
2230
2232
2234
2239
2240
2241
2242
2244
2245
2247
2248
2250
2255
2256
2257
2258
2260
2261
2262
2264
2265
2266
2270
2271
2272
2273
2274
2275
2276
2277
2279
2280
2281
2282
2283
2284
2285
2286
2288
2289
2290
2291
2292
2294
2295
2296
2298
2299
2300
2301
2302
2304
2305
2306
2308
2309
2310
2312
2314
2315
2316
2317
2318
2319
2320
2321
2322
2323
2324
2325
2326
2328
2330
2331
2332
2333
2335
2337
2338
2340
2341
2345
2346
2347
2348
2349
2350
2351
2352
2353
2354
2356
2357
2359
2360
2362
2366
2367
2368
2369
2371
2372
2373
2374
2375
2379
2380
2381
2382
2383
2384
2385
2386
2387
2389
2391
2392
2394
2395
2397
2399
2401
2402
2403
2405
2406
2408
2409
2412
2414
2416
2421
2422
2423
2424
2425
2426
2428
2430
2431
2432
2434
2435
2436
2437
2438
2439
2440
2441
2443
2444
2446
2447
2448
2449
2450
2451
2453
2454
2456
2458
2459
2461
2462
2463
2464
2466
2468
2469
2471
2472
2474
2476
2477
2479
2481
2482
2483
2485
2487
2489
2490
2491
2494
2495
2497
2498
2499
2500
2501
2502
2503
2505
2506
2507
2508
2509
2510
2511
2512
2513
2514
2516
2517
2519
2520
2522
2523
2524
2525
2526
2527
2529
2530
2532
2533
2534
2535
2536
2537
2541
2543
2544
2546
2547
2548
2549
2550
2553
2554
2555
2556
2559
2560
2561
2562
2563
2564
2565
2566
2567
2568
2570
2571
2575
2576
2577
2578
2579
2580
2581
2583
2585
2586
2587
2588
2589
2590
2591
2592
2594
2595
2597
2599
2600
2601
2602
2603
2604
2606
2607
2609
2610
2611
2612
2613
2614
2616
2617
2619
2620
2622
2623
2624
2625
2627
2628
2629
2630
2631
2632
2636
2637
2638
2639
2640
2641
2642
2643
2644
2645
2646
2647
2649
2650
2652
2654
2655
2657
2658
2659
2661
2662
2663
2664
2666
2667
2668
2670
2671
2674
2676
2677
2678
2679
2681
2682
2683
2684
2686
2687
2688
2689
2692
2693
2696
2697
2698
2699
2700
2701
2702
2704
2706
2707
2708
2711
2712
2713
2715
2717
2719
2724
2725
2726
2727
2728
2729
2730
2731
2732
2733
2734
2735
2736
2737
2738
2739
2740
2741
2743
2744
2746
2747
2749
2751
2752
2753
2754
2755
2756
2757
2758
2759
2760
2761
2762
2765
2766
2767
2769
2770
2771
2772
2773
2774
2775
2776
2777
2778
2779
2780
2781
2782
2783
2784
2785
2786
2787
2788
2789
2790
2792
2793
2795
2796
2797
2798
2799
2800
2802
2804
2805
2811
2812
2813
2814
2815
2816
2817
2818
2819
2821
2822
2823
2824
2826
2828
2829
2831
2832
2835
2836
2837
2838
2839
2841
2842
2843
2844
2846
2847
2848
2849
2850
2851
2852
2853
2854
2855
2856
2858
2859
2860
2861
2862
2863
2865
2866
2867
2869
2870
2872
2874
2875
2877
2878
2879
2880
2881
2882
2883
2884
2885
2886
2890
2892
2893
2895
2896
2900
2902
2903
2904
2905
2907
2908
2911
2912
2913
2914
2915
2916
2918
2919
2920
2921
2923
2925
2927
2928
2929
2930
2932
2934
2936
2940
2942
2944
2946
2948
2950
2951
2952
2955
2957
2958
2959
2960
2961
2964
2967
2969
2970
2971
2972
2973
2974
2976
2977
2980
2983
2986
2987
2988
2989
2991
2994
2995
2996
2997
2999
3003
3005
3006
3007
3008
3010
3011
3014
3015
3016
3017
3018
3019
3021
3022
3024
3026
3027
3028
3029
3030
3031
3033
3035
3037
3042
3043
3045
3046
3048
3049
3050
3051
3053
3056
3058
3063
3064
3066
3067
3068
3069
3070
3071
3072
3074
3075
3078
3079
3080
3081
3082
3084
3086
3087
3090
3092
3095
3096
3098
3100
3102
3104
3108
3110
3112
3114
3115
3121
3123
3124
3125
3126
3127
3128
3129
3130
3131
3132
3133
3135
3137
3138
3139
3140
3141
3142
3143
3144
3145
3146
3147
3149
3151
3153
3154
3156
3159
3161
3164
3165
3166
3167
3168
3169
3170
3171
3172
3173
3174
3175
3177
3178
3179
3181
3183
3184
3185
3187
3188
3190
3191
3192
3193
3194
3195
3198
3201
3203
3205
3206
3207
3208
3209
3212
3213
3214
3215
3216
3217
3219
3220
3224
3225
3227
3228
3229
3230
3231
3232
3234
3237
3238
3240
3241
3243
3245
3247
3248
3249
3251
3252
3257
3258
3260
3261
3262
3263
3264
3265
3266
3267
3268
3269
3270
3271
3272
3275
3276
3278
3279
3282
3283
3284
3285
3286
3287
3288
3289
3290
3291
3292
3293
3294
3295
3296
3297
3298
3300
3302
3303
3304
3306
3307
3308
3309
3310
3311
3312
3313
3314
3315
3316
3319
3320
3321
3325
3327
3329
3331
3333
3334
3335
3336
3337
3339
3341
3343
3344
3345
3349
3350
3351
3352
3353
3354
3355
3356
3357
3358
3359
3360
3361
3362
3363
3365
3366
3367
3368
3369
3371
3373
3374
3376
3377
3378
3379
3380
3381
3383
3385
3387
3388
3389
3392
3394
3396
3397
3398
3399
3400
3401
3402
3403
3406
3407
3411
3412
3413
3414
3416
3417
3418
3419
3420
3421
3423
3424
3425
3426
3427
3428
3430
3431
3432
3433
3434
3436
3437
3438
3439
3440
3444
3447
3448
3449
3450
3451
3452
3453
3454
3455
3456
3457
3458
3459
3460
3461
3462
3464
3465
3466
3467
3468
3469
3470
3471
3472
3474
3475
3477
3479
3480
3483
3484
3486
3488
3489
3490
3491
3492
3493
3495
3496
3497
3498
3499
3501
3502
3503
3504
3506
3507
3511
3512
3513
3514
3515
3516
3518
3519