1
3
5
6
7
8
9
10
12
14
15
16
17
18
20
22
24
26
27
28
30
32
33
34
35
36
38
41
43
45
48
49
50
51
52
53
54
55
56
58
59
60
61
63
64
66
68
69
71
72
73
74
75
76
77
78
79
80
81
82
83
84
85
86
87
88
89
90
91
92
93
94
95
96
98
99
100
101
102
104
105
106
107
109
111
115
116
117
118
119
121
122
123
124
125
126
127
129
130
131
132
133
134
136
137
139
141
142
143
144
145
147
148
150
153
154
155
156
157
158
159
160
161
162
163
164
165
167
168
169
171
172
174
175
176
177
178
179
180
182
183
184
185
186
187
188
189
191
192
194
196
197
198
199
200
201
205
206
207
208
209
210
211
212
214
215
216
220
221
224
225
226
227
228
229
230
231
233
234
235
237
239
240
243
245
246
247
248
249
250
251
253
256
257
258
259
260
262
263
265
266
267
268
269
271
272
273
274
275
276
277
278
280
282
284
285
286
287
288
290
292
294
297
298
299
300
301
302
304
306
308
310
312
314
316
318
319
321
324
325
326
327
328
330
331
332
333
334
335
336
337
338
339
340
341
342
344
345
346
348
350
351
352
353
354
355
356
357
358
359
360
362
363
364
365
366
367
368
370
371
373
375
376
379
380
381
382
384
385
387
388
389
390
391
393