1
3
5
6
7
8
9
10
12
14
15
16
17
18
20
22
25
27
28
29
30
31
32
33
34
36
38
39
40
41
42
43
44
45
46
47
48
49
50
51
53
54
55
56
57
58
59
60
61
62
63
64
65
66
67
68
69
71
73
74
75
76
77
78
79
80
81
82
83
84
85
86
88
89
90
92
93
95
96
97
98
100
102
103
104
105
106
107
108
109
110
111
112
113
114
115
117
119
120
123
125
126
127
128
129
131
132
134
135
137
139
141
143
145
146
147
148
150
152
155
156
159
160
161
164
165
167
168
170
171
172
173
174
177
178
179
181
182
184
185
186
187
189
190
191
192
195
196
198
200
203
204
205
206
207
208
209
210
211
212
213
214
215
216
217
218
220
221
222
223
224
225
227
228
229
231
232
233
235
239
240
241
243
246
247
248
250
251
253
254
256
259
260
263
265
267
269
271
273
275
276
277
278
279
280
281
282
283
285
287
289
290
291
293
295
296
300
301
303
305
307
309
311
314
315
316
317
318
319
321
322
325
326
327
328
329
330
331
332
334
336
338
339
340
341
342
343
345
347
348
352
353
354
355
358
359
360
361
362
363
365
369
370
371
373
374
375
376
377
378
379
381
382
383
385
386
387
388
389
390
391
393
394
395
397
399
400
402
403
406
408
410
411
412
413
414
416
417
419
420
421
422
423
424
425
427
429
430
431
432
433
435
436
437
438
440
441
443
447
448
450
452
454
456
457
458
461
462
463
464
465
466
468
470
472
474
475
477
481
483
487
489
491
492
496
497
498
499
501
503
504
506
507
508
509
511
513
514
515
518
519
522
523
525
526
527
529
531
532
535
536
537
540
541
542
544
545
546
547
548
549
551
552
556
557
558
559
560
561
562
563
564
565
567
568
569
571
572
575
576
577
578
579
580
581
582
583
584
585
588
591
592
594
599
602
604
605
606
607
608
609
611
612
613
614
618
620
621
622
623
625
628
630
633
634
636
637
639
641
642
643
644
647
648
649
650
652
654
655
657
658
659
660
662
663
664
665
666
667
669
671
672
673
674
676
677
678
679
681
682
683
684
685
686
694
695
696
697
698
699
700
702
706
707
709
710
713
715
716
717
720
722
723
724
728
729
730
732
733
735
737
738
741
743
744
747
750
751
752
753
754
755
756
757
758
759
760
762
764
765
766
770
771
772
773
774
776
778
780
781
783
785
787
789
790
793
794
796
797
799
800
801
804
805
807
808
809
810
811
813
815
816
817
818
819
822
825
826
827
828
830
831
832
834
836
837
839
840
842
843
844
845
846
848
850
851
852
853
854
856
858
859
860
864
867
870
872
873
876
878
880
881
884
886
887
889
893
896
897
898
899
900
901
902
903
904
906
908
910
911
912
913
915
919
920
922
923
924
925
926
927
928
929
930
933
935
937
938
939
940
941
943
945
946
947
948
949
952
953
955
956
957
959
960
961
962
963
964
965
968
970
972
974
976
977
979
980
982
983
986
988
989
993
994
996
998
999
1000
1001
1002
1003
1004
1005
1007
1008
1011
1013
1014
1015
1017
1018
1020
1023
1024
1026
1027
1028
1029
1030
1031
1032
1033
1034
1035
1037
1038
1039
1040
1041
1042
1044
1045
1047
1049
1051
1053
1054
1057
1058
1059
1060
1062
1063
1066
1067
1069
1070
1072
1073
1074
1075
1076
1078
1079
1081
1082
1084
1085
1086
1088
1090
1091
1095
1096
1098
1099
1101
1103
1104
1105
1107
1108
1109
1110
1111
1113
1115
1117
1118
1119
1123
1124
1125
1126
1127
1128
1129
1131
1133
1135
1136
1137
1141
1145
1147
1148
1155
1156
1157
1158
1159
1160
1161
1162
1163
1164
1165
1166
1167
1168
1169
1170
1171
1172
1173
1174
1175
1176
1177
1178
1179
1180
1181
1182
1183
1184
1185
1186
1187
1188
1189
1190
1191
1192
1194
1195
1198
1200
1201
1204
1205
1206
1207
1208
1211
1213
1214
1215
1216
1217
1222
1223
1225
1226
1227
1229
1232
1233
1234
1235
1236
1237
1238
1240
1241
1243
1244
1245
1247
1249
1251
1252
1253
1256
1257
1260
1261
1262
1263
1264
1266
1268
1269
1270
1272
1273
1274
1276
1277
1278
1280
1281
1283
1284
1285
1287
1290
1293
1295
1298
1300
1303
1304
1305
1307
1308
1309
1310
1311
1312
1315
1317
1319
1320
1322
1323
1325
1327
1329
1331
1332
1334
1336
1340
1343
1345
1348
1350
1353
1354
1356
1357
1358
1359
1361
1364
1365
1366
1367
1369
1370
1371
1372
1374
1378
1380
1384
1386
1389
1390
1391
1392
1393
1395
1398
1399
1400
1401
1402
1403
1404
1405
1406
1407
1408
1409
1410
1412
1413
1414
1415
1418
1419
1420
1421
1422
1423
1424
1427
1428
1429
1430
1431
1432
1433
1434
1436
1439
1440
1441
1442
1443
1444
1445
1447
1448
1449
1452
1453
1454
1455
1456
1457
1459
1460
1461
1464
1466
1467
1469
1471
1473
1474
1478
1480
1482
1483
1485
1487
1489
1494
1495
1496
1497
1498
1499
1500
1501
1502
1503
1504
1505
1506
1507
1508
1509
1510
1511
1512
1513
1514
1515
1516
1517
1518
1519
1520
1521
1522
1523
1524
1525
1526
1527
1528
1529
1531
1534
1535
1536
1537
1539
1540
1542
1543
1544
1546
1548
1550
1551
1554
1556
1561
1562
1563
1564
1565
1567
1569
1570
1572
1573
1574
1575
1577
1578
1583
1584
1585
1586
1588
1589
1591
1593
1595
1599
1600
1601
1602
1603
1604
1605
1606
1607
1608
1609
1610
1611
1612
1614
1616
1617
1618
1619
1623
1624
1625
1626
1627
1628
1629
1630
1631
1632
1633
1634
1635
1636
1639
1641
1643
1644
1646
1647
1650
1651
1652
1653
1654
1655
1656
1658
1659
1661
1662
1663
1665
1667
1668
1669
1672
1674
1688
1689
1690
1691
1692
1693
1694
1695
1696
1697
1698
1699
1700
1701
1702
1703
1705
1706
1708
1710
1712
1713
1717
1718
1719
1720
1723
1725
1726
1729
1730
1731
1732
1736
1737
1738
1739
1740
1742
1744
1745
1746
1748
1750
1754
1755
1757
1758
1760
1761
1762
1763
1765
1766
1767
1768
1769
1771
1772
1773
1774
1775
1776
1778
1779
1780
1782
1783
1784
1785
1786
1787
1788
1789
1791
1792
1794
1795
1796
1798
1799
1802
1804
1805
1806
1807
1809
1811
1813
1815
1817
1819
1820
1821
1825
1826
1827
1830
1831
1833
1834
1836
1838
1840
1841
1842
1844
1846
1847
1848
1849
1850
1851
1852
1854
1856
1858
1859
1860
1863
1864
1866
1867
1869
1870
1871
1875
1876
1877
1878
1879
1880
1882
1883
1885
1886
1887
1888
1889
1891
1892
1895
1897
1898
1899
1901
1902
1904
1905
1906
1908
1911
1913
1914
1915
1917
1918
1919
1920
1922
1923
1924
1925
1927
1928
1929
1930
1932
1933
1934
1937
1939
1942
1943
1944
1946
1947
1948
1950
1952
1953
1954
1955
1960
1961
1962
1964
1965
1966
1967
1968
1969
1971
1972
1974
1975
1977
1979
1981
1983
1985
1988
1990
1993
1995
1996
1997
1998
2001
2004
2005
2006
2010
2012
2014
2015
2017
2019
2020
2022
2024
2026
2027
2029
2031
2036
2038
2039
2041
2043
2044
2046
2049
2050
2051
2052
2054
2055
2057
2059
2061
2064
2067
2069
2072
2074
2077
2078
2079
2080
2081
2082
2083
2084
2086
2087
2088
2089
2092
2093
2094
2095
2096
2097
2098
2100
2101
2106
2108
2109
2110
2114
2115
2116
2117
2118
2119
2120
2121
2123
2124
2125
2126
2127
2128
2130
2131
2135
2136
2137
2138
2139
2141
2144
2146
2149
2150
2151
2152
2153
2154
2155
2156
2157
2158
2159
2160
2161
2162
2163
2165
2168
2169
2172
2173
2175
2178
2179
2180
2181
2183
2184
2185
2186
2188
2189
2190
2192
2194
2196
2198
2200
2203
2204
2205
2206
2210
2211
2213
2214
2215
2218
2220
2221
2223
2225
2227
2228
2230
2232
2234
2237
2241
2242
2243
2244
2245
2246
2249
2251
2253
2255
2256
2259
2260
2261
2263
2264
2266
2268
2270
2272
2274
2275
2276
2277
2278
2280
2284
2286
2287
2288
2289
2290
2291
2294
2295
2296
2301
2303
2305
2306
2310
2312
2314
2315
2317
2319
2321
2323
2327
2328
2332
2334
2336
2337
2340
2341
2346
2347
2348
2349
2350
2353
2354
2355
2356
2357
2358
2359
2361
2363
2364
2365
2366
2367
2368
2369
2370
2372
2373
2374
2375
2376
2377
2379
2381
2382
2383
2384
2387
2389
2390
2391
2392
2393
2394
2395
2396
2397
2399
2400
2401
2402
2403
2404
2405
2406
2407
2408
2409
2410
2411
2412
2413
2414
2415
2417
2418
2419
2422
2424
2425
2429
2430
2431
2432
2433
2434
2435
2437
2438
2439
2441
2446
2447
2448
2449
2450
2451
2452
2453
2454
2455
2456
2457
2458
2459
2460
2461
2462
2463
2465
2466
2468
2469
2470
2471
2472
2473
2474
2475
2476
2477
2480
2482
2483
2485
2486
2488
2489
2490
2491
2492
2493
2494
2496
2497
2498
2499
2500
2501
2502
2503
2505
2506
2507
2508
2514
2516
2517
2518
2521
2524
2525
2528
2530
2531
2532
2533
2534
2536
2538
2540
2542
2544
2545
2546
2551
2553
2554
2555
2557
2558
2559
2561
2563
2564
2566
2567
2569
2570
2571
2572
2578
2579
2581
2582
2584
2585
2586
2587
2589
2590
2591
2592
2595
2596
2597
2599
2600
2601
2602
2604
2605
2606
2607
2609
2611
2612
2613
2618
2620
2621
2622
2623
2625
2626
2629
2630
2631
2632
2634
2637
2638
2640
2642
2643
2644
2645
2647
2648
2650
2651
2652
2653
2654
2656
2657
2659
2660
2661
2662
2664
2665
2666
2668
2670
2671
2672
2674
2675
2677
2679
2680
2682
2683
2684
2686
2688
2689
2691
2693
2694
2696
2697
2698
2700
2701
2702
2704
2706
2708
2709
2710
2711
2713
2715
2723
2724
2726
2728
2729
2731
2733
2734
2736
2737
2739
2741
2742
2743
2744
2746
2747
2749
2751
2752
2753
2757
2758
2760
2762
2763
2764
2765
2767
2769
2770
2771
2772
2774
2776
2777
2779
2780
2782
2784
2786
2787
2788
2789
2791
2792
2797
2800
2801
2802
2804
2805
2806
2808
2809
2810
2811
2813
2814
2816
2817
2819
2820
2823
2824