1
3
5
6
7
8
9
10
12
14
15
16
17
18
20
22
24
26
27
28
29
31
33
34
36
37
38
40
41
42
43
44
45
46
47
48
49
50
51
52
53
54
55
56
57
58
59
60
61
62
63
64
65
66
67
68
69
70
71
72
73
74
76
77
78
79
81
82
83
84
85
86
87
89
90
91
92
94
95
96
97
98
99
100
101
103
104
106
107
108
110
112
113
114
115
116
117
118
119
120
121
122
123
124
125
126
127
128
129
130
131
132
133
134
135
136
137
138
139
140
141
142
143
144
145
147
149
150
151
152
153
154
155
156
157
158
159
160
161
162
163
164
165
166
168
169
170
171
173
175
176
177
178
179
180
181
182
183
184
185
186
188
190
191
192
193
194
195
196
197
199
201
202
203
204
205
206
207
208
209
210
213
214
215
216
217
218
220
221
224
226
228
229
230
231
232
235
236
237
238
239
240
242
244
245
246
247
249
250
251
252
253
255
256
257
258
259
260
262
263
264
265
266
267
268
270
271
272
273
274
276
277
279
280
281
282
283
284
285
286
287
288
289
290
291
292
293
294
295
296
298
299
300
301
302
304
305
306
307
309
310
312
313
315
316
318
319
320
321
322
323
325
326
327
328
329
330
331
332
333
334
335
336
337
338
339
340
341
342
343
344
345
346
347
348
349
350
351
352
353
354
355
356
357
358
359
360
361
362
363
364
365
366
367
368
369
370
372
373
374
376
377
378
379
380
381
382
383
384
385
387
388
389
390
391
392
394
395
397
398
400
401
403
404
405
406
407
409
410
411
412
414
415
417
418
420
421
422
423
425
426
427
428
429
430
432
433
434
435
437
439
440
441
442
443
444
445
446
447
449
450
452
453
455
456
457
458
459
460
462
463
465
466
467
469
470
472
473
475
476
477
478
479
480
481
482
485
486
487
488
490
491
492
493
495
496
497
498
500
501
502
503
504
505
506
508
511
512
513
514
515
516
517
518
519
520
521
522
523
524
525
526
527
528
529
530
532
533
534
535
537
538
539
540
541
543
544
545
546
547
548
551
552
553
554
555
558
559
562
563
564
566
567
568
569
571
573
575
577
578
582
583
584
587
588
589
591
593
595
597
599
601
603
607
608
611
612
616
619
621
623
625
626
631
632
633
635
636
637
638
640
641
642
643
646
647
648
649
650
653
654
656
657
658
659
660
661
662
663
664
666
667
668
670
671
673
674
675
676
677
678
680
682
685
687
689
690
691
692
693
695
696
697
698
699
700
701
702
703
704
705
706
707
708
709
710
711
712
713
715
716
717
718
724
725
726
727
728
730
732
734
735
736
737
738
739
740
741
742
743
744
745
747
749
750
751
752
753
754
756
757
760
761
762
764
766
768
770
771
772
773
775
777
778
780
782
787
789
791
793
795
796
797
800
801
805
806
808
809
810
811
813
815
819
820
824
825
826
828
829
831
833
834
836
837
839
840
842
843
845
847
849
851
852
856
858
859
860
862
863
867
868
869
870
872
873
876
878
879
881
882
883
885
886
887
889
890
893
894
895
896
897
898
900
901
902
904
905
906
907
908
910
911
912
913
914
915
916
917
918
919
920
921
922
924
925
926
927
929
932
933
934
935
936
937
938
939
940
942
943
944
946
948
949
950
951
952
954
959
960
961
962
963
964
967
968
969
970
972
974
976
978
979
980
982
985
986
988
990
992
993
996
998
999
1001
1002
1003
1004
1005
1007
1009
1011
1012
1013
1014
1016
1017
1018
1019
1022
1024
1025
1026
1029
1030
1031
1032
1034
1035
1036
1038
1039
1040
1041
1042
1043
1046
1048
1049
1053
1054
1055
1056
1059
1061
1062
1063
1064
1066
1068
1070
1072
1073
1074
1075
1077
1078
1079
1080
1082
1084
1085
1087
1089
1090
1091
1092
1093
1094
1095
1100
1102
1104
1105
1106
1107
1108
1109
1110
1111
1112
1113
1114
1115
1116
1117
1118
1119
1120
1121
1122
1123
1124
1125
1126
1127
1128
1129
1130
1131
1132
1133
1134
1136
1137
1139
1140
1142
1143
1145
1146
1147
1148
1150
1151
1152
1153
1154
1156
1157
1160
1162
1164
1165
1170
1171
1173
1174
1178
1179
1181
1182
1185
1187
1189
1190
1191
1192
1193
1195
1196
1200
1201
1202
1203
1204
1205
1206
1208
1210
1211
1213
1216
1218
1220
1221
1225
1227
1229
1230
1231
1234
1236
1238
1239
1244
1245
1246
1247
1248
1249
1250
1251
1252
1253
1254
1256
1258
1259
1261
1264
1266
1268
1269
1271
1274
1275
1276
1277
1278
1280
1281
1284
1285
1286
1289
1290
1291
1292
1293
1294
1295
1297
1298
1299
1301
1303
1304
1305
1306
1307
1308
1310
1311
1312
1313
1316
1317
1320
1322
1324
1326
1327
1329
1330
1332
1334
1335
1336
1338
1340
1342
1344
1346
1347
1350
1351
1352
1355
1358
1360
1361
1364
1366
1367
1368
1369
1370
1372
1373
1375
1376
1381
1382
1384
1386
1388
1389
1390
1391
1392
1393
1394
1395
1396
1397
1398
1399
1400
1401
1402
1403
1404
1405
1406
1407
1408
1409
1410
1411
1412
1414
1415
1416
1417
1418
1419
1421
1422
1423
1424
1425
1426
1427
1428
1429
1430
1431
1432
1433
1434
1435
1436
1437
1438
1439
1441
1442
1443
1445
1446
1447
1448
1449
1451
1452
1453
1454
1455
1456
1458
1459
1460
1461
1463
1464
1465
1466
1468
1469
1470
1471
1473
1474
1475
1477
1478
1479
1480
1481
1482
1483
1484
1487
1488
1489
1490
1491
1492
1495
1496
1498
1499
1500
1501
1502
1503
1504
1506
1508
1510
1511
1513
1515
1517
1519
1522
1526
1530
1531
1533
1534
1535
1536
1537
1538
1539
1541
1542
1544
1545
1546
1548
1551
1553
1555
1556
1558
1561
1562
1563
1564
1565
1567
1569
1572
1574
1577
1578
1580
1582
1584
1586
1591
1593
1595
1596
1597
1598
1599
1601
1602
1603
1604
1605
1606
1607
1608
1611
1613
1615
1616
1620
1621
1622
1623
1625
1626
1627
1628
1629
1631
1632
1633
1635
1636
1637
1638
1639
1641
1642
1643
1644
1646
1647
1648
1649
1650
1654
1655
1656
1657
1660
1661
1662
1664
1665
1667
1668
1669
1671
1673
1674
1676
1678
1679
1680
1682
1684
1685
1688
1690
1692
1693
1696
1697
1698
1699
1701
1702
1704
1705
1708
1709
1712
1713
1714
1716
1718
1721
1722
1723
1724
1725
1726
1727
1730
1732
1733
1735
1737
1741
1742
1745
1747
1749
1750
1752
1754
1755
1760
1763
1764
1765
1766
1768
1770
1772
1773
1774
1776
1777
1779
1780
1781
1782
1783
1784
1785
1786
1787
1789
1792
1793
1794
1796
1798
1799
1800
1802
1803
1805
1807
1808
1811
1814
1815
1816
1818
1819
1820
1822
1824
1825
1826
1827
1829
1830
1831
1832
1834
1835
1837
1838
1839
1841
1846
1849
1850
1851
1852
1854
1856
1857
1858
1859
1861
1862
1863
1864
1866
1868
1869
1870
1871
1872
1874
1876
1877
1880
1882
1883
1886
1889
1890
1891
1892
1894
1896
1897
1898
1900
1902
1903
1905
1906
1907
1909
1910
1912
1914
1915
1917
1919
1920
1924
1926
1927
1928
1929
1931
1933
1936
1937
1939
1940
1941
1942
1944
1946
1947
1948
1949
1950
1951
1952
1953
1954
1955
1956
1957
1960
1961
1962
1963
1964
1965
1967
1969
1971
1973
1977
1978
1980
1982
1983
1985
1988
1989
1990
1992
1994
1995
1996
1999
2000
2002
2003
2004
2006
2007
2008
2009
2012
2014
2016
2018
2021
2023
2024
2025
2027
2030
2031
2034
2035
2036
2037
2039
2040
2042
2044
2045
2046
2047
2048
2049
2052
2053
2055
2056
2060
2062
2064
2065
2067
2069
2070
2071
2072
2073
2076
2077
2080
2082
2083
2085
2087
2089
2091
2096
2098
2099
2101
2102
2103
2105
2106
2107
2111
2114
2115
2116
2117
2119
2120
2121
2122
2124
2126
2128
2129
2132
2134
2136
2137
2140
2142
2143
2144
2145
2149
2150
2151
2152
2153
2154
2157
2159
2162
2163
2164
2166
2168
2170
2171
2172
2173
2175
2176
2177
2179
2180
2181
2182
2183
2184
2186
2187
2189
2190
2191
2192
2193
2194
2195
2196
2198
2201
2203
2204
2206
2207
2209
2210
2211
2212
2215
2216
2217
2218
2219
2220
2221
2222
2224
2225
2226
2227
2228
2229
2230
2231
2232
2233
2234
2235
2238
2239
2241
2243
2244
2246
2247
2249
2251
2252
2255
2257
2259
2260
2264
2266
2267
2268
2270
2273
2279
2280
2281
2282
2283
2284
2285
2286
2287
2288
2289
2291
2293
2294
2296
2297
2298
2300
2302
2303
2304
2307
2309
2311
2313
2314
2315
2319
2323
2324
2325
2326
2327
2328
2329
2330
2331
2333
2335
2336
2337
2338
2340
2342
2343
2345
2347
2348
2349
2350
2351
2353
2354
2355
2356
2359
2360
2361
2362
2364
2365
2366
2368
2369
2370
2372
2373
2374
2375
2376
2377
2378
2379
2380
2381
2382
2383
2385
2386
2387
2389
2390
2391
2392
2393
2394
2395
2396
2397
2398
2400
2402
2404
2406
2408
2410
2411
2414
2415
2417
2419
2420
2423
2424
2425
2426
2428
2429
2431
2432
2434
2436
2437
2440
2441
2442
2445
2447
2448
2451
2455
2456
2458
2459
2460
2461
2463
2464
2465
2466
2467
2468
2469
2470
2471
2473
2475
2476
2477
2478
2479
2480
2482
2483
2484
2486
2487
2488
2489
2491
2492
2496
2499
2500
2502
2504
2505
2508
2509
2511
2513
2514
2516
2520
2521
2522
2523
2524
2525
2526
2528
2529
2530
2531
2532
2533
2534
2536
2537
2538
2540
2544
2545
2547
2548
2549
2550
2551
2553
2554
2556
2557
2559
2560
2564
2566
2567
2568
2569
2575
2576
2577
2578
2579
2580
2581
2583
2584
2585
2586
2587
2588
2591
2592
2593
2594
2596
2598
2599
2600
2601
2602
2603
2606
2608
2609
2610
2611
2612
2613
2616
2618
2619
2621
2622
2623
2625
2626
2628
2630
2631
2636
2642
2643
2644
2645
2646
2648
2649
2651
2652
2653
2654
2655
2656
2657
2661
2662
2663
2664
2665
2670
2671
2673
2674
2675
2676
2678
2680
2682
2684
2685
2688
2691
2693
2694
2695
2697
2699
2701
2703
2704
2710
2711
2713
2714
2715
2717
2720
2721
2723
2724
2725
2727
2730
2731
2733
2734
2735
2737
2740
2741
2743
2744
2745
2746
2748
2749
2751
2752
2753
2755
2757
2758
2759
2760
2764
2765
2766
2768
2769
2771
2773
2774
2775
2776
2777
2779
2781
2782
2783
2786
2787
2788
2790
2793
2794
2795
2797
2798
2799
2800
2801
2803
2805
2806
2807
2808
2809
2811
2812
2813
2814
2817
2820
2821
2822
2823
2824
2825
2827
2832
2833
2835
2837
2838
2839
2840
2842
2843
2844
2845
2846
2848
2850
2852
2855
2856
2857
2858
2859
2860
2861
2862
2863
2864
2868
2871
2872
2873
2875
2876
2877
2879
2881
2882
2883
2884
2885
2887
2888
2889
2890
2891
2894
2895
2896
2897
2898
2899
2900
2901
2902
2903
2904
2905
2906
2907
2908
2909
2910
2911
2912
2913
2914
2915
2916
2917
2918
2919
2920
2921
2922
2923
2924
2925
2926
2927
2928
2929
2930
2932
2933
2934
2935
2940
2942
2943
2944
2948
2949
2951
2953
2954
2955
2956
2957
2958
2960
2962
2963
2965
2966
2968
2970
2971
2974
2978
2980
2982
2984
2985
2987
2989
2990
2993
2994
2996
2998
3001
3003
3005
3007
3008
3011
3013
3014
3017
3019
3022
3026
3027
3028
3030
3032
3033
3034
3035
3038
3044
3045
3046
3048
3049
3050
3052
3053
3054
3055
3056
3057
3058
3061
3063
3064
3066
3067
3068
3069
3070
3071
3072
3073
3077
3078
3079
3081
3082
3083
3084
3085
3086
3087
3089
3090
3091
3092
3093
3094
3095
3096
3097
3099
3100
3101
3108
3109
3110
3111
3112
3113
3114
3117
3118
3119
3121
3122
3124
3125
3126
3127
3129
3131
3132
3133
3134
3136
3138
3142
3143
3144
3145
3146
3148
3149
3150
3151
3153
3155
3156
3157
3158
3159
3161
3162
3163
3165
3167
3168
3172
3173
3174
3176
3178
3179
3181
3182
3184
3186
3188
3190
3192
3193
3195
3196
3197
3198
3200
3201
3202
3203
3204
3205
3206
3209
3210
3212
3213
3214
3218
3220
3221
3222
3223
3224
3225
3226
3229
3230
3231
3232
3234
3236
3237
3239
3241
3243
3244
3245
3248
3249
3250
3252
3254
3256
3258
3259
3261
3262
3263
3266
3267
3268
3270
3274
3276
3278
3279
3280
3281
3283
3284
3285
3287
3289
3290
3291
3292
3293
3295
3298
3300
3302
3303
3304
3305
3306
3308
3310
3311
3312
3313
3317
3318
3320
3322
3323
3326
3327
3329
3330
3331
3333
3334
3335
3336
3337
3338
3341
3343
3344
3348
3350
3351
3352
3353
3354
3355
3358
3360
3362
3363
3367
3369
3372
3373
3374
3375
3376
3377
3378
3380
3381
3382
3383
3384
3386
3387
3389
3391
3393
3394
3396
3398
3400
3401
3403
3405
3406
3407
3410
3412
3413
3414
3415
3416
3417
3418
3421
3422
3423
3424
3427
3429
3431
3432
3433
3434
3436
3437
3438
3443
3444
3445
3447
3448
3450
3452
3454
3456
3460
3461
3462
3464
3465
3466
3471
3472
3473
3474
3476
3477
3478
3479
3480
3481
3483
3484
3485
3486
3487
3488
3489
3490
3491
3492
3493
3494
3497
3498
3499
3501
3502
3503
3504
3507
3508
3510
3511
3512
3514
3515
3517
3518
3520
3521
3523
3525
3526
3529
3531
3533
3534
3543
3544
3545
3547
3549
3552
3553
3555
3559
3560
3562
3563
3564
3566
3567
3568
3570
3571
3574
3575
3577
3578
3579
3580
3581
3582
3585
3586
3588
3589
3590
3591
3592
3596
3598
3600
3601
3604
3605
3606
3608
3610
3612
3613
3615
3616
3618
3620
3622
3623
3627
3628
3629
3631
3633
3634
3636
3638
3639
3642
3644
3648
3649
3650
3652
3653
3654
3656
3657
3658
3660
3661
3663
3665
3666
3667
3668
3670
3671
3672
3673
3674
3677
3678
3680
3682
3683
3686
3688
3689
3692
3693
3695
3697
3698
3699
3700
3701
3702
3703
3704
3705
3711
3713
3715
3716
3717
3720
3722
3723
3725
3726
3729
3731
3734
3735
3736
3737
3738
3739
3740
3741
3742
3743
3745
3746
3747
3748
3750
3752
3753
3754
3756
3757
3758
3759
3760
3761
3765
3766
3768
3769
3770
3771
3773
3774
3775
3777
3779
3781
3782
3783
3786
3787
3788
3789
3790
3791
3795
3798
3800
3801
3804
3807
3808
3809
3811
3812
3813
3814
3815
3816
3817
3819
3822
3824
3827
3828
3830
3831
3832
3833
3835
3838
3839
3840
3842
3843
3844
3846
3849
3850
3851
3853
3854
3855
3857
3859
3860
3863
3865
3867
3868
3869
3871
3872
3874
3875
3876
3877
3878
3879
3881
3883
3884
3887
3888
3890
3892
3894
3896
3900
3901
3902
3903
3904
3905
3906
3907
3909
3912
3913
3914
3915
3916
3917
3918
3919
3921
3925
3927
3928
3930
3932
3934
3935
3939
3940
3941
3943
3944
3946
3947
3948
3949
3950
3952
3953
3954
3956
3958
3961
3963
3965
3966
3968
3969
3970
3972
3973
3974
3977
3979
3980
3981
3983
3984
3985
3986
3987
3988
3989
3990
3991
3992
3993
3994
3998
3999
4000
4002
4004
4005
4006
4007
4009
4011
4012
4014
4016
4018
4021
4022
4024
4025
4029
4030
4032
4034
4035
4036
4038
4040
4041
4044
4046
4048
4049
4052
4054
4055
4056
4057
4059
4061
4062
4063
4064
4066
4068
4070
4072
4073
4075
4079
4080
4081
4082
4087
4088
4089
4091
4092
4093
4095
4096
4097
4098
4100
4101
4105
4107
4108
4109
4110
4111
4112
4114
4115
4116
4118
4119
4120
4121
4123
4124
4131
4132
4133
4134
4135
4136
4138
4140
4141
4142
4144
4146
4147
4149
4151
4152
4154
4155
4156
4158
4160
4163
4165
4166
4173
4174
4176
4177
4178
4179
4180
4182
4184
4186
4190
4191
4193
4194
4195
4196
4198
4200
4202
4203
4204
4205
4207
4210
4212
4213
4218
4220
4224
4225
4226
4227
4228
4229
4230
4231
4232
4233
4234
4236
4237
4238
4242
4243
4244
4245
4246
4247
4248
4249
4250
4251
4253
4254
4258
4259
4260
4261
4262
4263
4264
4265
4266
4267
4268
4269
4271
4272
4273
4275
4276
4277
4278
4279
4280
4281
4282
4283
4284
4287
4288
4289
4290
4291
4292
4293
4294
4295
4297
4298
4300
4301
4303
4305
4307
4308
4309
4311
4312
4313
4314
4315
4321
4322
4323
4324
4325
4326
4327
4329
4330
4333
4334
4335
4336
4337
4338
4339
4341
4344
4345
4346
4347
4349
4352
4353
4354
4355
4356
4357
4359
4361
4364
4369
4370
4371
4373
4374
4375
4376
4378
4379
4381
4384
4385
4386
4388
4391
4392
4393
4394
4395
4397
4398
4399
4401
4405
4406
4407
4408
4409
4411
4413
4414
4418
4419
4420
4421
4422
4424
4427
4428
4429
4430
4431
4432
4433
4434
4436
4438
4440
4442
4443
4444
4447
4451
4452
4453
4454
4455
4456
4457
4458
4459
4460
4461
4462
4463
4464
4465
4466
4467
4468
4471
4472
4474
4475
4476
4478
4479
4480
4481
4482
4483
4484
4485
4488
4492
4493
4494
4495
4496
4497
4498
4499
4500
4501
4504
4505
4506
4507
4508
4510
4511
4512
4513
4516
4517
4518
4519
4520
4522
4523
4525
4526
4527
4530
4532
4533
4534
4539
4540
4541
4542
4543
4544
4545
4546
4547
4548
4549
4551
4553
4554
4555
4556
4560
4561
4562
4563
4564
4565
4567
4568
4569
4570
4571
4575
4576
4577
4578
4579
4580
4581
4582
4583
4584
4585
4586
4587
4588
4590
4592
4594
4595
4597
4600
4601
4603
4604
4607
4609
4610
4611
4612
4613
4614
4615
4616
4618
4619
4620
4621
4622
4623
4625
4626
4628
4630
4631
4633
4634
4636
4639
4640
4641
4643
4645
4646
4648
4649
4651
4654
4655
4656
4658
4660
4661
4662
4663
4665
4666
4667
4668
4670
4673
4674
4675
4676
4677
4679
4681
4683
4684
4686
4687
4689
4692
4693
4694
4698
4699
4705
4707
4710
4712
4715
4716
4718
4719
4720
4722
4723
4724
4726
4728
4730
4731
4732
4733
4734
4737
4738
4739
4744
4745
4746
4747
4748
4750
4752
4753
4754
4755
4756
4759
4763
4764
4765
4766
4767
4768
4769
4770
4771
4772
4773
4777
4778
4779
4780
4781
4782
4783
4785
4786
4787
4788
4789
4791
4792
4793
4794
4795
4796
4797
4799
4800
4801
4802
4803
4804
4806
4807
4808
4809
4810
4812
4813
4814
4815
4816
4817
4818
4821
4822
4823
4824
4825
4826
4828
4829
4830
4831
4832
4833
4836
4837
4840
4841
4843
4844
4845
4847
4849
4850
4851
4852
4857
4858
4860
4861
4862
4864
4865
4866
4868
4871
4872
4874
4878
4879
4880
4881
4882
4883
4884
4885
4886
4887
4888
4889
4890
4891
4892
4893
4894
4895
4896
4897
4898
4899
4900
4901
4902
4903
4904
4905
4906
4909
4910
4911
4913
4915
4916
4918
4920
4922
4924
4928
4930
4931
4932
4933
4934
4935
4936
4938
4939
4942
4943
4944
4945
4947
4948
4951
4952
4955
4956
4959
4960
4961
4962
4963
4964
4965
4966
4969
4971
4972
4973
4975
4976
4978
4982
4983
4984
4985
4986
4987
4988
4989
4991
4994
4995
4996
4997
4998
4999
5001
5003
5004
5005
5006
5007
5008
5009
5010
5011
5012
5014
5016
5017
5018
5021
5022
5024
5025
5029
5030
5031
5032
5034
5038
5039
5041
5042
5043
5044
5045
5046
5047
5049
5051
5052
5053
5054
5056
5057
5058
5059
5060
5061
5064
5065
5066
5067
5071
5072
5073
5074
5075
5076
5077
5078
5080
5081
5083
5084
5085
5086
5087
5089
5090
5093
5095
5096
5098
5099
5101
5102
5106
5107
5108
5109
5110
5111
5112
5113
5114
5115
5116
5117
5118
5119
5120
5121
5122
5126
5127
5128
5129
5130
5131
5132
5133
5134
5135
5139
5140
5141
5142
5143
5144
5145
5146
5147
5148
5149
5150
5151
5152
5153
5154
5156
5157
5158
5160
5161
5165
5166
5167
5168
5169
5170
5171
5172
5173
5174
5175
5176
5180
5181
5182
5183
5184
5185
5186
5187
5188
5189
5190
5191
5192
5193
5194
5195
5196
5197
5198
5199
5200
5201
5202
5203
5204
5205
5206
5207
5208
5209
5210
5211
5212
5214
5215
5220
5221
5222
5223
5225
5226
5227
5228
5231
5232
5233
5234
5235
5237
5238
5239
5240
5241
5242
5243
5246
5248
5249
5250
5252
5253
5254
5255
5257
5258
5259
5260
5261
5262
5265
5267
5268
5269
5271
5272
5273
5277
5278
5279
5280
5281
5282
5283
5284
5285
5286
5289
5290
5291
5295
5296
5297
5298
5299
5300
5301
5302
5303
5304
5305
5306
5307
5308
5309
5310
5311
5312
5313
5314
5315
5316
5317
5318
5321
5322
5323
5325
5326
5327
5328
5329
5330
5331
5332
5333
5334
5335
5336
5340
5342
5343
5344
5345
5346
5347
5348
5349
5350
5351
5352
5353
5354
5355
5359
5360
5361
5362
5364
5365
5366
5367
5369
5371
5372
5374
5375
5376
5381
5382
5383
5384
5387
5388
5389
5391
5393
5394
5395
5397
5398
5401
5403
5405
5406
5407
5408
5409
5411
5412
5413
5414
5415
5419
5420
5421
5422
5423
5425
5427
5429
5430
5434
5435
5436
5437
5438
5440
5441
5442
5444
5445
5447
5448
5449
5451
5452
5453
5455
5456
5458
5459
5461
5464
5467
5468
5469
5470
5471
5472
5474
5475
5476
5477
5478
5479
5480
5481
5482
5483
5484
5488
5489
5493
5495
5496
5497
5498
5501
5502
5503
5504
5505
5506
5507
5508
5509
5510
5511
5512
5513
5514
5515
5516
5517
5518
5519
5520
5521
5522
5524
5525
5527
5528
5529
5530
5531
5532
5534
5535
5536
5537
5539
5540
5541
5542
5543
5544
5545
5546
5547
5551
5554
5555
5556
5558
5562
5563
5564
5565
5566
5567
5568
5570
5572
5575
5577
5580
5581
5583
5584
5585
5586
5588
5590
5592
5596
5598
5601
5603
5606
5608
5609
5611
5613
5615
5617
5621
5623
5624
5626
5628
5630
5632
5637
5639
5640
5641
5642
5644
5646
5648
5652
5654
5655
5656
5657
5659
5661
5663
5667
5669
5673
5674
5675
5677
5678
5679
5680
5687
5688
5689
5690
5691
5692
5693
5694
5695
5696
5697
5698
5699
5700
5701
5702
5703
5704
5705
5706
5707
5708
5709
5710
5711
5712
5713
5714
5715
5716
5717
5718
5719
5721
5722