1
3
5
6
7
8
9
10
12
14
15
16
17
18
20
22
24
25
26
27
29
30
31
32
33
34
35
36
37
38
40
41
42
43
45
47
48
49
50
51
52
53
54
55
56
57
58
59
60
61
62
64
65
66
67
68
69
70
71
73
76
77
79
80
81
82
83
84
86
87
89
90
91
92
95
96
98
99
100
101
102
104
105
106
107
108
109
110
112
113
114
115
116
117
118
119
120
122
123
124
126
127
128
133
134
135
136
137
138
139
140
141
142
144
147
149
150
154
155
156
157
158
159
160
161
163
164
168
169
170
171
172
173
174
176
177
178
181
182
183
184
185
186
187
189
192
193
194
195
196
197
198
200
203
204
205
206
207
209
210
213
214
215
216
217
220
221
222
224
225
228
229
230
231
232
233
234
235
236
239
240
241
242
243
245
246