1
3
5
6
7
8
9
10
12
14
15
16
17
18
20
22
24
25
26
27
29
30
31
32
33
34
36
38
39
40
41
42
44
45
46
47
48
49
51
52
53
54
55
56
57
59
60
61
62
64
67
68
69
70
72
73
74
75
77
78
79
80
81
82
83
84
85
86
87
88
89
90
91
92
93
95
96
99
100
101
103
104
107
108
109
111
112
115
116
117
119
120
121
122
123
125
127
128
130
131
134
137
138
139
140
142
144
145
146
149
153
154
155
157
158
160
161
162
163
166
167
169
170
171
172
174
175
177
179
184
185
186
187
189
190
191
195
198
200
201
202
203
204
206
212
213
214
216
217
219
220
221
222
223
224
226
227
230
232
234
236
239
240
242
246
247
249
251
252
253
254
255
257
260
262
263
265
268
269
270
271
272
273
274
275
277
279
280
281
283
284
285
286
288
291
292
294
296
298
299
300
302
303
304
306
307
309
311
313
316
318
319
320
321
322
323
324
326
327
329
331
332
336
337
338
340
342
344
348
350
351
353
354
356
358
361
363
369
370
371
372
373
374
375
376
377
378
379
380
381
382
384
386
387
388
389
391
393
394
396
398
401
404
406
408
409
410
411
413
415
421
422
423
424
426
427
429
430
431
433
434
436
438
440
441
443
444
445
447
449
451
453
456
459
460
461
462
463
464
465
466
467
468
469
470
471
472
473
474
475
477
479
481
482
483
484
485
488
489
490
491
492
494
495
497
499
501
505
507
508
510
511
516
518
519
521
523
525
526
527
528
529
530
531
532
533
534
535
536
538
540
542
543
544
550
551
552
556
557
558
559
560
563
564
565
566
567
568
569
570
571
572
573
574
575
576
578
580
582
584
585
587
588
590
591
593
595
596
597
598
600
602
603
605
607
608
613
616
617
618
619
620
621
622
623
624
625
626
627
628
629
633
635
636
638
639
641
643
645
646
647
649
651
653
655
656
660
664
665
666
667
668
669
670
671
672
674
675
677
679
680
681
682
683
684
685
686
687
689
691
693
696
698
700
702
703
705
706
709
711
716
717
719
720
721
723
725
726
730
731
732
734
736
737
738
739
740
741
743
745
746
749
750
751
753
755
756
757
759
762
764
766
768
769
771
773
775
777
779
781
782
783
791
792
795
796
799
800
801
804
805
806
808
810
811
812
814
815
817
818
819
821
823
824
825
827
828
830
832
833
835
836
838
840
843
844
846
847
849
850
851
853
855
856
857
859
860
861
863
865
869
870
872
873
874
875
876
878
879
880
881
882
883
884
885
886
887
888
889
890
891
892
893
894
895
896
897
898
899
900
901
902
903
904
905
906
907
908
909
910
911
912
913
914
915
916
917
918
919
920
921
923
924
925
926
928
930
931
933
934
942
943
944
945
946
947
948
949
950
952
953
954
955
957
959
960
962
963
968
969
970
971
972
973
974
975
976
977
978
979
980
981
982
983
984
985
986
987
988
989
990
991
992
993
994
995
996
997
998
999
1000
1001
1002
1003
1004
1005
1006
1007
1009
1010
1011
1012
1013
1015
1016
1018
1019
1020
1021
1023
1024
1026
1028
1032
1033
1034
1037
1038
1039
1040
1041
1042
1044
1045
1046
1048
1049
1050
1052
1053
1054
1055
1056
1057
1058
1059
1060
1061
1062
1063
1066
1067
1068
1070
1071
1073
1074
1075
1076
1077
1078
1079
1080
1081
1084
1085
1086
1087
1088
1090
1091
1092
1094
1095
1096
1097
1099
1100
1101
1102
1104
1105
1106
1107
1109
1111
1112
1118
1119
1120
1121
1122
1123
1126
1127
1129
1130
1131
1132
1133
1134
1135
1136
1137
1140
1141
1142
1145
1146
1147
1148
1150
1152
1153
1154
1155
1156
1157
1158
1159
1163
1165
1166
1167
1168
1178
1179
1180
1181
1182
1183
1184
1185
1186
1187
1188
1189
1190
1191
1192
1193
1194
1196
1197
1198
1199
1200
1201
1203
1205
1206
1208
1209
1210
1211
1214
1216
1217
1219
1220
1221
1222
1223
1225
1226
1227
1230
1231
1232
1233
1235
1236
1237
1238
1239
1240
1242
1243
1244
1247
1248
1249
1250
1252
1253
1254
1255
1256
1264
1265
1267
1268
1269
1271
1273
1274
1276
1281
1282
1284
1286
1287
1289
1291
1293
1294
1295
1296
1297
1299
1300
1303
1305
1306
1308
1309
1311
1313
1315
1318
1319
1320
1321
1322
1323
1324
1325
1326
1327
1328
1329
1330
1331
1332
1333
1335
1336
1337
1338
1340
1342
1343
1344
1346
1348
1349
1350
1351
1352
1355
1356
1359
1362
1363
1364
1366
1367
1369
1371
1373
1374
1375
1377
1378
1380
1381
1382
1383
1384
1386
1387
1388
1391
1392
1393
1394
1395
1396
1399
1401
1402
1403
1405
1407
1408
1412
1414
1416
1417
1418
1419
1420
1423
1424
1425
1427
1429
1431
1432
1434
1436
1437
1441
1442
1444
1445
1447
1449
1450
1451
1452
1453
1456
1459
1460
1461
1462
1463
1464
1467
1468
1470
1472
1473
1475
1477
1479
1480
1481
1482
1483
1484
1485
1486
1487
1488
1489
1490
1491
1493
1495
1496
1498
1499
1500
1502
1503
1507
1508
1509
1510
1511
1513
1514
1515
1516
1517
1518
1519
1522
1524
1525
1526
1528
1530
1531
1532
1534
1536
1537
1538
1541
1543
1544
1547
1549
1550
1552
1554
1555
1559
1560
1561
1562
1563
1565
1566
1567
1568
1570
1571
1572
1575
1576
1578