1
3
5
6
7
8
9
10
12
14
15
16
17
18
20
21
23
24
25
26
27
28
29
30
31
32
33
34
35
36
37
38
39
41
43
45
46
48
49
50
51
52
53
54
55
57
58
60
62
63
64
65
66
67
68
69
70
71
72
73
74
75
76
77
78
79
80
81
82
83
86
87
88
89
90
91
93
94
95
96
97
98
99
100
102
103
104
105
106
108
109
110
111
112
113
115
116
117
119
120
121
123
124
125
126
127
128
129
130
132
134
135
136
138
139
140
141
142
144
145
147
148
150
151
152
153
154
155
157
158
161
162
163
165
166
167
170
172
173
174
175
176
177
179
180
182
184
185
186
187
188
189
192
193
194
195
196
197
198
199
202
203
204
205
206
207
208
209
210
211
212
213
214
216
217
218
219
220
221
224
225
226
227
228
229
230
231
232
233
234
235
238
239
240
241
242
243
244
245
246
247
248
250
251
252
253
254
257
258
259
260
261
262
263
264
265
266
267
268
269
270
271
272
273
274
275
277
278
279
280
281
282
283
284
285
286
287
288
291
292
293
294
295
297
298
299
300
301
302
303
304
305
306
307
308
309
310
312
313
314
318
319
320
321
322
323
324
325
327
328
329
330
331
332
333
334
335
336
337
338
339
340
341
342
346
347
348
349
350
351
353
356
357
358
359
360
364
365
366
370
371
374
375
376
379
380
381
382
383
384
385
387
388
389
390
391
392
393
394
395
396
397
398
399
400
401
402
403
404
405
406
407
408
409
410
411
412
413
414
415
416
417
418
419
420
422
423
424
425
427
428
429
430
431
432
433
434
435
436
437
439
440
442
443
444
447
448
449
451
454
458
459
460
461
462
463
465
466
467
469
470
471
472
473
474
475
476
477
478
479
480
481
483
484
486
487
488
491
492
493
495
498
502
503
504
505
506
508
509
510
511
512
513
514
515
516
517
518
519
520
521
522
523
524
525
526
527
528
529
530
531
532
533
534
535
536
537
538
539
540
541
542
543
544
545
546
547
548
550
551
552
553
554
556
558
562
563
566
567
570
571
574
576
577
578
580
581
582
583
584
588
589
590
592
593
594
595
596
600
601
603
604
605
607
608
609
610
611
615
616
618
619
620
622
623
624
625
626
629
630
632
633
634
637
638
639
640
641
644
645
647
648
649
652
653
654
655
656
659
660
661
662
663
664
665
666
667
668
669
670
671
672
673
674
675
677
678
679
680
681
683
685
686
687
688
689
692
693
694
695
696
697
698
699
700
701
702
703
704
705
706
709
710
711
712
713
714
715
716
719
720
721
722
723
724
725
726
729
730
731
732
733
734
735
738
739
740
741
742
743
744
747
748
749
750
751
752
753
754
755
756
757
758
759
760
763
764
765
766
767
768
769
770
771
772
775
776
777
780
781
782
783
784
785
786
787
788
789
790
791
792
793
794
797
798
800
801
802
805
806
807
810
811
812
815
816
817
818
819
820
821
822
823
824
825
826
827
828
829
830
833
834
835
838
839
840
841
842
843
845
846
847
848
849
851
852
853
854
855
856
857
858
860
861
862
863
864
865
867
868
869
870
872
874
875
876
878
879
880
881
882
883
884
886
887
888
889
890
891
892
894
895
896
897
898
899
904
905
906
907
908
909
911
912
913
914
916
917
921
923
924
925
926
927
928
929
930
933
934
935
936
937
938
939
940
941
942
943
944
945
946
947
948
949
950
951
952
953
954
955
957
958
959
960
961
963
964
965
966
967
968
969
970
971
972
973
974
978
979
980
981
982
983
984
985
986
987
992
993
994
995
997
1000
1001
1002
1003
1004
1005
1008
1009
1013
1015
1016
1017
1018
1019
1020
1021
1022
1026
1027
1030
1031
1034
1035
1036
1037
1038
1041
1042
1044
1045
1046
1047
1050
1051
1052
1053
1054
1055
1056
1057
1058
1059
1063
1064
1065
1066
1069
1070
1071
1072
1073
1074
1078
1079
1082
1084
1085
1086
1087
1088
1093
1094
1095
1096
1097
1098
1099
1103
1104
1105
1106
1107
1108
1109
1113
1114
1115
1116
1118
1121
1122
1123
1124
1125
1127
1131
1132
1133
1134
1135
1136
1137
1139
1140
1142
1143
1144
1145
1149
1150
1151
1152
1153
1157
1158
1159
1160
1161
1164
1165
1166
1167
1168
1169
1170
1171
1172
1173
1174
1175
1176
1177
1178
1179
1180
1181
1182
1183
1184
1185
1186
1187
1188
1189
1190
1191
1192
1193
1194
1195
1196
1197
1198
1199
1200
1201
1202
1203
1204
1205
1206
1207
1208
1209
1210
1211
1212
1216
1217
1218
1219
1220
1221
1222
1223
1224
1225
1226
1227
1228
1229
1230
1231
1232
1233
1234
1235
1236
1238
1239
1240
1241
1242
1245
1247
1248
1249
1251
1252
1253
1254
1256
1257
1258
1259
1260
1261
1262
1263
1266
1267
1270
1271
1273
1274
1275
1276
1277
1279
1280
1281
1282
1283
1284
1285
1286
1288
1289
1290
1291
1292
1294
1295
1296
1301
1302
1305
1306
1308
1309
1310
1311
1314
1315
1318
1319
1320
1321
1323
1324
1325
1326
1328
1329
1330
1331
1332
1333
1335
1336
1337
1338
1339
1340
1343
1345
1346
1347
1348
1351
1352
1353
1355
1358
1359
1360
1361
1362
1363
1364
1366
1369
1370
1371
1372
1373
1376
1377
1378
1379
1380
1383
1384
1385
1386
1387
1390
1391
1393
1394
1395
1396
1397
1398
1399
1400
1401
1402
1403
1405
1406
1407
1408
1409
1410
1412
1415
1416
1419
1420
1421
1424
1425
1428
1429
1432
1433
1436
1437
1440
1441
1444
1445
1448
1449
1453
1454
1455
1457
1460
1461
1464
1465
1468
1469
1472
1473
1476
1477
1480
1481
1484
1485
1488
1489
1492
1493
1496
1497
1500
1501
1504
1505
1509
1512
1513
1516
1517
1520
1521
1522
1523
1524
1525
1526
1527
1528
1529
1530
1531
1532
1533
1534
1535
1536
1537
1538
1539
1541
1544
1545
1546
1548
1549
1551
1554
1555
1558
1559
1562
1563
1566
1567
1571
1574
1575
1578
1579
1580
1581
1583
1587
1588
1591
1592
1593
1594
1595
1598
1599
1600
1601
1602
1603
1604
1606
1609
1610
1611
1612
1613
1614
1616
1617
1618
1620
1622
1625
1626
1627
1629
1630
1631
1632
1633
1634
1635
1636
1637
1638
1639
1640
1643
1646
1647
1648
1649
1651
1652
1654
1655
1658
1659
1662
1665
1666
1669
1670
1673
1674
1677
1678
1681
1682
1683
1685
1686
1687
1690
1691
1692
1693
1694
1696
1697
1698
1699
1700
1703
1704
1705
1706
1707
1708
1709
1710
1711
1712
1716
1718
1719
1721
1726
1727
1728
1729
1730
1732
1733
1735
1738
1739
1740
1741
1742
1743
1744
1745
1746
1749
1750
1751
1752
1753
1754
1757
1758
1759
1760
1761
1762
1763
1764
1765
1766
1770
1771
1772
1773
1774
1775
1776
1777
1778
1779
1783
1784
1785
1786
1787
1788
1789
1790
1791
1792
1796
1797
1798
1799
1800
1801
1802
1803
1804
1806
1807
1812
1813
1814
1815
1816
1819
1820
1821
1822
1823
1826
1827
1828
1829
1830
1833
1834
1835
1836
1837
1841
1842