1
3
5
6
7
8
9
10
12
14
15
16
17
18
20
22
24
25
27
28
30
32
34
35
37
38
39
41
42
43
45
46
47
48
49
50
51
52
54
55
56
58
59
61
62
64
65
67
69
71
73
74
75
77
78
79
80
81
82
83
84
85
86
87
88
89
90
91
92
93
94
96
97
98
99
100
101
102
103
104
106
107
108
109
110
111
112
113
114
116
117
118
119
120
121
122
124
125
126
127
128
130
131
132
134
135
136
138
140
141
142
143
145
147
148
151
152
153
154
155
156
157
158
159
160
161
163
164
165
167
168
169
170
171
172
174
175
176
178
179
180
181
183
184
185
188
189
190
192
194
197
198
199
200
201
203
206
207
208
209
211
212
216
217
218
219
220
221
222
223
225
226
227
229
230
231
234
236
238
239
240
241
243
244
246
247
248
249
250
251
252
255
257
260
261
262
263
264
265
266
268
269
270
271
272
275
276
277
278
279
280
281
282
284
285
286
290
291
292
293
294
295
297
301
302
303
304
305
306
307
308
309
310
311
312
313
314
315
316
317
319
321
323
326
327
328
329
330
331
332
333
334
336
337
338
339
340
341
343
345
347
348
349
350
351
353
354
356
357
359
360
362
363
365
366
368
370
373
375
376
377
378
379
380
381
382
383
384
385
386
387
388
389
392
393
395
397
399
400
401
402
403
406
408
411
412
414
416
417
418
419
420
421
422
423
428
430
431
434
436
438
439
440
441
442
443
446
451
452
455
456
459
460
461
462
464
467
469
472
473
476
477
481
482
483
484
485
486
487
489
492
493
494
495
496
497
499
502
503
504
505
506
507
509
512
513
514
515
516
517
519
522
523
524
525
526
527
529
532
533
534
535
536
537
539
542
543
544
545
546
547
549
552
553
556
557
560
561
562
563
564
565
566
567
568
569
570
572
573
574
575
576
577
578
582
583
584
585
587
588
590
591
593
594
595
596
597
598
602
603
604
605
607
608
609
610
612
614
616
621
622
623
624
625
626
627
629
633
634
635
636
637
638
640
643
644
645
646
647
648
650
653
654
655
656
657
658
659
661
662
663
664
665
667
670
671
672
673
674
675
677
680
681
682
683
684
686
687
688
689
692
693
694
695
696
698
701
702
703
704
705
707
710
711
712
714
715
717
718
719
720
721
723
724
725
727
728
729
730
731
732
733
734
735
736
739
740
741
742
746
747
748
750
752
753
754
755
758
760
761
762
765
767
768
770
772
773
775
776
779
781
783
784
785
786
788
789
790
791
792
793
794
795
797
798
799
800
801
803
804
805
806
810
811
812
813
818
819
820
821
822
823
824
826
827
830
831
832
834
835
837
838
839
841
844
845
846
847
848
849
851
854
855
856
857
858
859
861
864
865
866
867
868
869
871
874
875
876
877
878
879
880
881
882
883
884
885
886
887
889
892
893
894
895
896
897
898
899
900
901
902
903
904
905
906
907
908
909
910
911
912
913
916
917
918
920
921
922
923
925
927
928
929
930
931
932
934
936
937
938
939
940
941
944
945
946
947
949
950
951
953
955
956
957
958
959
961
962
963
964
967
969
972
973
975
978
980
983
984
985
987
988
989
990
991
992
993
996
997
998
999
1000
1001
1003
1005
1007
1010
1011
1012
1013
1014
1015
1016
1019
1020
1021
1022
1023
1024
1026
1029
1030
1031
1032
1033
1035
1036
1037
1038
1039
1042
1044
1046
1047
1048
1049
1054
1055
1056
1058
1059
1060
1061
1062
1063
1064
1065
1067
1070
1071
1072
1073
1074
1075
1077
1080
1081
1082
1083
1084
1085
1086
1087
1089
1092
1093
1094
1095
1096
1097
1098
1100
1103
1104
1105
1106
1107
1108
1109
1110
1111
1113
1116
1117
1118
1119
1120
1121
1123
1124
1127
1128
1129
1130
1131
1132
1133
1134
1135
1138
1140
1141
1142
1143
1144
1145
1146
1147
1148
1149
1150
1151
1152
1153
1154
1155
1157
1160
1161
1163
1165
1167
1168
1169
1171
1172
1173
1174
1176
1177
1178
1179
1181
1182
1183
1184
1186
1188
1190
1196
1197
1200
1201
1204
1206
1209
1211