1
3
5
6
7
8
9
10
12
14
15
16
17
18
20
22
24
25
26
28
29
30
31
33
35
36
37
39
40
42
44
45
47
49
51
52
53
54
55
56
57
58
59
60
61
62
63
64
65
66
67
68
69
70
71
72
73
74
75
76
77
78
79
80
81
82
84
85
86
87
88
90
91
92
93
94
95
96
97
98
99
100
101
102
104
105
106
107
109
112
113
114
115
116
117
119
120
122
124
125
127
129
131
133
137
138
140
141
142
145
146
147
149
150
151
152
153
157
158
159
160
164
165
166
167
171
172
173
174
175
178
179
180
181
182
183
184
185
186
187
188
189
190
191
192
193
194
195
196
197
198
199
200
201
202
203
205
206
211
212
213
214
215
216
217
218
219
220
221
222
223
224
225
226
227
228
229
230
231
232
233
234
235
236
237
238
240
241
244
245
246
247
248
249
251
256
257
258
259
260
261
262
263
264
265
266
267
268
269
270
271
272
273
274
275
276
277
278
280
281
282
283
285
287
288
289
291
292
295
296
297
298
299
300
303
304
305
307
308
309
311
313
314
315
316
320
321
322
323
324
325
327
328
329
330
332
334
336
339
341
342
344
345
347
348
351
352
353
355
356
359
360
361
362
364
365
367
368
369
371
373
375
377
378
379
381
382
384
385
387
389
390
392
393
394
395
396
397
398
399
401
402
403
404
405
407
408
410
412
415
416
417
418
419
420
421
422
423
424
426
427
429
430
433
434
435
436
437
438
439
440
441
443
446
447
448
449
450
451
452
453
455
457
459
461