1
3
5
6
7
8
9
10
12
14
15
16
17
18
20
22
25
26
28
30
31
32
33
34
35
36
38
39
40
41
42
43
44
45
46
47
48
49
50
51
52
53
54
55
56
57
58
59
60
61
62
63
64
65
66
67
69
70
71
72
73
74
76
77
78
79
80
82
83
86
87
88
89
90
91
92
93
94
95
96
97
98
99
100
101
102
103
104
106
109
110
111
112
113
114
115
116
117
118
119
120
121
122
123
124
125
126
128
131
132
133
134
135
136
138
139
142
143
146
149
150
152
153
156
157
159
163
164
165
166
167
168
169
170
174
175
176
177
178
179
180
183
186
187
188
190
191
192
193
194
195
196
197
198
200
201
202
203
204
205
206
207
208
209
211
212
216
217
219
220
221
222
224
227
229
231
233
234
235
236
237
238
242
244
245
246
247
253
254
256
259
260
261
266
267
268
269
270
271
272
273
274
275
277
278
279
280
281
282
283
284
285
286
288
289
293
294
296
297
298
299
300
301
302
305
306
307
308
309
310
311
312
313
315
317
318
319
320
321
324
325
326
327
329
330
334
336
337
338
339
340
344
345
346
347
348
349
350
351
352
353
354
355
356
357
358
359
360
363
364
365
366
367
370
371
372
373
377
380
381
382
383
384
386
387
388
389
390
391
394
395
397
398
399
400
403
405
406
407
411
412
416
417
418
419
420
421
422
423
424
425
427
428
429
430
431
435
436
437
438
439
440
441
442
443
444
445
446
447
449
450
451
452
453
454
455
456
460
461
462
463
464
465
466
467
468
470
471
472
474
481
482
483
484
485
486
487
488
489
490
492
493