1
3
5
6
7
8
9
10
12
14
15
16
17
18
20
22
24
25
26
27
28
29
30
31
35
36
37
38
39
40
41
42
43
44
45
46
48
49
50
51
52
53
55
56
57
58
59
60
61
62
63
64
65
66
67
68
69
70
71
72
73
74
75
76
77
78
79
81
82
83
84
86
88
89
91
92
93
94
97
98
99
101
102
103
104
105
106
107
108
110
112
114
115
117
119
122
123
124
125
126
127
128
129
131
133
135
136
139
141
143
145
148
149
150
151
152
153
154
155
156
158
160
162
163
164
165
167
168
169
170
173
175
176
177
179
180
181
182
187
188
191
193
194
195
196
197
198
199
202
204
207
208
209
210
211
212
213
214
215
216
217
219
220
221
222
226
228
229
230
231
233
234
236
237
238
239
240
241
243
244
245
246
251
255
256
257
258
259
260
264
265
266
267
269
270
272
273
274
275
276
281
282
283
285
286
287
288
289
290
292
296
297
298
299
300
301
303
304
305
306
308
309
312
313
314
315
316
320
321
322
323
324
325
326
327
328