1
3
5
6
7
8
9
10
12
14
15
16
17
18
20
23
25
26
27
28
29
31
33
34
37
38
39
41
43
45
47
48
50
51
52
53
54
55
56
57
58
59
60
61
63
65
66
67
68
69
71
72
73
74
75
76
77
78
79
80
81
82
84
85
86
87
89
90
91
92
94
95
96
98
99
101
102
103
104
106
107
109
111
113
115
116
118
120
121
122
123
124
125
126
127
129
130
131
132
133
134
135
136
137
138
139
140
142
143
144
145
146
147
148
153
154
155
156
157
158
160
162
164
166
168
169
171
173
177
179
182
184
187
189
192
194
197
198
199
200
201
202
204
206
208
210
212
213
216
218
220
223
225
226
229
231
232
235
237
238
241
243
245
250
251
252
253
254
255
257
260
261
262
263
264
265
266
267
268
269
270
271
272
274
275
277
278
279
280
281
282
284
285
286
288
289
290
292
294
295
298
301
302
303
304
305
306
308
311
312
313
314
315
316
318
321
322
323
324
325
326
328
331
332
333
334
335
336
338
341
342
343
344
345
346
347
348
349
350
351
352
353
355
356
357
359
362
363
364
365
366
367
368
370
371
373
375
377
379
381
382
383
384
386
389
390
392
393
395
397
400
401
402
403
404
405
406
407
408
409
410
412
413
414
416
417
420
421
422
423
424
426
427
430
431
432
433
435
436
437
438
440
443
444
445
447
448
449
450
452
454
456
459
460
461
462
463
465
466
467
468
470
471
472
473
474
475
476
477
478
479
481
484
485
486
487
489
490
493
494
495
496
497
498
499
500
503
504
506
509
510
511
512
513
514
515
518
519
521
523
524
526
527
528
529
530
531
533
537
538
539
540
541
542
543
544
545
546
549
550
551
554
555
556
557
558
559
561
565
566
567
568
569
570
571
572
573
574
575
577
578
581
582
583
584
585
586
587
588
589
591
592
594
595
596
597
598
599
600
601
602
603
604
606
607
610
611
612
613
614
615
616
617
618
619
621
622
624
625
626
627
628
629
630
631
633
634
636
639
640
641
644
645
646
647
648
649
650
651
652
653
654
655
656
657
658
659
660
661
662
663
664
665
666
667
668
669
671
672
673
674
675
676
678
679
680
681
682
683
684
685
686
687
688
691
692
693
694
695
696
697
698
699
700
701
702
704
705
709
710
711
712
713
714
715
716
717
718
720
722
725
726
727
728
730
733
734
735
736
737
739
741
743
744
746
747
749
755
756
757
758
759
760
761
762
763
764
765
766
767
768
769
771
774
775
776
777
778
779
780
782
784
785
788
789
790
791
792
793
794
795
796
798
799
800
803
804
805
806
807
808
809
810
811
812
813
814
815
816
817
818
819
820
821
822
823
824
825
826
828
829
830
831
833
835
836
837
838
839
840
841
842
843
845
846
847
848
849
850
851
852
854
855
856
857
860
861
862
863
864
865
867
868
870
874
875
876
877
878
879
880
882
883
884
885
886
887
888
889
890
892
893
894
895
896
897
899
900
901
904
905
906
907
908
910
913
914
915
916
917
918
919
920
921
922
923
924
925
926
927
930
931
933
934
937
938
939
941
942
943
944
945
947
949
950
952
955
957
958
959
960
962
963
964
965
966
967
969
970
975
976
977
978
979
980
981
982
984
985
986
989
990
991
992
993
994
995
996
997
998
999
1000
1001
1002
1003
1004
1005
1006
1007
1008
1009
1010
1012
1014
1016
1017
1018
1020
1024
1025
1026
1027
1028
1029
1030
1031
1032
1033
1034
1035
1036
1037
1038
1039
1041
1042
1043
1044
1046
1048
1050
1051
1052
1053
1054
1055
1056
1057
1058
1059
1061
1065
1066
1067
1068
1069
1070
1071
1072
1073
1074
1075
1077
1078
1079
1080
1082
1083
1086
1087
1089
1091
1094
1095
1096
1097
1098
1099
1100
1101
1102
1103
1104
1106
1107
1109
1110
1113
1114
1115
1116
1117
1118
1119
1120
1122
1123
1124
1125
1126
1127
1128
1130
1131
1133
1135
1136
1137
1140
1141
1143
1144
1146
1147
1148
1151
1152
1154
1155
1157
1158
1159
1164
1167
1168
1169
1170
1171
1172
1173
1174
1175
1176
1177
1178
1179
1181
1182
1185
1186
1187
1188
1189
1190
1191
1192
1193
1194
1195
1196
1197
1198
1199
1201
1203
1205
1207
1210
1211
1212
1214
1217
1218
1220
1223
1224
1225
1227
1230
1231
1232
1234
1237
1240
1241
1242
1243
1244
1245
1246
1247
1248
1249
1251
1252
1254
1255
1256
1257
1259
1260
1261
1262
1263
1264
1265
1266
1267
1268
1269
1270
1271
1272
1273
1274
1278
1279
1280
1281
1282
1283
1284
1285
1286
1287
1289
1290
1291
1292
1293
1294
1295
1296
1297
1298
1300
1301
1302
1303
1305
1306
1307
1308
1309
1310
1311
1312
1313
1314
1315
1316
1318
1319
1321
1322
1325
1326
1327
1328
1329
1330
1332
1333
1334
1336
1337
1338
1339
1340
1341
1342
1343
1344
1345
1346
1347
1348
1349
1350
1351
1352
1353
1354
1355
1356
1357
1358
1359
1361
1362
1363
1364
1365
1366
1367
1368
1370
1372
1373
1374
1378
1380
1381
1382
1383
1384
1385
1386
1387
1388
1389
1390
1392
1393
1397
1398
1399
1400
1402
1404
1405
1406
1407
1408
1409
1410
1413
1414
1415
1416
1417
1418
1420
1422
1423
1424
1425
1426
1427
1428
1429
1430
1431
1432
1433
1434
1435
1436
1437
1442
1443
1444
1445
1446
1447
1448
1449
1450
1452
1453
1454
1455
1456
1457
1458
1459
1460
1461
1462
1463
1464
1467
1469
1470
1473
1474
1475
1476
1477
1478
1480
1483
1484
1486
1487
1488
1489
1490
1491
1492
1493
1494
1495
1496
1497
1498
1499
1500
1501
1502
1503
1504
1505
1507
1508
1510
1512
1513
1514
1516
1517
1518
1519
1523
1524
1525
1526
1527
1529
1530
1532
1533
1534
1535
1536
1537
1538
1539
1540
1541
1542
1543
1544
1545
1546
1549
1550
1551
1552
1553
1554
1555
1556
1558
1559
1560
1561
1562
1563
1564
1565
1566
1567
1569
1570
1573
1576
1577
1578
1579
1580
1581
1582
1583
1584
1585
1586
1587
1588
1589
1590
1591
1592
1593
1594
1595
1597
1599
1600
1601
1602
1603
1605
1606
1608
1610
1612
1616
1617
1619
1622
1624
1625
1626
1628
1629
1631
1635
1638
1639
1640
1641
1642
1643
1644
1645
1646
1647
1649
1652
1653
1654
1655
1656
1657
1658
1659
1660
1661
1662
1663
1665
1666
1667
1668
1670
1672
1674
1675
1676
1679
1680
1681
1682
1683
1684
1685
1686
1687
1688
1689
1691
1693
1694
1696
1697
1701
1703
1704
1705
1706
1707
1708
1709
1710
1711
1712
1713
1714
1715
1716
1717
1718
1719
1720
1721
1722
1723
1724
1725
1726
1727
1728
1730
1731
1732
1733
1736
1737
1738
1740
1741
1742
1743
1744
1746
1747
1748
1749
1750
1751
1756
1757
1758
1759
1760
1762
1763
1765
1767
1771
1772
1773
1774
1775
1776
1777
1779
1780
1782
1783
1785
1786
1791
1792
1794
1795
1797
1798
1801
1803
1805
1808
1809
1812
1815
1816
1817
1818
1819
1820
1821
1822
1823
1824
1825
1826
1828
1829
1830
1831
1832
1834
1836
1841
1842
1845
1846
1847
1848
1849
1850
1851
1852
1854
1855
1856
1857
1858
1860
1861
1862
1863
1864
1865
1867
1868
1870
1872
1873
1874
1875
1876
1877
1878
1879
1880
1881
1883
1884
1886
1887
1889
1890
1898
1900
1902
1905
1906
1909
1910
1911
1913
1914
1915
1916
1917
1918
1919
1920
1921
1922
1923
1924
1925
1926
1927
1929
1930
1931
1932
1933
1934
1935
1936
1938
1939
1940
1941
1942
1943
1944
1945
1946
1947
1949
1950
1952
1953
1954
1955
1956
1957
1958
1959
1960
1961
1962
1963
1964
1965
1966
1968
1971
1974
1977
1978
1979
1980
1981
1982
1983
1984
1985
1987
1990
1991
1992
1993
1995
1997
1999
2000
2001
2004
2006
2009
2011
2014
2015
2016
2018
2019
2020
2023
2025
2027
2030
2032
2033
2034
2038
2039
2040
2041
2042
2043
2044
2045
2046
2047
2048
2049
2050
2052
2053
2054
2056
2058
2059
2060
2062
2063
2065
2066
2067
2070
2071
2073
2074
2075
2078
2081
2082
2083
2084
2085
2087
2088
2090
2093
2094
2095
2096
2097
2098
2099
2100
2101
2102
2103
2104
2106
2107
2108
2111
2113
2116
2117
2118
2119
2121
2122
2123
2124
2127
2128
2129
2130
2131
2132
2133
2134
2135
2136
2137
2138
2139
2141
2142
2145
2147
2150
2151
2152
2153
2154
2155
2156
2157
2158
2160
2163
2164
2165
2166
2167
2168
2169
2170
2172
2173
2174
2175
2176
2177
2178
2179
2182
2183
2184
2185
2186
2187
2188
2189
2190
2191
2192
2193
2194
2195
2196
2197
2198
2199
2200
2201
2202
2203
2204
2206
2207
2209
2210
2211
2212
2213
2215
2217
2218
2219
2220
2222
2226
2227
2228
2231
2232
2233
2234
2235
2236
2237
2238
2239
2240
2242
2243
2246
2247
2248
2249
2250
2251
2252
2253
2254
2256
2259
2260
2261
2262
2263
2264
2265
2266
2267
2269
2270
2271
2272
2274
2277
2278
2279
2280
2281
2282
2283
2284
2285
2286
2288
2290
2292
2295
2297
2300
2302
2305
2307
2310
2312
2315
2316
2319
2322
2323
2324
2325
2327