1
3
5
6
7
8
9
10
12
14
15
16
17
18
20
22
24
25
27
28
30
31
32
34
35
36
37
39
40
41
44
46
47
48
50
51
52
53
55
56
57
58
60
61
62
63
65
66
67
69
70
71
73
75
76
77
78
80
82
83
84
87
88
89
90
91
94
96
98
99
100
103
104
105
106
107
108
109
110
114
115
116
117
118
119
120
121
122
128
130
133
136
138
139
140
141
143
144
146
149
150
151
154
155
158
159
161
164
165
166
170
172
173
174
176
177
179
180
181
182
185
188
189
190
191
192
193
197
198
200
204
205
206
208
209
210
211
213
215
216
218
220
221
223
226
227
229
230
231
232
233
234
235
236
238
239
240
243
244
245
246
248
249
252
253
255
256
258
259
261
262
263
265
266
267
268
270
271
272
275
279
280
281
283
285
286
288
290
291
292
293
294
297
300
301
302
304
305
306
309
315
316
318
319
322
323
324
325
327
328
329
331
332
335
337
339
341
342
344
348
349
351
352
357
358
359
360
361
362
364
366
368
370
371
373
374
377
378
380
384
386
388
389
390
392
395
396
399
400
403
404
405