1
3
5
6
7
8
9
10
12
14
15
16
17
18
20
23
25
26
27
28
29
30
31
33
34
35
36
37
39
40
41
42
43
44
45
46
47
49
50
51
52
53
54
55
56
58
59
60
61
62
63
64
66
68
70
71
72
73
74
75
76
77
78
79
80
81
82
83
84
85
86
88
89
90
91
92
93
94
96
97
98
99
100
101
102
104
105
106
107
108
109
110
111
112
113
115
116
117
119
121
122
123
124
125
126
127
128
129
130
132
133
134
135
136
137
138
139
140
142
143
145
146
150
151
152
153
154
156
157
158
159
160
162
163
165
166
167
168
169
171
172
173
174
175
176
177
178
181
183
185
186
187
188
189
190
191
192
193
194
196
197
198
199
200
201
202
203
204
205
206
207
208
209
210
211
212
214
215
216
219
220
221
225
226
227
228
229
230
231
232
233
234
235
236
237
238
239
240
241
242
243
244
245
246
247
249
250
251
252
253
254
255
257
258
259
260
261
262
263
264
265
268
272
273
274
275
276
277
278
279
280
281
282
283
284
285
286
287
288
289
290
291
292
293
294
295
297
300
301
302
303
304
305
306
307
308
309
311
312
313
314
315
316
318
319
321
322
324
325
327
328
330
331
332
334
335
336
337
338
339
342
344
345
346
349
351
353
355
356
361
362
363
364
365
366
367
368
369
370
371
372
373
374
375
376
377
378
379
380
381
382
383
384
385
387
388
389
391
392
394
395
396
397
398
399
401
402
403
404
405
406
407
408
409
410
411
414
416
418
419
420
422
423
424
425
426
427
428
429
430
431
432
433
434
436
437
438
442
444
445
446
447
448
449
451
453
455
457
458
464
465
466
467
468
469
470
471
472
474
475
476
478
479
481
482
484
486
488
490
492
493
494
496
497
498
499
500
504
506
508
510
511
516
517
518
519
520
521
522
523
524
525
526
527
528
529
530
532
533
534
536
537
539
540
541
542
543
544
545
547
549
550
551
553
554
555
556
557
558
560
561
562
563
565
566
567
568
569
574
575
577
579
581
583
584
589
590
591
592
593
594
595
596
597
598
599
600
601
602
603
604
606
607
608
610
613
614
615
616
617
618
619
620
621
622
623
624
625
626
627
629
630
631
633
634
636
637
638
639
640
641
643
644
645
647
648
649
650
651
652
654
656
658
659
660
661
662
663
665
666
667
668
670
671
672
673
674
679
680
682
684
686
688
689
695
696
697
698
699
700
701
702
703
704
705
706
707
708
710
712
714
716
717
718
719
720
721
722
723
725
726
727
728
729
730
734
735
736
737
738
739
741
743
744
746
749
753
754
755
756
758
759
762
763
764
765
766
767
768
770
771
772
773
774
776
777
778
779
780
781
782
783
784
785
786
787
788
789
792
793
794
795
796
797
798
799
800
801
802
803
804
805
806
807
808
809
810
811
812
813
814
815
816
817
818
819
820
821
822
823
824
826
827
828
829
830
831
832
834
836
837
839
840
844
845
846
847
848
849
850
851
852
853
854
855
856
857
858
859
860
861
862
863
864
865
867
868
869
870
871
872
873
874
878
879
881
882
886
887
888
889
890
891
892
893
894
895
896
897
899
900
901
902
903
904
906
907
908
909
910
911
914
915
917
918
922
923
924
925
926
927
928
929
930
931
932
933
934
935
936
937
938
939
941
942
943
945
946
947
949
950
952
953
954
955
956
957
958
959
960
961
963
964
969
970
971
972
973
974
975
976
977
978
979
980
981
982
983
984
985
986
987
989
990
991
992
994
995
996
997
999
1000
1001
1002
1005
1006
1007
1008
1009
1010
1011
1015
1016
1017
1018
1019
1020
1021
1022
1023
1024
1025
1026
1027
1030
1031
1032
1033
1034
1035
1038
1039
1040
1041
1042
1043
1044
1045
1047