1
3
5
6
7
8
9
10
12
14
15
16
17
18
20
22
24
25
26
28
29
31
33
34
35
36
37
39
41
42
44
45
46
47
48
49
50
51
53
54
56
58
60
61
63
64
66
68
70
72
73
74
75
77
78
79
80
81
82
83
84
85
86
87
88
89
90
91
92
93
94
95
96
97
98
99
101
103
104
105
106
107
108
109
110
111
112
113
114
115
116
117
118
120
121
123
126
127
129
130
131
134
136
137
138
139
140
141
143
146
147
148
149
150
151
152
153
155
158
159
160
161
162
164
167
168
169
170
172
175
176
177
178
179
181
184
185
186
187
189
192
193
195
198
199
201
204
205
207
210
211
213
216
217
219
222
224
227
228
230
233
234
235
236
238
241
242
243
244
246
249
250
251
252
253
254
256
257
258
259
260
262
263
264
267
269
270
271
272
273
274
275
276
277
278
279
281
282
283
284
288
289
290
291
292
293
294
295
296
298
300
301
302
303
305
308
309
310
311
312
313
314
315
317
318
320
322
323
324
325
326
328
329
330
332
333
334
335
339
340
342
343
345
347
348
352
355
356
357
358
359
360
362
365
366
367
368
369
371
374
375
376
377
378
380
383
384
385
386
388
391
392
393
394
396
399
400
403
404
405
406
408
411
412
413
414
416
419
420
421
422
424
427
428
429
430
432
435
436
437
438
440
443
444
445
446
448
451
452
453
454
456
459
460
461
462
464
467
468
469
470
472
475
476
477
478
480
483
484
485
486
488
491
492
493
494
495
496
498
501
502
503
504
506
509
510
512
513
514
515
518
519
521
522
523
524
527
528
529
530
531
532
535
536
537
538
540
543
544
545
546
548
551
552
553
554
556
559
560
561
562
564
567
568
569
570
572
575
576
577
578
580
583
585
588
590
593
594
597
598
601
602
605
606
610
612
613
614
615
617
618
619
620
623
627
628
629
630
632
633
634
635
638
643
644
645
646
648
649
650
651
654
658
659
660
661
663
664
665
666
669
673
674
675
676
678
679
680
681
684
688
690
691
692
693
694
695
696
697
700
703
704
705
706
707
708
709
710
711
712
716
717
718
719
720
721
722
723
724
725
730
732
733
734
735
737
740
741
742
743
744
745
747
749
750
751
752
754
757
758
759
760
762
765
766
767
768
770
773
774
775
776
777
778
780
783
784
785
786
788
791
792
795
797
801
803
806
808
811
813
816
818
821
823
826
827
829
830