1
3
5
6
7
8
9
10
12
14
15
16
17
18
20
22
24
26
27
29
30
32
33
34
35
37
38
39
41
43
44
45
46
47
48
49
51
52
53
54
55
56
57
58
59
60
61
62
64
65
66
68
69
70
71
73
74
75
76
77
78
79
80
81
82
83
85
86
87
88
89
90
91
92
94
95
96
97
98
101
102
103
104
105
107
108
109
111
112
113
114
115
117
120
122
123
125
126
127
128
129
131
132
134
136
138
139
141
142
143
145
146
147
149
150
152
156
158
159
160
161
163
165
166
167
169
171
172
173
175
179
180
181
182
184
185
190
192
193
196
197
198
200
201
203
205
207
208
210
212
213
215
217
218
219
220
221
222
223
224
225
226
227
228
229
231
232
234
235
237
238
239
240
241
242
244
245
246
248
251
253
256
257
258
259
260
261
262
264
265
267
268
269
270
271
273
274
275
277
278
280
282
283
284
287
288
289
290
291
292
293
294
295
297
299
301
302
304
306
308
310
311
312
313
314
315
316
318
319
320
323
324
325
326
327
328
329
330
331
332
333
335
338
339
340
341
342
343
345
348
349
350
351
352
353
354
356
359
360
361
362
363
364
365
367
370
371
372
373
374
375
377
380
381
382
383
384
385
387
390
391
392
393
394
395
397