1
3
5
6
7
8
9
10
12
14
15
16
17
18
20
22
24
25
26
27
28
29
30
31
32
33
34
35
36
37
38
39
40
41
42
43
46
47
48
49
50
51
52
53
54
55
56
57
58
59
60
61
63
64
66
67
68
69
71
72
73
74
75
77
78
79
80
81
82
83
84
85
86
87
88
89
91
92
93
95
96
97
99
102
104
105
106
107
109
110
112
114
117
120
121
122
125
126
127
128
129
130
132
133
135
136
137
138
139
141
142
143
144
145
146
148
150
151
153
154
156
157
159
160
162
163
167
168
170
172
174
176
178
180
184
188
189
191
194
195
197
200
202
203
204
205
207
208
211
212
213
214
215
216
218
219
221
222
223
224
225
226
227
229
232
235
236
237
238
240
243
244
245
246
248
252
254
255
256
257
259
262
263
264
265
266
267
269
273
275
276
277
278
279
280
281
282
284
285
287
288
290
292
293
294
295
296
297
298
304
305
306
307
308
309
310
312
313
316
317
318
319
320
322
323
326
327
328
329
330
331
332
334
337
338
339
340
341
342
343
344
345
346
347
348
349
351
352
354
355
356
357
358
359
360
361
362
364
365
367
368
369
370
371
373
374
376
378
379
380
382
383
384
388
389
390
392
394
395
396
397
398
400
401
402
407
410
411
412
413
414
415
416
417
418
419
421
423
424
427
430
431
432
433
435
437
438
440
443
445
447
449
450
451
452
453
455
456
457
459
460
461
463
464
465
467
468
469
471
472
474
477
478
479
480
482
483
484
485
486
487
488
489
490
491
492
493
494
495
496
500
503
504
505
506
507
508
509
510
511
512
515
516
517
518
519
520
521
522
523
524
527
528
529
530
531
532
533
534
536
537
538