1
3
5
6
7
8
9
10
12
14
15
16
17
18
20
22
24
26
27
29
31
32
33
34
35
36
37
38
40
41
42
43
44
45
46
48
49
50
52
53
54
55
56
58
59
61
62
63
64
65
66
67
68
69
71
72
73
74
75
76
77
78
79
80
81
82
84
85
86
87
88
89
90
91
92
93
96
98
99
100
101
102
103
104
105
109
110
111
112
113
114
116
119
120
121
122
123
124
126
129
130
131
132
133
134
136
139
140
141
142
143
144
145
146
148
150
151
152
153
154
155
157
160
161
162
163
164
165
166
167
169
172
173
174
175
176
177
178
179
180
182
185
186
187
188
189
190
191
192
193
194
195
196
197
198
199
200
201
203
206
207
208
209
210
211
213
214
215
216
217
218
219
221
224
225
226
227
228
229
231
232
233
235
238
239
240
241
242
243
245
248
249
250
251
252
254
257
258
259
260
261
263
266
267
268
269
270
271
272
274
277
278
279
280
281
282
283
284
286
289
290
291
292
293
294
295
296
297
298
299
301
302
303
304
305
306
307
309
312
313
314
315
316
317
318
319
320
321
323
325
326
328
329
331
334
337
338
339
340
341
342
343
344
345
346
347
348
349
350
352
353
355
357
358
359
360
362
365
366
367
368
370
371
373
374
375
376
377
378
379
381
385
388
389
390
391
392
393
394
396
397
400
401
402
403
404
405
406
407
408
409
410
411
413
414
415
416
417
418
419
421
424
426
428
430
434
437
438
439
440
441
443
445
447
449
450
451
453
454
455
456
457
458
459
462
464
468
469
470
471
472
474
475
477
478
479
481
484
485
486
487
488
489
491
494
495
496
497
498
499
501
504
505
506
507
508
509
511
514
515
516
517
518
519
520
521
522
523
524
526
529
530
531
532
533
534
535
536
537
538
539
540
542
544
546
547
548
549
550
551
552
553
554
555
556
557
558
559
560
561
562
563
564
565
567
568
569
570
571
572
573
574
575
576
577
578
579
580
581
582
583
584
585
586
590
591
592
593
594
595
596
597
598
599
600
602
603
604
605
607
608
609
611
612
613
614
615
617
618
619
620
621
623
625
626
627
628
629
630
631
632
633
635
641
644
645
646
647
648
649
650
651
652
655
656
657
658
659
661
663
665
666
672
673
674
675
676
677
678
679
680
681
682
683
684
685
686
687
688
689
690
691
692
694
695
696
698
700
703
704
705
706
707
708
710
711
712
713
714
715
716
719
720
721
722
723
724
726
728
729
730
731
732
733
734
736
738
739
745
746
749
750
752