1
3
5
6
7
8
9
10
12
14
15
16
17
18
20
22
24
25
26
27
28
29
30
31
32
33
34
35
36
37
38
39
40
41
42
43
44
45
46
47
48
49
50
51
52
53
54
55
56
57
58
59
60
62
63
64
65
66
67
68
69
70
71
72
73
74
75
76
77
78
79
80
81
82
83
84
85
86
87
88
89
91
93
94
96
97
98
99
102
103
104
105
106
107
108
109
110
111
112
113
114
115
116
117
120
121
122
123
124
125
126
127
128
129
130
131
133
134
135
136
137
138
139
140
141
142
143
144
146
147
148
150
152
153
154
155
156
158
159
160
161
163
164
165
167
168
170
171
172
174
175
176
177
179
180
181
182
183
184
185
186
187
188
189
190
193
194
195
196
197
198
199
200
201
202
203
204
205
206
207
211
212
213
215
216
217
218
219
221
222
223
224
225
226
227
228
229
230
231
232
233
234
235
236
238
239
241
242
243
244
246
247
248
249
250
252
253
254
255
256
257
258
259
260
261
262
263
264
265
266
267
268
270
271
272
273
275
276
277
279
280
281
282
283
284
285
286
287
288
289
290
291
293
294
295
296
297
298
299
300
301
303
304
306
307
308
309
311
312
313
315
316
318
319
321
322
323
325
326
327
329
330
331
332
334
336
337
338
339
340
342
343
344
345
346
347
348
349
351
353
354
355
356
357
358
359
360
362
363
364
365
369
370
371
372
374
375
376
377
378
380
381
383
384
387
388
389
390
391
392
393
394
396
397
398
399
400
403
404
405
406
407
408
409
410
411
413
414
415
418
419
420
421
422
423
424
425
426
427
428
429
431
432
433
436
439
440
442
444
445
446
448
449
451
452
453
454
455
457
458
459
460
462
463
464
465
467
468
470
472
473
474
475
477
479
480
481
482
485
488
490
491
492
493
496
498
502
503
504
505
506
507
508
511
512
513
514
515
516
517
519
520
521
522
523
524
525
526
531
532
533
534
535
536
537
538
539
541
542
545
546
547
548
549
550
551
553
554
556
559
560
561
562
563
564
565
567
568
569
571
572
575
577
580
581
583
584
592
593
594
595
596
597
598
600
601
602
604
605
606
607
608
612
613
614
615
617
618
619
620
627
628
629
630
631
632
633
634
635
636
637
638
639
640
642
643
644
645
646
649
650
651
653
654
656
657
658
659
660
661
663
664
665
666
667
668
669
670
671
672
673
674
675
676
677
678
679
680
681
682
683
684
685
686
691
692
693
694
695
696
697
698
699
700
701
703
704
705
706
708
709
710
712
713
714
715
716
717
719
722
723
725
726
727
728
729
730
731
732
733
734
735
736
737
738
739
740
741
742
743
745
746
747
748
751
752
753
754
755
756
757
758
759
760
761
762
763
764
767
768
769
770
771
772
774
775
779
781
782
783
785
786
787
788
789
791
792
793
796
797
798
799
801
803
807
808
809
810
811
812
814
815
817
821
822
823
825
826
830
832
833
835
837
838
839
840
841
842
846
849
850
851
852
853
857
858
859
860
863
864
865
867
869
870
871
872
873
874
875
876
878
879
881
883
884
885
886
887
888
889
890
891
892
897
898
901
902
903
904
905
906
907
912
915
916
917
919
920
921
922
923
925
927
928
929
931
932
933
934
935
936
938
941
942
943
944
945
946
948
949
950
953
954
955
958
959
960
962
963
965
966
967
968
972
973
974
975
976
977
978
980
981
982
983
984
985
986
987
988
989
990
991
992
993
994
995
996
997
1000
1003
1006
1007
1008
1009
1010
1011
1012
1013
1016
1017
1020
1021
1022
1023
1025
1026
1029
1030
1031
1032
1033
1034
1035
1036
1037
1038
1039
1040
1041
1042
1043
1044
1045
1046
1047
1048
1049
1050
1051
1052
1053
1054
1055
1056
1057
1058
1059
1062
1063
1064
1065
1066
1068
1069
1071
1072
1073
1074
1075
1079
1080
1081
1084
1085
1086
1087
1088
1089
1090
1091
1092
1093
1094
1095
1099
1100
1101
1102
1103
1104
1105
1106
1109
1110
1111
1112
1113
1114
1115
1116
1117
1118
1123
1124
1125
1127
1128
1130
1131
1133
1136
1137
1138
1139
1140
1142
1143
1144
1145
1146
1150
1151
1152
1153
1156
1157
1158
1159
1160
1161
1164
1165
1166
1167
1168
1169
1173
1174
1175
1176
1177
1178
1179
1180
1181
1183
1186
1187
1188
1189
1190
1191
1192
1193
1194
1195
1197
1198
1199
1200
1201
1202
1203
1204
1205
1206
1211
1212
1213
1214
1215
1216
1217
1218
1219
1221
1222
1223
1225
1226
1227
1228
1232
1233
1234
1235
1236
1237
1238
1239
1240
1241
1243
1244
1245
1246
1247
1248
1249
1250
1254
1255
1256
1257
1258
1260
1261
1262
1263
1264
1265
1266
1267
1272
1273
1274
1275
1276
1278
1279
1280
1281
1282
1283
1284
1288
1289
1290
1291
1292
1294
1295
1296
1297
1298
1299
1300
1304
1305
1306
1307
1308
1310
1311
1312
1313
1316
1317
1318
1319
1320
1321
1322
1323
1324
1325
1327
1328
1329
1330
1331
1332
1333
1334
1335
1336
1337
1342
1343
1344
1345
1346
1347
1348
1349
1350
1351
1353
1354
1355
1356
1357
1358
1359
1360
1361
1362
1363
1367
1368
1369
1370
1371
1372
1373
1374
1376
1377
1378
1379
1380
1382
1383
1384
1385
1386
1387
1389
1390
1391
1395
1396
1397
1398
1399
1400
1401
1402
1403
1404
1405
1406
1407
1408
1409
1410
1412
1413
1414
1415
1416
1417
1419
1420
1421
1422
1423
1425
1429
1430
1431
1432
1433
1434
1435
1436
1437
1439
1442
1443
1444
1445
1446
1447
1448
1449
1450
1451
1452
1453
1454
1455
1456
1457
1458
1459
1460
1461
1462
1463
1464
1465
1466
1467
1468
1469
1470
1471
1472
1473
1474
1475
1476
1477
1478
1479
1480
1481
1482
1483
1484
1485
1486
1487
1488
1489
1490
1491
1492
1493
1494
1495
1496
1497
1498
1499
1500
1501
1502
1503
1504
1505
1506
1507
1508
1509
1510
1511
1512
1513
1514
1515
1516
1517
1518
1519
1520
1521
1522
1523
1524
1525
1526
1527
1528
1529
1530
1531
1532
1533
1534
1535
1536
1537
1538
1539
1540
1541
1542
1543
1544
1545
1546
1547
1548
1549
1550
1551
1552
1553
1554
1555
1556
1557
1558
1559
1560
1561
1562
1564
1565
1566
1567
1568
1569
1570
1571
1572
1573
1575
1576
1577
1579
1580
1581
1582
1583
1585
1586
1587
1589
1592
1594
1595
1596
1597
1600
1602
1603
1604
1605
1606
1607
1608
1609
1610
1611
1612
1613
1614
1615
1617
1618
1619
1620
1621
1623
1625
1627
1628
1629
1630
1631
1632
1633
1634
1636
1637
1638
1639
1640
1641
1642
1643
1644
1645
1646
1647
1648
1649
1650
1651
1652
1653
1654
1655
1656
1657
1658
1659
1660
1661
1662
1663
1664
1665
1666
1667
1668
1669
1670
1671
1672
1673
1675
1676
1677
1678
1679
1680
1681
1682
1683
1684
1685
1686
1688
1689
1690
1691
1692
1694
1695
1696
1698
1699
1701
1702
1703
1706
1707
1708
1709
1710
1711
1712
1713
1714
1715
1716
1717
1719
1720
1721
1722
1724
1725
1726
1728
1729
1731
1733
1734
1735
1736
1737
1738
1739
1742
1743
1745
1746
1747
1748
1749
1750
1751
1752
1753
1754
1757
1759
1760
1761
1762
1763
1764
1765
1766
1768
1770
1771
1772
1775
1776
1778
1780
1781
1783
1785
1786
1787
1788
1789
1790
1793
1794
1795
1796
1797
1798
1799
1801
1802
1803
1804
1806
1808
1809
1810
1811
1812
1813
1814
1816
1817
1819
1820
1822
1824
1825
1826
1827
1828
1829
1830
1831
1832
1833
1835
1837
1838
1839
1840
1841
1842
1843
1844
1845
1846
1848
1850
1851
1852
1853
1854
1855
1856
1857
1858
1859
1861
1863
1864
1865
1866
1867
1868
1870
1871
1872
1873
1876
1877
1878
1879
1880
1881
1882
1883
1884
1885
1886
1888
1889
1892
1893
1894
1895
1896
1897
1898
1899
1901
1902
1903
1905
1906
1907
1908
1909
1910
1911
1912
1913
1915
1916
1917
1918
1920
1921
1922
1923
1924
1925
1926
1927
1928
1929
1930
1932
1933
1934
1935
1937
1938
1939
1940
1941
1942
1943
1944
1945
1946
1947
1949
1950
1951
1953
1954
1956
1957
1958
1959
1961
1962
1963
1964
1965
1967
1969
1970
1971
1972
1973
1974
1975
1976
1978
1979
1980
1981
1982
1983
1984
1985
1986
1988
1991
1992
1993
1994
1995
1996
1997
1998
2000
2001
2002
2003
2004
2005
2007
2012
2013
2014
2015
2016
2017
2018
2019
2021
2022
2023
2024
2025
2026
2027
2028
2029
2030
2032
2034
2035
2039
2040
2041
2042
2043
2044
2046
2047
2048
2049
2050
2051
2052
2053
2054
2055
2056
2058
2060
2061
2062
2063
2064
2065
2066
2067
2070
2071
2072
2073
2075
2078
2079
2080
2081
2082
2083
2084
2085
2087
2088
2089
2090
2091
2092
2093
2097
2098
2099
2100
2101
2102
2103
2104
2105
2106
2107
2109
2110
2112
2113
2115
2118
2121
2122
2123
2124
2125
2126
2127
2128
2129
2131
2132
2133
2135
2136
2137
2138
2139
2142
2144
2145
2146
2147
2148
2149
2150
2151
2152
2153
2154
2155
2157
2158
2159
2160
2162
2163
2164
2165
2166
2167
2168
2169
2170
2171
2172
2174
2175
2176
2177
2179
2181
2182
2183
2185
2186
2187
2188
2189
2190
2191
2193
2194
2195
2196
2198
2199
2200
2201
2202
2203
2204
2205
2206
2207
2208
2209
2210
2212
2213
2214
2215
2217
2218
2219
2220
2221
2226
2227
2228
2229
2230
2231
2233
2235
2236
2239
2240
2241
2242
2243
2244
2245
2246
2247
2248
2250
2251
2252
2253
2254
2256
2258
2259
2260
2261
2262
2264
2265
2268
2269
2271
2273
2274
2276
2277
2281
2282
2283
2285
2286
2287
2288
2289
2291
2293
2294
2295
2296
2297
2298
2299
2300
2301
2302
2303
2304
2306
2307
2308
2309
2310
2311
2313
2315
2316
2317
2320
2321
2322
2324
2325
2327
2328
2329
2330
2331
2334
2335
2336
2337
2338
2340
2342
2343
2344
2345
2346
2347
2348
2349
2351
2352
2353
2354
2355
2356
2357
2358
2359
2360
2361
2362
2363
2364
2365
2366
2367
2368
2370
2371
2372
2373
2374
2375
2377
2378
2379
2380
2381
2382
2383
2384
2385
2386
2388
2389
2390
2391
2392
2393
2395
2396
2397
2398
2399
2401
2403
2404
2406
2409
2410
2411
2412
2413
2414
2415
2416
2417
2418
2419
2421
2422
2423
2424
2425
2428
2429
2430
2431
2432
2434
2435
2436
2437
2438
2439
2440
2441
2442
2443
2444
2448
2449
2450
2451
2452
2453
2456
2457
2458
2460
2461
2462
2463
2464
2465
2466
2467
2468
2470
2471
2473
2474
2475
2476
2477
2478
2479
2481
2482
2483
2484
2485
2486
2488
2489
2490
2491
2496
2497
2498
2499
2501
2502
2503
2504
2505
2507
2508
2509
2510
2513
2515
2516
2517
2518
2519
2524
2526
2528
2530
2533
2538
2539
2540
2541
2542
2543
2544
2545
2546
2547
2549
2550
2551
2552
2553
2554
2556
2557
2558
2559
2564
2565
2566
2567
2569
2570
2571
2572
2573
2574
2575
2576
2577
2579
2580
2581
2582
2584
2586
2587
2589
2590
2591
2592
2594
2596
2599
2600
2601
2602
2603
2604
2605
2606
2608
2609
2611
2613
2615
2616
2619
2621
2625
2626
2627
2628
2630
2632
2633
2636
2637
2638
2639
2640
2641
2642
2643
2645
2646
2647
2649
2651
2654
2655
2656
2657
2658
2659
2660
2661
2663
2664
2666
2668
2671
2672
2673
2674
2675
2676
2677
2679
2680
2681
2682
2684
2686
2689
2690
2691
2692
2694
2695
2696
2697
2698
2699
2701
2702
2703
2704
2705
2706
2708
2709
2710
2711
2712
2713
2714
2715
2716
2717
2718
2719
2720
2721
2722
2727
2728
2729
2730
2731
2732
2733
2734
2735
2737
2738
2740
2741
2742
2744
2746
2752
2753
2754
2755
2756
2757
2758
2759
2761
2762
2763
2764
2766
2768
2770
2771
2772
2774
2775
2776
2777
2778
2779
2781
2782
2784
2786
2787
2789
2791
2793
2794
2795
2796
2797
2799
2800
2801
2802
2803
2805
2806
2807
2808
2809
2811
2812
2813
2814
2815
2816
2817
2819
2820
2821
2822
2823
2824
2825
2826
2828
2829
2830
2831
2832
2833
2834
2841
2842
2843
2844
2845
2846
2847
2849
2850
2851
2852
2853
2854
2855
2857
2858
2859
2860
2861
2862
2863
2864
2866
2867
2868
2869
2870
2871
2872
2875
2876
2877
2878
2879
2880
2881
2883
2884
2885
2886
2887
2888
2889
2890
2893
2894
2895
2896
2897
2899
2901
2902
2903
2904
2905
2906
2907
2909
2911
2912
2913
2914
2915
2916
2917
2918
2919
2922
2923
2924
2925
2926
2927
2928
2929
2932
2933
2934
2935
2936
2937
2941
2942
2943
2944
2945
2946
2949
2950
2951
2952
2953
2954
2957
2958
2959
2961
2962
2963
2964
2965
2967
2968
2969
2970
2971
2972
2973
2975
2976
2977
2978
2980
2981
2982
2983
2988
2989
2990
2991
2992
2993
2994
2995
2996
2997
2998
3000
3002
3003
3004
3005
3006
3007
3008
3009
3011
3014
3015
3016
3017
3018
3019
3020
3021
3023
3025
3026
3028
3029
3031
3032
3034
3035
3037
3040
3041
3042
3043
3044
3045
3046
3048
3051
3052
3053
3054
3055
3056
3057
3058
3060
3061
3063
3064
3065
3066
3067
3068
3069
3070
3071
3072
3073
3075
3077
3078
3079
3083
3084
3085
3086
3087
3088
3089
3090
3091
3093
3095
3096
3097
3098
3099
3100
3101
3102
3103
3104
3105
3106
3111
3112
3113
3114
3115
3116
3117
3118
3119
3120
3121
3123
3124
3125
3126
3128
3129
3131
3134
3135
3136
3137
3138
3139
3140
3141
3142
3143
3144
3145
3146
3148
3150
3152
3153
3154
3155
3157
3158
3160
3161
3162
3164
3165
3166
3167
3168
3169
3171
3172
3174
3175
3176
3177
3178
3179
3182
3183
3184
3185
3187
3190
3191
3192
3193
3194
3195
3196
3197
3198
3200
3201
3202
3203
3204
3205
3206
3207
3209
3210
3211
3213
3215
3217
3218
3220
3222
3223
3224
3226
3228
3229
3231
3232
3234
3236
3238
3239
3241
3243
3244
3245
3248
3250
3251
3252
3253
3254
3255
3256
3257
3258
3260
3261
3262
3263
3264
3265
3266
3267
3269
3270
3271
3273
3275
3277
3278
3280
3282
3283
3284
3286
3288
3289
3291
3292
3294
3296
3298
3299
3301
3303
3304
3305
3308
3311
3312
3313
3314
3315
3316
3317
3318
3319
3320
3321
3323
3324
3328
3329
3330
3331
3332
3333
3334
3335
3337
3340
3341
3342
3343
3344
3345
3346
3347
3348
3350
3351
3352
3354
3355
3357
3358
3359
3360
3362
3364
3365
3366
3367
3368
3369
3370
3371
3372
3373
3374
3375
3376
3377
3380
3381
3382
3384
3385
3386
3387
3388
3389
3390
3391
3393
3394
3395
3396
3397
3398
3399
3400
3401
3402
3403
3404
3405
3406
3407
3408
3410
3411
3412
3413
3414
3415
3416
3417
3418
3420
3421
3422
3423
3425
3426
3427
3428
3429
3430
3432
3433
3436
3437
3438
3439
3440
3441
3443
3444
3446
3447
3448
3450
3451
3456
3457
3458
3459
3460
3461
3462
3463
3464
3465
3466
3467
3469
3471
3472
3473
3474
3475
3476
3477
3478
3481
3482
3483
3484
3485
3486
3487
3488
3489
3491
3493
3494
3495
3496
3497
3498
3499
3500
3502
3503
3505
3506
3509
3510
3511
3512
3513
3514
3515
3516
3518
3519
3521
3522
3525
3527
3528
3530
3531
3532
3533
3534
3535
3536
3538
3539
3541
3542
3544
3548
3549
3550
3551
3552
3553
3555
3557
3558
3559
3560
3561
3562
3563
3564
3566
3567
3568
3569
3570
3571
3572
3576
3577
3578
3579
3580
3582
3585
3586
3587
3588
3589
3590
3592
3593
3596
3597
3598
3599
3600
3601
3603
3604
3607
3608
3609
3610
3611
3612
3614
3615
3618
3619
3620
3621
3622
3623
3624
3626
3627
3628
3629
3630
3631
3632
3636
3638
3641
3643
3646
3647
3648
3649
3650
3651
3653
3654
3657
3658
3659
3660
3661
3662
3664
3665
3668
3669
3670
3671
3672
3673
3675
3676
3679
3680
3681
3682
3683
3684
3686
3687
3693
3694
3695
3696
3697
3698
3699
3700
3701
3702
3704
3705
3706
3707
3708
3709
3710
3712
3713
3714
3716
3717
3718
3719
3720
3721
3722
3723
3724
3725
3726
3727
3728
3729
3733
3734
3735
3736
3737
3738
3739
3740
3741
3743
3746
3747
3748
3749
3750
3751
3752
3753
3754
3756
3759
3760
3761
3762
3763
3764
3765
3766
3767
3768
3769
3770
3771
3772
3773
3774
3776
3777
3778
3779
3781
3782
3783
3784
3785
3786
3787
3789
3790
3791
3792
3793
3794
3795
3797
3799
3800
3802
3803
3804
3805
3806
3808
3809
3811
3812
3814
3815
3816
3820
3824
3825
3826
3827
3828
3829
3830
3831
3832
3833
3834
3835
3836
3838
3840
3841
3842
3845
3846
3847
3848
3849
3851
3853
3854
3855
3856
3857
3859
3860
3861
3862
3863
3865
3867
3868
3869
3870
3871
3872
3873
3874
3875
3876
3877
3878
3879
3884
3885
3886
3890
3891
3892
3893
3894
3895
3896
3897
3900
3901
3904
3907
3908
3909
3910
3912
3913
3914
3916
3917
3920
3921
3923
3924
3926
3927
3928
3929
3930
3931
3932
3934
3935
3936
3937
3938
3939
3940
3941
3943
3946
3947
3948
3949
3951
3954
3955
3956
3957
3959
3962
3963
3964
3965
3966
3969
3972
3973
3976
3977
3980
3981
3984
3986
3989
3990
3991
3992
3993
3994
3995
3996
3998
3999
4000
4001
4003
4005
4007
4012
4013
4014
4016
4019
4020
4021
4022
4023
4024
4025
4026
4027
4028
4029