1
3
5
6
7
8
9
10
12
14
15
16
17
18
20
22
24
25
26
27
28
29
30
31
33
34
35
37
38
39
40
41
42
43
45
47
49
50
51
52
53
55
56
58
60
61
62
63
64
65
66
67
68
70
71
72
73
75
76
77
78
80
81
82
84
85
86
87
88
89
90
91
92
93
94
95
97
99
100
102
104
105
106
107
108
110
111
112
113
114
115
117
118
119
121
122
123
125
126
127
128
130
132
133
134
135
137
138
139
140
141
142
143
144
145
146
147
148
150
151
152
154
155
156
158
160
162
163
164
165
167
169
170
171
172
174
175
176
177
178
179
180
181
182
183
185
187
188
189
190
192
193
194
196
197
199
200
201
202
204
205
206
208
210
212
213
214
215
216
217
218
219
220
221
222
223
225
226
227
228
229
231
233
234
235
236
237
238
239
240
241
242
243
244
247
248
249
250
251
252
253
254
255
256
260
263
265
266
268
269
270
272
273
274
276
279
281
285
286
287
288
290
292
294
295
297
299
300
301
302
304
305
306
307
308
309
311
312
316
317
318
319
320
321
322
323
324
325
326
327
328
329
330
331
332
334
335
336
337
338
339
340
341
342
343
344
345
346
350
351
352
353
356
357
361
362
363
364
365
366
368
369
370
371
373
374
375
376
377
378
379
382
383
384
385
386
387
389
390
391
392
396
397
398
399
400
401
402
403
405
409
410
412
413
414
416
419
421
425
426
427
428
429
430
432
433
434
435
437
438
439
440
441
442
443
444
446
447
450
451
454
457
458
459
460
461
462
464
465
468
469
470
471
472
473
476
477
478
479
480
481
482
483
485
488
489
490
491
494
495
496
497
498
499
500
501
505
506
507
508
509
510
512
513
517
518
519
520
524
525
526
527
531
532
534
535
537
539
540
541
544
545
547
549
551
555
557
558
559
561
563
564
566
567
568
569
570
571
572
573
574
576
577
579
580
582
583
585
587
591
592
593
595
597
598
600
601
602
603
604
605
606
607
608
610
611
613
614
616
617
619
621
625
626
627
629
631
632
634
635
636
637
638
639
640
641
642
644
645
647
648
650
651
653
655
659
660
661
663
665
666
668
669
670
671
672
673
674
675
676
678
679
681
682
684
685
687
689
693
694
695
697
699
700
702
703
704
705
706
707
708
709
710
712
713
715
716
718
719
721
723
727
728
729
731
733
734
736
737
738
739
740
741
742
743
744
746
747
749
750
752
753
755
757
761
762
763
765
767
768
770
771
772
773
774
775
776
777
778
780
781
783
784
786
787
789
791
795
796
797
798
800
802
803
805
806
807
808
809
810
811
812
813
815
816
818
819
821
823
827
828
829
832
834
835
837
838
839
840
841
842
843
844
846
847
849
850
852
854
858
859
860
862
864
865
867
868
869
870
871
872
874
875
877
878
880
882
886
887
888
890
892
893
895
896
897
898
900
901
902
903
904
905
906
907
908
909
910
912
913
915
917
919
923
924
925
927
929
930
932
933
934
935
936
937
939
940
942
943
945
947
951
952
953
955
957
958
960
961
962
963
965
966
967
968
969
970
971
972
973
974
975
977
978
980
982
984
988
989
990
992
994
995
997
998
999
1000
1001
1002
1004
1005
1007
1008
1010
1012
1016
1017
1018
1020
1022
1023
1025
1026
1027
1028
1030
1031
1032
1033
1034
1035
1036
1037
1038
1039
1040
1041
1042
1044
1045
1047
1049
1051
1055
1056
1057
1059
1061
1062
1064
1065
1066
1067
1068
1069
1071
1072
1074
1075
1077
1079
1083
1084
1085
1087
1089
1090
1092
1093
1094
1095
1096
1097
1099
1100
1102
1103
1105
1107
1111
1112
1113
1115
1117
1118
1121
1122
1124
1125
1126
1127
1128
1130
1131
1133
1134
1136
1138
1142
1143
1144
1146
1148
1149
1152
1153
1155
1156
1158
1159
1160
1161
1163
1164
1166
1167
1169
1171
1175
1176
1177
1178
1179
1180
1181
1182
1183
1184
1185
1186
1187
1190
1193
1194
1195
1197
1199
1200
1203
1204
1206
1207
1208
1209
1210
1211
1213
1214
1216
1217
1219
1221
1225
1226
1227
1229
1231
1232
1234
1235
1236
1237
1238
1239
1240
1242
1243
1245
1246
1248
1250
1254
1255
1256
1258
1260
1261
1263
1264
1265
1266
1267
1268
1269
1271
1272
1274
1275
1277
1279
1283
1284
1285
1287
1289
1290
1292
1293
1294
1295
1296
1298
1299
1301
1302
1304
1306
1310
1311
1312
1314
1316
1317
1319
1320
1321
1322
1323
1325
1326
1328
1329
1331
1333
1337
1338
1339
1341
1343
1344
1346
1347
1348
1350
1352
1354
1358
1359
1360
1361
1362
1363
1364
1365
1367
1368
1371
1372
1373
1375
1377
1378
1380
1381
1382
1383
1384
1385
1387
1388
1389
1391
1392
1394
1395
1397
1399
1403
1405
1406
1407
1408
1409
1410
1411
1412
1413
1414
1417
1418
1419
1420
1421
1422
1423
1426
1427
1428
1429
1430
1434
1435
1436
1437
1438
1442
1444
1445
1447
1448
1450
1452
1454
1458
1459
1461
1462
1464
1466
1468
1472
1473
1475
1476
1478
1480
1482
1486
1487
1489
1490
1492
1494
1496
1500
1501
1503
1504
1506
1508
1510
1514
1515
1517
1518
1520
1522
1524
1528
1529
1531
1532
1534
1536
1538
1542
1543
1544
1546
1547
1549
1551
1553
1557
1558
1560
1561
1563
1565
1567
1571
1572
1574
1575
1577
1579
1581
1585
1586
1588
1589
1591
1593
1595
1599
1600
1602
1603
1605
1607
1609
1613
1614
1616
1617
1619
1621
1623
1627
1628
1630
1631
1633
1635
1637
1641
1642
1644
1645
1647
1649
1651
1655
1656
1658
1659
1661
1663
1665
1669
1670
1672
1673
1675
1677
1679
1683
1684
1686
1687
1689
1691
1693
1697
1698
1700
1701
1703
1705
1707
1711
1712
1713
1715
1716
1718
1720
1722
1726
1727
1729
1730
1732
1734
1736
1740
1741
1743
1744
1746
1748
1750
1754
1755
1757
1758
1760
1762
1764
1768
1769
1771
1772
1774
1776
1778
1782
1783
1785
1786
1788
1790
1792
1796
1797
1799
1800
1802
1804
1806
1810
1811
1813
1814
1816
1818
1820
1824
1826
1827
1828
1829
1830
1831
1832
1833
1834
1835
1836
1837
1838
1839
1840
1841
1843
1844
1846
1849
1850
1851
1852
1853
1854
1855
1856
1857
1858
1859
1860
1862
1863
1864
1865
1867
1871
1872
1873
1876
1877
1879
1880
1881
1883
1884
1885
1887
1888
1890
1891
1893
1896
1898
1902
1903
1905
1906
1908
1909
1910
1912
1914
1916
1920
1921
1922
1923
1927
1928
1930
1931
1932
1934
1935
1936
1938
1941
1943
1947
1948
1949
1950
1953
1955
1956
1958
1959
1961
1962
1963
1964
1965
1966
1968
1970
1972
1976
1977
1978
1979
1980
1982
1986
1987
1989
1990
1992
1993
1994
1995
1996
1997
1999
2001
2003
2007
2008
2009
2010
2011
2012
2013
2014
2015
2019
2020
2022
2023
2025
2026
2027
2028
2029
2030
2031
2033
2035
2037
2041
2042
2043
2045
2048
2049
2051
2052
2054
2055
2056
2057
2058
2059
2061
2063
2065
2069
2070
2071
2072
2073
2074
2078
2079
2081
2082
2083
2085
2086
2087
2088
2091
2093
2097
2099
2100
2102
2104
2105
2106
2107
2108
2109
2110
2112
2113
2114
2115
2116
2119
2120
2122
2123
2124
2126
2127
2128
2129
2132
2134
2138
2139
2140
2142
2144
2145
2146
2147
2148
2149
2150
2152
2153
2154
2155
2156
2159
2160
2162
2163
2164
2166
2167
2168
2170
2173
2175
2179
2180
2181
2182
2184
2186
2188
2189
2191
2192
2194
2195
2196
2197
2198
2199
2200
2201
2204
2205
2206
2207
2208
2211
2214
2215
2217
2218
2219
2221
2222
2223
2225
2228
2230
2234
2235
2236
2237
2239
2241
2243
2244
2246
2247
2249
2250
2251
2253
2254
2255
2256
2260
2261
2262
2263
2264
2265
2266
2269
2270
2271
2272
2273
2276
2279
2280
2282
2283
2284
2286
2287
2288
2290
2293
2295
2299
2300
2301
2302
2303
2304
2305
2307
2308
2309
2310
2311
2312
2313
2314
2316
2318
2319
2320
2323
2324
2325
2326
2328
2331
2332
2334
2335
2336
2338
2339
2340
2342
2345
2347
2351
2352
2353
2354
2356
2358
2360
2361
2363
2364
2366
2367
2368
2369
2370
2371
2372
2373
2374
2375
2376
2380
2381
2382
2384
2385
2386
2387
2389
2392
2393
2394
2395
2396
2397
2398
2401
2402
2403
2404
2406
2407
2409
2410
2413
2416
2417
2419
2420
2421
2423
2424
2425
2427
2430
2432
2436
2437
2438
2439
2441
2443
2445
2446
2448
2450
2451
2452
2453
2456
2457
2458
2459
2460
2461
2462
2463
2464
2465
2466
2467
2468
2469
2472
2475
2476
2477
2478
2479
2480
2481
2482
2483
2484
2487
2488
2489
2490
2491
2492
2493
2496
2498
2500
2501
2503
2504
2505
2506
2507
2508
2509
2510
2511
2514
2515
2516
2517
2518
2519
2520
2521
2522
2523
2524
2525
2526
2528
2529
2531
2534
2535
2536
2537
2540
2543
2544
2546
2547
2548
2550
2551
2552
2554
2557
2559
2563
2564
2565
2566
2568
2570
2572
2573
2575
2577
2578
2580
2581
2582
2583
2584
2585
2588
2589
2590
2591
2592
2593
2595
2596
2597
2600
2601
2602
2604
2605
2608
2609
2611
2612
2613
2615
2616
2618
2619
2620
2621
2622
2623
2624
2625
2626
2627
2631
2633
2637
2638
2640
2641
2642
2644
2646
2648
2652
2653
2655
2656
2657
2659
2660
2661
2662
2663
2665
2668
2670
2674
2675
2677
2678
2680
2681
2683
2685
2689
2690
2692
2693
2695
2696
2698
2700
2704
2705
2707
2708
2710
2711
2713
2715
2719
2721
2722
2724
2725
2727
2729
2730
2732
2734
2736
2740
2741
2743
2744
2746
2748
2749
2751
2752
2754
2756
2758
2762
2763
2765
2766
2768
2769
2770
2772
2773
2775
2777
2779
2783
2785
2786
2788
2789
2790
2792
2793
2794
2795
2796
2798
2801
2803
2807
2808
2810
2811
2812
2814
2815
2818
2820
2824
2825
2827
2828
2829
2831
2832
2835
2837
2841
2842
2844
2845
2846
2848
2849
2852
2854
2858
2859
2861
2862
2863
2865
2866
2869
2871
2875
2876
2878
2879
2880
2882
2883
2886
2888
2892
2893
2895
2896
2897
2899
2900
2903
2905
2909
2910
2912
2913
2914
2916
2917
2920
2922
2926
2927
2929
2930
2931
2933
2934
2937
2939
2943
2944
2946
2947
2948
2950
2951
2954
2956
2960
2961
2963
2964
2965
2967
2968
2971
2973
2977
2978
2980
2981
2982
2984
2985
2988
2990
2994
2995
2997
2998
2999
3001
3002
3005
3007
3011
3012
3014
3015
3016
3018
3019
3022
3024
3028
3029
3030
3031
3033
3034
3035
3037
3038
3041
3043
3047
3048
3049
3050
3052
3053
3054
3056
3057
3060
3062
3066
3067
3068
3069
3071
3072
3073
3075
3076
3079
3081
3085
3086
3088
3089
3090
3092
3093
3096
3098
3102
3103
3105
3106
3107
3109
3110
3113
3115
3119
3120
3121
3124
3125
3126
3129
3131
3132
3134
3135
3137
3139
3141
3145
3146
3148
3149
3151
3153
3155
3159
3160
3162
3163
3165
3167
3169
3173
3174
3176
3177
3179
3181
3183
3187
3188
3190
3191
3193
3195
3197
3201
3202
3204
3205
3207
3209
3211
3215
3216
3218
3219
3221
3223
3225
3229
3230
3232
3233
3235
3237
3239
3243
3244
3246
3247
3249
3251
3253
3257
3258
3260
3261
3263
3265
3267
3271
3272
3274
3275
3277
3279
3281
3285
3286
3288
3289
3291
3293
3295
3299
3300
3302
3303
3305
3307
3309
3313
3314
3316
3317
3319
3321
3323
3327
3328
3329
3330
3332
3333
3335
3337
3339
3343
3344
3345
3346
3348
3349
3351
3353
3355
3359
3360
3361
3362
3364
3365
3367
3369
3371
3375
3376
3378
3379
3381
3383
3385
3389
3390
3392
3393
3395
3397
3399
3403
3404
3405
3408
3409
3410
3413
3415
3416
3418
3419
3420
3422
3425
3427
3431
3432
3433
3434
3435
3436
3439
3440
3441
3442
3445
3446
3447
3448
3449
3451
3452
3453
3454
3455
3456
3457
3458
3460
3461
3462
3463
3464
3465
3466
3467
3472
3473
3474
3475
3479
3480
3482
3483
3484
3486
3487
3488
3489
3490
3491
3495
3497
3501
3502
3503
3505
3507
3508
3509
3512
3513
3514
3515
3517
3518
3519
3520
3523
3524
3525
3526
3527
3528
3529
3530
3533
3534
3536
3537
3538
3539
3540
3542
3543
3544
3545
3546
3547
3548
3549
3550
3552
3553
3554
3555
3556
3557
3558
3559
3560
3561
3562
3563
3564
3565
3568
3569
3570
3571
3576
3577
3578
3579
3580
3581
3582
3583
3584
3585
3587
3588
3591
3592
3593
3594
3595
3599
3602
3603
3605
3606
3607
3609
3610
3611
3612
3613
3616
3618
3622
3623
3625
3627
3628
3630
3631
3632
3635
3636
3639
3640
3641
3642
3643
3644
3647
3648
3649
3650
3652
3653
3654
3655
3656
3661
3662
3664
3665
3666
3668
3671
3673
3677
3678
3679
3680
3681
3682
3683
3686
3687
3688
3689
3690
3691
3692
3695
3700
3701
3703
3704
3705
3707
3708
3709
3710
3711
3714
3715
3716
3717
3718
3719
3722
3724
3728
3729
3731
3732
3733
3735
3736
3738
3740
3741
3742
3745
3747
3751
3752
3754
3755
3756
3758
3759
3761
3764
3766
3770
3771
3772
3773
3774
3775
3776
3777
3778
3779
3780
3781
3782
3784
3786
3787
3788
3789
3792
3796
3797
3798
3799
3800
3801
3802
3803
3804
3805
3806
3807
3808
3809
3810
3812
3813
3815
3816
3817
3818
3823
3825
3826
3829
3830
3833
3834
3837
3838
3841
3842
3843
3844
3845
3846
3847
3848
3849
3850
3851
3852
3853
3854
3855
3856
3857
3858
3859
3861
3862
3863
3864
3865
3866
3867
3868
3873
3874
3875
3876
3877
3878
3879
3880
3881
3882
3883
3884
3885
3886
3887
3888
3889
3890
3891
3892
3893
3897
3898
3899
3900
3901
3902
3903
3904
3905
3906
3907
3908
3909
3910
3911
3912
3913
3914
3915
3916
3917
3918
3919
3921
3922
3923
3924
3925
3926
3927
3928
3933
3934
3935
3936
3937
3938
3939
3940
3941
3942
3943
3944
3945
3946
3947
3948
3949
3950
3951
3952
3953
3954
3955
3956
3957
3961
3962
3965
3966
3969
3970
3972
3973
3975
3976
3977
3978
3979
3980
3981
3982
3984
3986
3988
3989
3990
3991
3992
3993
3995
3996
3997
3999
4000
4001
4002
4003
4007
4008
4010
4011
4013
4014
4015
4016
4017
4018
4019
4020
4021
4024
4025
4026
4027
4030
4031
4032
4033
4037
4039
4040
4042
4043
4044
4045
4046
4047
4050
4051
4052
4054
4056
4059
4060
4062
4063
4064
4065
4066
4069
4070
4071
4072
4075
4077
4078
4079
4082
4084
4088
4089
4091
4092
4093
4094
4097
4098
4099
4100
4101
4105
4106
4107
4108
4109
4111
4112
4115
4117
4118
4119
4122
4124
4125
4127
4130
4131
4133
4134
4136
4137
4138
4139
4140
4141
4142
4143
4146
4147
4148
4149
4152
4153
4154
4155
4158
4160
4161
4163
4164
4165
4166
4167
4168
4171
4172
4173
4175
4177
4180
4181
4183
4185
4186
4187
4188
4191
4192
4195
4197
4198
4201
4203
4204
4205
4207
4208
4209
4211
4213
4215
4219
4220
4221
4222
4223
4224
4225
4226
4229
4230
4231
4232
4233
4234
4237
4238
4239
4240
4241
4242
4243
4246
4247
4250
4251
4254
4255
4258
4259
4262
4263
4264
4267
4268
4269
4270
4271
4272
4273
4274
4275
4276
4279
4280
4282
4283
4284
4285
4286
4287
4288
4289
4291
4293
4297
4298
4300
4301
4302
4303
4304
4305
4307
4309
4313
4314
4316
4317
4318
4319
4320
4321
4322
4323
4324
4325
4326
4327
4328
4329
4332
4334
4338
4339
4342
4343
4344
4347
4348
4349
4352
4354
4356
4357
4358
4359
4363
4364
4365
4366
4367
4368
4369
4370
4371
4372
4373
4377
4378
4379
4380
4381
4382
4383
4384
4385
4388
4389
4390
4392
4393
4394
4395
4396
4397
4398
4399
4400
4406
4407
4408
4409
4410
4411
4412
4415
4416
4417
4418
4419
4420
4421
4422
4423
4424
4425
4426
4427
4428
4429
4433
4434
4435
4436
4437
4440
4441
4444
4445
4446
4447
4448
4451
4452
4453
4455
4456
4457
4458
4459
4460
4461
4463
4466
4467
4468
4469
4470
4474
4475
4476
4477
4478
4479
4480
4484
4485
4486
4487
4488
4489
4493
4494
4497
4498
4499
4501
4502
4505
4506
4509
4510
4511
4512
4513
4514
4515
4516
4517
4518
4519
4521
4522
4524
4525
4527
4528
4529
4530
4532
4533
4534
4535
4536
4537
4539
4540
4541
4542
4544
4547
4548
4549
4551
4554
4555
4556
4558
4559
4560
4562
4563
4564
4565
4567
4568
4569
4571
4572
4574
4575
4578
4580
4582
4584
4585
4588
4591
4592
4594
4595
4597
4598
4601
4604
4605
4606
4607
4608
4609
4610
4611
4612
4613
4614
4615
4616
4617
4618
4619
4620
4621
4623
4624
4625
4628
4629
4630
4632
4633
4634
4635
4637
4638
4639
4641
4644
4645
4646
4647
4648
4649
4651
4652
4655
4656
4659
4660
4661
4663
4664
4665
4666
4667
4671
4672
4673
4675
4676
4677
4679
4680
4681
4685
4686
4687
4689
4690
4691
4694
4695
4696
4697
4699
4700
4702
4703
4705
4706
4710
4711
4712
4713
4716
4717
4718
4723
4724
4727
4728
4729
4730
4733
4734
4735
4737
4738
4739
4741
4742
4743
4746
4747
4748
4751
4752
4753
4754
4757
4758
4759
4760
4761
4765
4766
4767
4768
4769
4770
4771
4775
4776
4777
4778
4779
4780
4784
4785
4786
4787
4792
4793
4794
4795
4796
4801
4802
4803
4804
4808
4809
4810
4811
4815
4816
4817
4819
4822
4823
4824
4825
4826
4827
4828
4829
4831
4832
4833
4834
4835
4837
4838
4840
4841
4842
4843
4844
4845
4846
4847
4849
4850
4854
4855
4856
4857
4858
4859
4860
4862
4863
4864
4865
4866
4870
4871
4872
4873
4875
4876
4877
4881
4882
4883
4884
4885
4886
4887
4888
4889
4890
4893
4894
4895
4896
4897
4898
4899
4900
4901
4902
4904
4905
4906
4907
4909
4910
4915
4916
4917
4918
4919
4921
4922
4923
4924
4925
4930
4931
4932
4933
4934
4937
4938
4939
4940
4941
4942
4946
4947
4948
4949
4950
4951
4952
4953
4954
4955
4957
4959
4961
4962
4963
4964
4965
4966
4969
4971
4972
4973
4976
4978
4979
4980
4983
4984
4985
4986
4990
4991
4992
4993
4994
4996
4997
4998
4999
5000
5001
5003
5004
5005
5007
5008
5009
5012
5013
5014
5015
5016
5017
5018
5019
5020
5021
5023
5024
5025
5026
5027
5028
5029
5030
5031
5032
5033
5034
5035
5038
5039
5040
5041
5043
5044
5045
5046
5047
5048
5049
5051
5052
5053
5054
5055
5058
5061
5063
5064
5065
5066
5067
5068
5069
5072
5073
5074
5076
5077
5080
5081
5082
5083
5084
5087
5088
5089
5090
5092
5093
5094
5095
5096
5097
5098
5099
5101
5102
5103
5104
5105
5106
5108
5109
5110
5111
5112
5114
5115
5116
5118
5119
5120
5121
5124
5125
5126
5127
5128
5131
5134
5136
5137
5138
5139
5140
5141
5142
5145
5146
5147
5148
5149
5151
5154
5155
5156
5157
5158
5159
5160
5161
5162
5163
5164
5165
5166
5167
5168
5169
5173
5174
5175
5176
5177
5178
5179
5180
5183
5184
5186
5187
5188
5189
5190
5191
5192
5193
5194
5195
5196
5198
5201
5202
5203
5205
5206
5209
5210
5211
5212
5213
5216
5217
5218
5219
5220
5221
5222
5225
5226
5228
5229
5230
5231
5232
5233
5234
5235
5237
5240
5241
5242
5244
5245
5248
5249
5250
5251
5254
5255
5256
5258
5259
5260
5261
5262
5263
5266
5267
5268
5270
5271
5274
5275
5276
5277
5278
5281
5282
5283
5284
5285
5286
5287
5288
5289
5290
5291
5292
5293
5294
5295
5296
5297
5299
5301
5303
5304
5305
5306
5307
5310
5311
5312
5313
5314
5316
5319
5320
5321
5322
5323
5325
5326
5329
5330
5331
5332
5333
5336
5338
5339
5340
5341
5343
5346
5347
5348
5351
5352
5353
5356
5357
5359
5362
5363
5364
5365
5366
5367
5368
5370
5372
5373
5374
5376
5378
5380
5382
5384
5386
5387
5388
5389
5390
5391
5392
5393
5395
5396
5399
5400
5403
5404
5405
5406
5407
5408
5409
5413
5414
5417
5418
5419
5420
5421
5424
5425
5426
5427
5428
5429
5430
5433
5436
5437
5438
5439
5440
5443
5444
5445
5446
5452
5454
5455
5458
5459
5462
5464
5466
5471
5473
5474
5475
5477
5478
5479
5480
5483
5489
5491
5492
5493
5496
5501
5503
5504
5505
5508
5509
5510
5512
5518
5520
5521
5522
5525
5527
5528
5529
5530
5531
5532
5533
5534
5535
5536
5537
5539
5540
5541
5542
5544
5545
5546
5548
5551
5552
5553
5554
5555
5556
5557
5558
5559
5560
5561
5562
5564
5565
5566
5568
5571
5572
5573
5574
5575
5576
5577
5578
5579
5580
5581
5582
5583
5584
5585
5586
5587
5588
5589
5590
5591
5592
5593
5595
5596
5597
5598
5599
5600
5602
5603
5604
5609
5610
5611
5612
5613
5614
5615
5616
5617
5618
5619
5620
5621
5622
5623
5624
5625
5626
5627
5628
5629
5630
5631
5632
5633
5636
5637
5638
5639
5640
5641
5642
5643
5644
5645
5646
5647
5648
5649
5650
5651
5652
5653
5654
5655
5656
5657
5658
5660
5661
5662
5663
5664
5665
5666
5667
5668
5673
5674
5675
5676
5677
5678
5679
5680
5681
5682
5683
5684
5685
5686
5687
5688
5689
5690
5691
5692
5693
5694
5695
5696
5697
5701
5702
5703
5704
5705
5706
5707
5708
5709
5710
5711
5712
5713
5714
5715
5716
5717
5718
5719
5720
5721
5722
5723
5725
5726
5727
5728
5729
5730
5731
5732
5737
5738
5739
5740
5741
5742
5743
5744
5745
5746
5747
5748
5749
5750
5751
5752
5753
5754
5755
5756
5757
5758
5759
5760
5762
5763
5764
5765
5766
5767
5768
5769
5774
5775
5776
5777
5778
5779
5780
5781
5782
5783
5784
5785
5786
5787
5788
5789
5790
5791
5792
5793
5794
5795
5796
5797
5798
5801
5802
5803
5804
5805
5806
5807
5808
5809
5810
5811
5812
5813
5814
5815
5816
5817
5818
5819
5820
5821
5822
5823
5824
5825
5826
5828
5829
5830
5831
5832
5833
5834
5835
5840
5841
5842
5843
5844
5845
5846
5847
5848
5849
5850
5851
5852
5853
5854
5855
5856
5857
5858
5859
5860
5861
5862
5863
5864
5868
5869
5870
5871
5872
5873
5874
5875
5876
5877
5878
5879
5880
5881
5882
5883
5884
5885
5886
5887
5888
5890
5891
5895
5896
5897
5898
5899
5900
5901
5902
5903
5904
5905
5906
5907
5908
5909
5910
5911
5912
5913
5914
5915
5916
5917
5918
5919
5923
5924
5925
5926
5927
5928
5929
5930
5931
5932
5933
5934
5935
5936
5937
5938
5939
5940
5941
5942
5943
5945
5946
5950
5951
5952
5953
5954
5955
5956
5957
5958
5959
5960
5961
5962
5963
5964
5965
5966
5967
5968
5969
5970
5971
5972
5973
5974
5978
5979
5980
5981
5982
5983
5984
5985
5986
5987
5988
5989
5990
5991
5992
5993
5994
5995
5996
5997
5998
5999
6000
6001
6002
6006
6007
6008
6009
6010
6011
6012
6013
6014
6015
6016
6017
6018
6019
6020
6021
6022
6023
6024
6025
6026
6028
6029
6033
6034
6035
6036
6037
6038
6039
6040
6041
6042
6043
6044
6045
6046
6047
6048
6049
6050
6051
6052
6053
6054
6055
6056
6057
6058
6059
6060
6064
6065
6066
6067
6068
6069
6070
6071
6072
6073
6074
6075
6076
6077
6078
6079
6080
6081
6082
6083
6084
6085
6086
6087
6088
6089
6090
6091
6092
6093
6095
6096
6097
6098
6099
6100
6101
6102
6107
6108
6109
6110
6111
6112
6113
6114
6115
6116
6117
6118
6119
6120
6121
6122
6123
6124
6125
6126
6127
6128
6129
6130
6131
6132
6134
6135
6136
6137
6138
6139
6143
6144
6145
6146
6147
6148
6149
6150
6151
6152
6153
6154
6155
6156
6157
6158
6159
6160
6161
6162
6163
6164
6166
6167
6168
6169
6170
6171
6172
6173
6178
6179
6180
6181
6182
6183
6184
6185
6186
6187
6188
6189
6190
6191
6192
6193
6194
6195
6196
6197
6198
6199
6203
6204
6205
6206
6207
6208
6209
6210
6211
6212
6213
6214
6217
6218
6219
6220
6221
6222
6223
6224
6225
6226
6229
6230
6231
6232
6233
6234
6235
6236
6237
6238
6239
6242
6243
6244
6245
6246
6247
6248
6249
6250