1
3
5
6
7
8
9
10
12
14
15
16
17
18
20
22
24
25
27
29
30
31
33
34
36
37
38
39
40
41
42
43
44
45
46
49
50
51
52
53
54
55
56
57
58
59
60
61
63
64
65
66
67
68
69
70
72
73
74
75
79
80
81
84
85
86
87
88
89
90
91
92
93
95
96
97
98
99
100
101
102
105
106
107
108
109
110
111
112
114
117
118
119
120
121
122
124
127
128
129
130
131
132
133
134
135
136
137
139
142
143
144
145
146
147
148
149
150
151
152
154
157
158
159
160
161
162
163
164
166
169
171
174
176
179
181
182
183
184
185
186
187
188
189
190
191
192
193
195
196
197
198
199
200
201
202
203
204
207
208
209
210
211
212
213
214
215
216
218
219
220
221
222
223
224
225
228
229
230
231
232
233
235
237
239
240
241
242
244
246