1
3
5
6
7
8
9
10
12
14
15
16
17
18
20
22
24
26
27
28
29
30
31
32
33
34
35
36
37
38
39
40
41
42
44
45
47
48
49
50
51
52
54
55
56
57
58
59
61
63
64
65
68
69
70
73
74
76
77
78
79
80
82
84
85
86
87
88
91
92
93
96
97
98
99
100
101
102
103
105
106
107
108
109
110
113
114
115
117
118
119
120
121
123
126
127
128
129
131
132
133
134
135
136
137
138
139
140
141
142
143
144
145
146
147
148
149
151
152
154
156
158
160
164
165
166
167
168
169
170
173
175
176
177
178
179
180
181
185
186
187
190
191
194
195
196
197
201
202
205
207
209
210
211
212
213
214
215
216
217
219
220
221
222
227
228
229
230
231
232
233
235
236
238
242
243
244
246
247
248
249
252
254
255
257
258
259
261
262
264
265
267
268
270
274
276
278
279
280
282
284
286
288
291
293
295
299
300
301
302
303
305
307
309
311
312
313
314
316
317
319
321
323
326
327
331
332
333
334
335
336
337
338
339
340
341
342
343
344
345
346
347
348
349
350
351
352
353
354
355
356
357
358
359
360
361
362
363
364
367
369
371
372
374
375
376
378
379
381
382
384
385
387
392
394
396
397
399
400
401
403
404
406
407
409
410
412
415
418
420
421
422
425
426
427
428
429
430
431
432
433
434
436
438
440
443
445
449
451
452
453
454
455
457
460
462
464
468
469
470
471
472
473
474
475
476
477
478
479
480
481
482
483
484
485
487
488
489
491
493
494
497
499
500
501
502
503
504
505
506
510
512
515
517
518
519
521
523
524
525
529
531
532
534
537
538
539
540
541
542
543
544
545
546
547
548
549
550
551
552
553
554
555
557
558
559
560
562
563
566
567
570
571
574
576
578
580
582
586
588
590
592
594
598
599
600
601
602
603
604
605
608
609
610
612
614
616
618
619
620
623
626
628