1
3
5
6
7
8
9
10
12
14
15
16
17
18
20
22
24
25
27
28
29
30
31
32
33
34
35
36
37
38
39
40
41
42
43
44
45
46
47
49
50
51
52
53
54
55
56
58
59
60
61
62
64
65
66
68
70
71
72
73
75
76
78
79
80
81
82
83
84
85
86
87
88
89
90
91
92
93
94
96
97
98
101
102
103
104
105
106
107
108
109
110
111
112
113
114
115
117
120
121
122
123
124
125
126
127
128
129
130
131
132
133
134
135
136
137
138
139
141
142
143
145
146
150
151
152
153
154
155
156
157
158
159
160
161
162
163
164
165
166
168
170
171
172
173
174
176
177
178
180
182
183
184
185
186
187
188
189
190
191
192
193
194
195
197
199
203
205
207
209
210
212
215
217
222
223
225
226
227
228
229
230
231
233
234
236
238
239
240
241
242
243
247
248
249
250
253
254
256
257
258
259
260
261
264
265
266
267
268
269
270
273
274
275
278
282
283
284
285
287
289
290
292
294
296
297
299
300
303
304
305
306
307
308
310
311
312
313
314
315
316
317
318
319
320
321
322
323
324
325
327
329
333
334
335
336
337
339
341
343
345
348
349
350
351
352
353
354
356
359
361
363
365
367
371
373
374
375
376
378
379
382
384
385
386
387
388
390
391
393
398
399
400
401
402
403
405
406
407
409
411
412
415
418
420
421
423
424
428
431
432
433
434
435
437
438
439
442
443
444
445
446
447
449
451
453
454
455
456
458
459
460
461
462
463
464
466
467
468
469
470
471
472
473
474
476
479
480
481
482
483
484
485
486
487
488
489
491
493
494
495
496
497
499
500
501
503
506
507
508
509
510
511
512
513
514
515
516
518
520
521
523
524
525
526
527
528
529
532
534
536
537
538
539
540
542
543
544
545
547
549
550
551
552
553
554
555
556
557
560
561
563
564
565
566
569
571
572
574
576
578
582
585
586
587
588
589
590
591
592
593
594
595
596
597
599
600
601
602
603
604
605
606
607
609
610
611
612
614
615
617
619
621
622
623
624
625
626
627
628
629
630
631
633
634
635
636
637
638
639
640
641
642
644
645
646
647
648
649
650
651
653
654
656
659
660
662
663
664
665
666
667
669
671
672
673
674
675
676
677
678
679
680
682
684
685
686
688
689
690
692
693
695
698
699
700
701
702
703
704
705
706
708
709
710
712
713
715
717
718
720
721
722
724
726
728
729
732
734
735
736
738
739
742
743
744
746
747
748
751
756
758
759
760
761
762
763
764
765
767
768
769
773
775
777
779
781
782
783
784
785
786
788
790
793
794
795
796
802
804
806
808
809
810
817
819
821
822
823
824
825
826
827
828
829
831
832
834
835
836
837
838
839
840
841
843
844
846
847
848
849
850
851
853
854
857
858
859
860
861
862
863
865
866
867
868
869
871
873
876
877
878
879
880
881
882
883
885
886
887
888
890
892
893
900
903
904
905
906
907
908
910
911
913
914
915
916
918
920
923
924
926
927
928
929
930
932
933
934
936
940
942
947
948
949
950
951
952
954
955
957
958
959
960
962
964
967
968
970
971
972
973
974
976
977
978
980
984
986
993
995
996
997
999
1001
1002
1003
1004
1005
1007
1008
1010
1011
1012
1013
1014
1016
1017
1018
1020
1021
1023
1024
1025
1026
1028
1031
1033
1034
1038
1040
1042
1046
1047
1048
1049
1050
1051
1053
1055
1056
1058
1059
1062
1064
1065
1068
1069
1071
1072
1073
1075
1077
1080
1082
1085
1087
1088
1091
1093
1096
1098