1
3
5
6
7
8
9
10
12
14
15
16
17
18
20
22
25
26
27
28
29
30
31
32
33
34
37
39
40
41
43
44
45
46
47
48
49
50
51
52
53
54
55
56
57
58
60
61
62
63
64
65
67
69
70
71
72
73
76
77
79
80
82
83
84
85
86
87
89
90
91
93
95
97
98
100
102
106
108
109
111
112
114
115
116
117
118
119
120
121
122
125
126
128
129
131
132
133
134
135
136
137
138
140
141
142
145
146
147
148
151
153
155
156
158
159
160
161
162
163
164
168
169
170
172
173
174
176
177
179
180
181
182
183
184
187
188
189
191
192
195
196
197
198
199
200
201
202
205
206
207
208
209
210
211
212
216
217
218
220
221
222
223
225
226
228
230
234
235
236
237
238
239
240
241
242
243
245
247
249
251
252
253
254
256
257
258