1
3
5
6
7
8
9
10
12
14
15
16
17
18
20
22
24
26
27
28
29
30
31
32
33
34
35
36
37
38
39
40
41
42
43
44
45
46
47
49
50
51
52
53
54
55
56
57
58
59
60
62
63
64
66
67
68
70
71
72
73
74
75
77
78
80
81
82
83
85
86
88
90
91
92
95
96
98
99
100
101
102
103
105
106
108
109
112
113
114
115
116
117
118
119
122
123
124
125
127
128
129
130
132
134
137
138
139
140
141
142
143
144
145
146
147
148
149
150
151
152
154
155
156
157
158
161
162
163
164
165
166
167
168
169
170
171
172
173
174
175
176
177
178
180
181
182
183
184
187
188
189
190
191
192
193
194
195
196
197
199
200
201
202
203
206
207
208
209
210
211
212
213
214
215
216
218
219
220
221
222
225
226
227
228
229
230
231
232
233
235
236
237
238
239
242
243
244
245
246
247
248
249
250
251
252
254
255
256
257
258
261
262
263
264
265
266
267
268
269
270
271
273
274
275
276
277
280
281
282
283
284
285
286
287
288
289
290
292
293
294
295
296
299
300
301
302
303
304
309
310
311
312
313
314
315
316
318
321
322
323
324
325
326
327
328
329
330
332
335
336
337
338
339
340
342
343
345
347
348
349
350
351
352
353
354
355
356
357
358
359
360
361
362
363
365
367
368
369
371
372
374
375
377
378
380
381
383
384
387
390
391
392
393
394
396
398
400
402
404
406
409
411
412
415
416
417
418
419
420
421
424
428
429
430
431
432
433
435
438
439
440
441
442
443
445
447
449
451
455
456
457
458
459
460
462
464
466
468
472
473
474
475
476
477
478
479
480
482
483
484
487
488
489
490
491
492
493
494
495
497
498
501
502
503
504
506
508
511
514
515
516
517
519
520
523
524
526
527
528
529
532
534
535
536
537
538
539
540
542
544
546
548
552
553
554
555
556
557
558
559
560
561
562
563
565
566
567
568
570
572
574
576
578
579
580
581
582
583
585
586
587
588
589
590
591
593
594
596
602
603
604
605
606
607
608
609
610
611
612
614
615
616
617
618
620
622
624
626
627
628
629
630
631
632
633
634
636
637
638
639
640
641
643
644
646
648
650
652
653
654
655
656
659
662
664
665
666
667
668
669
670
671
676
677
678
679
680
681
683
684
685
686
688
689
691
693
695
698
699
700
702
703
705
707
709
711
712
714
719
720
721
722
723
724
725
726
727
728
730
731
733
735
737
738
739
740
745
746
747
748
749
750
752
755
756