1
3
5
6
7
8
9
10
12
14
15
16
17
18
20
22
24
26
28
29
31
33
35
36
37
38
40
42
43
45
46
47
49
50
51
53
54
55
56
57
58
59
60
61
62
63
64
65
66
67
68
69
70
71
72
73
74
75
76
77
78
79
82
83
84
85
88
89
90
91
92
93
94
96
97
98
99
102
103
104
105
107
108
109
112
113
114
115
117
118
119
122
123
124
125
127
128
129
132
133
134
135
137
138
139
142
144
145
148
149
150
151
153
155
156
157
159
162
164
165
166
167
170
172
173
174
175
176
180
181
182
183
184
186
189
190
193
195
198
199
201
204
205
206
208
209
211
212
213
214
217
218
219
220
221
223
226
229
230
231
233
236
237
239
240
243
244
246
247
250
251
252
253
255
257
258
262
263
265
267
269
271
272
273
274
275
276
279
280
281
283
284
286
288
289
291
292
294
295
296
300
301
302
303
305
308
309
310
311
312
313
314
315
316
318
319
320
321
322
323
325
326
328
329
330
332
333
334
337
339
340
341
343
344
345
346
347
349
350
351
353
354
355
357
358
359
360
361
364
366
369
370
372
373
376
378
379
382
383
384
385
386
388
390
391
393
395
396
397
398
399
400
402
403
407
408
409
410
412
413
416
417
418
419
421
422
425
427
428
431
433
434
437
439
440
442
444
445
448
451
452
453
454
456
457
459
460
461
462
466
467
468
469
470
472
473
477
478
479
481
482
484
488
489
490
492
493
494
495
496
497
498
499
500
501
502
503
505
506
507
509
510
511
514
515
516
517
518
519
520
521
522
523
524
525
526
528
529
530
532
533
534
537
538
539
540
541
542
543
544
545
546
547
548
550
551
552
554
555
556
559
560
561
562
563
564
565
566
567
568
569
570
572
573
574
576
577
578
581
582
583
584
585
586
587
588
589
590
591
592
594
595
596
598
599
600
603
604
605
606
607
608
609
610
611
612
613
614
616
617
618
620
621
622
625
626
627
628
629
630
631
632
633
634
635
636
638
639
640
641
643
645
648
650
651
654
655
656
657
659
662
663
664
665
666
667
668
669
670
671
672
673
675
676
677
678
680
682
685
687
688
691
692
693
694
695
698
699
700
701
702
703
704
705
706
707
708
709
711
712
713
714
716
718
721
723
724
727
728
729
730
731
732
735
736
739
740
741
742
743
744
745
746
747
748
749
750
752
753
754
755
757
759
762
764
765
768
769
770
771
773
775
777
780
781
783
785
788
789
790
793
794
797
798
799
800
801
802
803
804
805
806
808
809
811
813
815
818
820
821
824
825
826
827
828
829
831
832
835
836
837
838
839
840
842
844
847
848
849
851
853
854
855
856
859
860
861
862
864
865
867
868
869
870
871
872
873
874
875
876
877
878
879
880
881
883
886
889
890
891
892
894
896
898
901
902
903
904
905