1
3
5
6
7
8
9
10
12
14
15
16
17
18
20
22
24
26
27
28
29
30
31
32
33
34
35
36
37
39
40
42
44
46
47
49
50
52
54
55
57
59
61
63
64
65
67
68
69
71
72
73
74
75
76
77
78
79
80
82
84
85
86
87
89
90
91
92
94
95
96
97
99
100
101
102
104
105
106
107
109
111
113
115
117
118
119
120
122
123
124
125
126
127
128
129
130
131
132
133
135
136
137
138
139
140
141
142
144
145
146
147
148
149
151
152
153
154
155
156
157
159
160
164
165
166
168
169
170
171
172
173
174
175
177
178
179
180
181
182
183
184
185
186
188
189
190
192
194
198
199
200
201
202
204
205
206
209
210
211
212
216
217
219
221
223
225
227
231
232
234
235
236
237
238
239
240
241
242
244
247
248
250
253
254
255
256
257
258
259
260
261
262
263
265
266
267
268
269
270
271
272
273
274
275
276
277
278
280
282
284
285
286
287
288
289
290
291
292
293
294
296
297
298
299
300
301
302
303
304
305
306
308
309
310
311
312
313
314
316
317
318
319
320
321
322
323
324
325
328
329
330
331
332
333
334
335
336
338
340
342
343
345
348
351
352
353
355
356
358
359
360
361
363
364
365
366
367
368
369
370
371
372
373
374
375
376
377
378
379
380
381
382
383
384
385
386
387
388
389
390
391
392
393
395
397
398
399
400
401
402
403
406
409
410
411
412
413
414
415
416
418
420
421
422
423
424
426
427
428
429
430
431
432
433
434
435
436
437
438
439
440
441
443
444
446
448
452
453
455
456
458
461
462
464
465
467
470
471
473
474
476
479
480
482
483
484
485
486
487
488
489
490
492
495
496
498
501
502
504
505
506
507
510
511
513
514
516
519
520
521
522
523
525
526
528
530
532
533
537
538
540
541
542
544
546
547
548
549
551
552
553
554
555
557
558
561
564
565
566
567
568
569
570
571
573
575
576
577
578
580
581
583
584
585
586
587
592
593
594
595
596
597
598
600
602
603
604
605
606
607
608
609
611
614
615
616
617
618
619
621
622
624
625
626
627
628
629
630
632
633
634
635
636
637
638
639
640
641
642
643
644
645
646
647
648
649
650
651
652
653
655
656
657
658
659
660
664
665
666
667
669
670
672
674
676
679
680
681
682
683
684
686
688
689
690
691
692
693
697
698
699
700
702
703
705
708
709
710
711
712
713
714
715
716
717
718
719
720
722
723
724
725
726
727
728
729
730
731
733
734
735
736
740
741
742
743
744
745
746
747
748
749
750
751
753
755
758
759
760
761
762
763
764
765
767
769
771
772
773
774
775
776
777
779
782
783
784
785
786
787
790
791
792
793
794
795
796
797
798
799
800
801
803
804
805
806
807
808
809
811
812
814
815
816
817
818
819
821
822
824
825
826
827
828
829
830
831
832
833
834
835
836
837
838
842
843
844
845
846
847
848
849
850
851
852
853
854
855
856
857
858
859
860
861
862
863
864
865
866
867
868
869
870
871
872
873
875
876
877
878
879
880
881
882
883
884
885
886
888
889
891
893
894
895
896
897
899
900
901
902
903
904
905
907
908
909
910
911
912
913
914
916
917
918
919
920
921
922
923
924
925
926
927
928
929
930
933
934
935
936
937
939
940
941
942
944
946
948
950
954
955
956
957
959
961
963
965
969
970
971
972
973
974
975
977
979
981
983
987
988
989
990
991
992
994
997
998
999
1000
1001
1002
1004
1006
1008
1010
1014
1015
1016
1017
1018
1019
1021
1023
1025
1027
1029
1030
1033
1035
1036
1039
1041
1042
1045
1047
1048
1053
1054
1055
1056
1057
1058
1059
1060
1061
1062
1063
1064
1065
1066
1067
1068
1069
1070
1071
1072
1073
1074
1075
1076
1078
1079
1080
1081
1083
1085
1086
1088
1091
1092
1093
1094
1095
1096
1097
1098
1099
1100
1101
1102
1103
1105
1107
1108
1111
1112
1113
1114
1115
1117
1121
1122
1124
1125
1126
1127
1128
1129
1130
1131
1133
1136
1137
1138
1139
1140
1141
1142
1143
1144
1145
1147
1149
1151
1153
1154
1157
1158
1159
1160
1161
1162
1165
1166
1167
1168
1169
1170
1171
1172
1173
1174
1175
1176
1177
1179
1181
1182
1183
1185
1186
1189
1190
1191
1192
1193
1194
1195
1196
1197
1198
1199
1200
1201
1203
1204
1205
1206
1207
1210
1211
1212
1213
1214
1215
1216
1217
1218
1219
1221
1224
1225
1226
1227
1228
1229
1230
1231
1232
1233
1234
1235
1237
1238
1239
1240
1242
1243
1244
1245
1246
1247
1249
1250
1251
1252
1253
1254
1255
1256
1257
1259
1260
1261
1263
1264
1265
1267
1270
1271
1272
1273
1274
1275
1276
1278
1279
1280
1281
1282
1283
1284
1285
1286
1288
1292
1293
1294
1295
1296
1297
1298
1299
1301
1302
1303
1305
1306
1307
1308
1309
1310
1311
1312
1314
1317
1318
1319
1320
1321
1322
1323
1324
1325
1326
1327
1328
1329
1330
1331
1333
1334
1336
1339
1340
1341
1342
1343
1344
1345
1346
1347
1349
1350
1351
1353
1356
1357
1358
1359
1360
1361
1362
1363
1365
1366
1367
1370
1371
1372
1373
1374
1376
1379
1381
1382
1383
1384
1385
1386
1387
1390
1392
1393
1395
1396
1397
1398
1399
1400
1401
1402
1405
1406
1407
1408
1409
1411
1412
1413
1414
1415
1416
1417
1420
1421
1422
1424
1425
1427
1428
1429
1430
1431
1432
1434
1435
1436
1438
1440
1443
1445
1451
1452
1453
1454
1455
1456
1457
1458
1459
1460
1461
1462
1463
1464
1465
1466
1468
1469
1470
1471
1472
1474
1475
1476
1477
1479
1480
1481
1482
1484
1486
1488
1491
1492
1494
1495
1497
1499
1501
1502
1503
1504
1506
1508
1509
1510
1511
1512
1513
1514
1515
1516
1517
1519
1520
1522
1523
1524
1525
1526
1527
1528
1531
1532
1533
1534
1535
1537
1538
1539
1540
1541
1542
1543
1544
1546
1547
1549
1551
1554
1556
1557
1559
1561
1563
1564
1565
1566
1568
1570
1571
1572
1573
1574
1575
1576
1577
1578
1580
1582
1583
1585
1586
1587
1588
1589
1590
1591
1594
1595
1596
1597
1598
1600
1601
1604
1605
1606
1607
1608
1609
1610
1612
1613
1614
1615
1616
1617
1619
1622
1623
1625
1626
1627
1628
1629
1630
1631
1632
1634
1637
1638
1639
1640
1641
1642
1643
1644
1646
1649
1650
1651
1652
1653
1654
1655
1656
1657
1658
1660
1661
1663
1664
1666
1667
1668
1669
1670
1671
1672
1673
1674
1675
1676
1677
1678
1679
1680
1681
1682
1684
1686
1687
1689
1690
1691
1692
1693
1695
1696
1697
1698
1699
1701
1702
1703
1704
1705
1706
1707
1708
1709
1711
1713
1715
1717
1718
1719
1720
1721
1723
1724
1725
1726
1727
1729
1730
1731
1733
1734
1735
1736
1737
1738
1739
1740
1741
1743
1745
1749
1752
1753
1754
1755
1756
1757
1758
1759
1760
1761
1762
1763
1764
1765
1766
1768
1771
1772
1773
1774
1775
1776
1777
1778
1780
1782
1784
1786
1790
1791
1792
1793
1794
1795
1796
1797
1799
1800
1802
1805
1806
1807
1808
1809
1810
1813
1816
1817
1818
1819
1821
1825
1826
1827
1828
1829
1830
1831
1832
1833
1834
1836
1838
1841
1843
1845
1848
1850
1853
1858
1859
1860
1861
1862
1863
1864
1865
1867
1868
1869
1870
1873
1874