1
3
5
6
7
8
9
10
12
14
15
16
17
18
20
22
24
25
26
27
29
30
31
32
33
34
35
36
37
38
39
41
42
43
44
45
46
47
48
49
50
51
52
53
54
55
56
57
58
59
60
61
62
63
64
65
66
67
68
69
70
71
72
73
74
75
76
77
78
79
80
81
82
83
85
86
88
89
90
91
92
93
95
96
97
99
100
102
103
104
105
106
107
108
109
110
111
112
113
114
115
117
118
119
120
121
122
123
124
125
126
127
128
129
130
131
132
133
137
138
140
143
144
146
147
150
151
152
154
155
156
157
158
159
160
161
162
163
165
167
168
169
170
171
172
175
177
178
181
182
183
184
185
186
187
188
189
190
192
194
195
196
197
198
201
203
204
205
206
208
209
210
211
214
215
216
218
219
220
221
222
223
224
226
229
230
231
232
233
234
236
239
240
241
242
243
244
246
249
250
251
252
253
254
255
257
260
261
262
263
264
265
267
268
269
272
273
274
275
276
277
278
279
280
281
282
283
284
285
286
288
290
291
293
294
296
297
298
299
300
302
306
307
308
309
310
311
313
316
317
318
319
320
321
322
324
327
328
329
330
331
332
333
334
335
336
337
339
341
343
344
345
346
348
351
353
355
356
357
360
362
364
365
368
370
371
375
377
380
381
382
383
384
385
386
388
391
392
393
394
395
396
397
399
402
403
404
405
406
407
408
410
413
414
415
416
417
418
419
421
422
424
426
428
431
434
435
436
437
438
439
440
441
442
443
444
446
447
448
450
451
454
457
458
459
460
461
462
464
467
468
469
470
471
472
474
477
478
479
480
481
482
484
487
488
489
490
491
492
494
497
498
499
500
501
502
504
507
508
509
510
511
513
515
517
518
521
524
525
526
527
528
529
530
531
532
534
535
536
538
540
541
542
543
545
548
549
550
551
552
553
554
555
556
557
558
559
560
561
563
565
567
568
570
573
577
578
579
580
581
582
584
587
588
589
590
591
592
594
597
598
599
600
601
602
604
606
608
609
612
615
616
617
618
619
620
621
623
624
625
626
629
630
631
632
633
634
636
637
638
641
642
643
644
645
646
647
648
650
651
653
655
658
662
663
664
665
666
667
668
669
670
671
672
674
675
676
678
680
682
683
684
685
686
689
690
692
694
696
698
703
704
705
706
707
708
709
710
711
712
713
714
715
716
717
718
719
721
722
723
724
725
727
729
731
732
733
734
735
738
739
740
742
744
746
747
749
752
753
754
755
756
757
758
759
760
761
762
763
764
765
767
768
769
770
771
772
775
777
778
779
780
781
782
783
784
786
789
795
796
797
799
800
802
803
804
806
807
808
809
810
811
814
815
816
817
818
819
821
822
823
825
826
828
830
831
833
835
836
838
839
842
843
844
848
849
850
851
852
853
855
858
859
860
861
862
863
865
868
869
870
872
873
874
875
876
877
879
881
882
883
884
885
886
887
889
890
891
892
893
895
897
901
902
903
904
905
906
907
909
912
913
914
915
917
918
919
921
923
924
927
930
931
932
933
935
936
938
940
943
946
947
948
949
950
951
952
953
954
956
959
960
961
962
963
964
966
969
970
971
972
973
974
975
977
978
981
982
983
984
985
986
987
988
989
991
993
996
997
998
999
1000
1001
1002
1003
1004
1006
1009
1010
1011
1012
1013
1014
1016
1019
1020
1021
1022
1023
1024
1025
1027
1028
1032
1033
1034
1035
1036
1037
1038
1039
1040
1041
1043
1045
1046
1048
1050
1052
1053
1057
1058
1059
1060
1061
1062
1063
1064
1065
1067
1070
1071
1072
1073
1074
1075
1076
1077
1078
1079
1081
1084
1085
1086
1087
1088
1089
1090
1091
1092
1093
1095
1098
1099
1100
1101
1102
1103
1105
1108
1109
1110
1111
1112
1113
1114
1115
1116
1119
1120
1121
1122
1125
1126
1127
1128
1129
1130
1131
1132
1133
1134
1135
1136
1137
1138
1140
1143
1144
1145
1146
1147
1148
1149
1150
1151
1152
1153
1154
1155
1156
1157
1158
1160
1164
1165
1166
1167
1168
1169
1170
1171
1172
1173
1174
1175
1176
1177
1179
1182
1183
1184
1185
1186
1187
1188
1189
1190
1191
1192
1193
1194
1195
1196
1197
1199
1202
1203
1204
1205
1206
1207
1208
1209
1210
1211
1213
1216
1217
1218
1219
1220
1221
1222
1224
1225
1227
1228
1229
1230
1232
1235
1236
1237
1238
1239
1240
1241
1243
1244
1246
1247
1249
1252
1253
1254
1255
1256
1257
1258
1259
1260
1261
1263
1264
1266
1267
1269
1271
1272
1273
1276
1280
1281
1282
1284
1285
1286
1287
1289
1290
1293
1294
1295
1296
1297
1298
1299
1300
1301
1303
1305
1306
1308
1310
1312
1313
1314
1318
1321
1322
1323
1324
1325
1326
1327
1328
1329
1330
1332
1333
1334
1335
1337
1339
1341
1342
1344
1346
1347
1348
1349
1353
1355
1356
1358
1360
1361
1363
1364
1366
1369
1370
1371
1374
1375
1377
1378
1380