1
3
5
6
7
8
9
10
12
14
15
16
17
18
20
22
23
24
25
26
27
29
30
33
34
35
36
37
38
39
40
41
42
43
44
45
46
47
48
49
50
51
52
53
54
56
57
58
59
61
62
63
64
65
66
67
68
69
70
71
72
73
74
75
76
77
78
79
80
81
82
83
84
85
86
87
88
89
90
91
92
93
94
96
97
100
101
102
103
104
105
106
107
108
109
110
111
112
113
114
115
116
117
118
119
120
122
123
125
127
128
130
131
132
133
134
135
136
137
138
139
140
141
142
143
144
145
146
148
149
150
151
152
154
155
156
157
158
159
160
161
162
164
166
167
168
169
170
171
172
173
174
175
176
177
179
181
182
183
185
186
187
188
190
191
192
194
196
197
198
199
200
201
202
203
204
206
208
209
210
211
213
214
215
216
218
220
221
223
225
226
227
228
229
231
232
233
234
235
238
239
240
241
244
245
246
247
248
249
250
251
252
253
254
255
257
258
259
261
262
265
267
268
269
272
274
275
278
280
281
282
285
287
288
291
292
295
296
297
299
300
301
302
303
304
306
307
308
309
310
311
312
313
314
315
316
317
318
319
320
321
322
323
325
327
329
330
332
333
334
335
337
339
340
341
342
343
344
345
346
347
348
349
354
356
357
358
360
361
362
363
364
366
367
370
371
372
373
374
375
376
377
378
380
381
385
386
387
388
389
391
392
397
398
399
400
401
402
403
404
405
406
407
408
409
410
411
412
413
414
415
416
417
418
419
420
421
422
423
424
425
426
427
428
429
430
434
435
436
437
438
439
440
441
444
445
446
447
448
449
450
452
453
454
456
457
458
459
460
461
462
466
467
468
469
470
471
472
473
474
475
476
477
478
479
481
482
484
485
486
488
490
491
492