1
3
5
6
7
8
9
10
12
14
15
16
17
18
20
22
24
25
26
27
28
29
30
31
32
33
34
35
36
37
38
39
40
42
43
44
45
46
47
48
49
51
52
53
54
57
58
59
60
61
64
65
66
67
68
69
70
71
73
74
75
76
77
78
79
80
81
82
83
84
85
86
87
88
89
90
91
92
93
95
96
97
100
101
102
103
105
106
107
108
109
110
111
112
113
114
115
116
117
118
119
120
121
122
124
125
126
127
128
129
130
133
134
135
136
137
138
139
140
141
142
143
144
145
146
147
148
152
153
154
155
156
157
158
159
160
161
162
163
164
165
167
168
169
172
173
174
175
176
177
178
180
181
182
183
184
185
186
187
188
190
191
192
193
194
195
196
197
198
200
201
202
203
204
205
206
207
208
209
211
212
215
216
217
218
219
220
221
222
224
225
226
227
228
229
230
231
232
233
235
236
237
238
239
240
242
244
245
246
247
248
249
250
251
252
257
258
262
264
265
266
267
268
269
270
271
272
273
277
278
280
281
282
283
284
285
286
287
289
290
291
294
295
296
297
298
300
301
302
303
304
305
306
307
308
310
311
312
313
314
315
317
318
320
321
322
323
324
325
326
327
329
330
331
332
334
335
336
337
338
339
340
341
343
346
347
348
349
351
353
354
355
356
357
358
359
360
361
362
365
366
367
368
369
370
372
375
376
377
378
380
383
385
387
389
392
393
394
395
396
397
399
403
404
405
406
408
411
412
413
414
415
416
418
422
423
424
425
426
427
428
429
430
431
432
433
434
435
437
438
439
440
441
442
443
446
447
448
449
450
451
452
453
454
455
457
458
459
460
461
462
463
464
465
466
467
468
473
475
476
479
480
482
485
487
490
492
496
498
502
504
507
509
512
514
518
520
523
525
528
530
533
535
538
539
540
541
542
544
547
549
552
554
557
559
563
565
568
570
573
575
578
579
580
581
582
583
584
585
586
587
589
593
595
596
599
601
604
605
606
607
608
609
610
611
613
614
615
616
617
619
620
621
624
626
628
629
630
631
633
635
636
639
640
641
642
643
644
645
646
647
650
651
652
653
654
655
657
661
662
663
664
665
666
667
668
669
670
672
673
674
675
676
677
678
679
680
681
683
684
685
686
687
688
690
691
692
693
695
696
697
699
700
701
702
703
704
706
707
708
710
714
715
716
717
718
719
720
722
725
726
727
728
729
730
731
732
733
734
735
736
737
738
739
740
741
742
743
744
745
746
747
748
749
750
751
752
753
754
756
757
758
759
760
762
764
767
768
769
770
771
772
773
774
775
776
777
781
782
783
784
785
787
789
792
797
798
799
800
801
802
804
805
806
807
808
809
810
813
814
815
816
817
818
820
823
824
825
826
827
828
830
833
834
835
836
837
838
840
843
844
845
846
847
848
849
851
852
853
854
858
859
860
861
862
863
864
865
867
868
869
870
871
872
876
877
878
879
880
882
883
884
886
888
890
894
895
896
897
898
900
901
904
905
906
907
908
909
910
911
912
913
916
918
919
921
922
924
926
928
929
931
932
933
934
935
936
937
940
941
944
945
946
947
948
949
950
953
954
955
956
957
959
963
964
965
966
967
969
970
971
972
976
977
978
980
982
987
988
989
990
992
993
995
996
997
1000
1001
1002
1003
1004
1006
1009
1010
1011
1012
1013
1015
1018
1019
1020
1021
1022
1023
1024
1026
1027
1028
1029
1030
1031
1032
1033
1034
1035
1036
1037
1038
1039
1040
1041
1042
1045
1046
1047
1048
1049
1050
1051
1052
1053
1054
1055
1056
1057
1059
1061
1062
1063
1064
1065
1066
1067
1068
1069
1070
1071
1072
1073
1075
1076
1077
1078
1080
1081
1083
1084
1085
1086
1087
1088
1089
1091
1092
1095
1096
1097
1098
1099
1101
1104
1105
1106
1107
1109
1113
1114
1115
1116
1117
1118
1119
1121
1124
1125
1126
1127
1128
1129
1131
1134
1135
1136
1137
1138
1139
1140
1142
1145
1146
1147
1148
1149
1150
1152
1156
1157
1158
1159
1160
1161
1162
1164
1168
1169
1170
1171
1172
1173
1176
1177
1178
1179
1180
1181
1182
1185
1186
1187
1188
1189
1190
1193
1194
1195
1196
1197
1200
1201
1202
1203
1204
1205
1208
1209
1210
1211
1212
1213
1216
1218
1221
1222
1223
1224
1225
1226
1227
1228
1231
1232
1233
1234
1236
1237
1239
1243
1244
1245
1246
1247
1248
1249
1250
1252
1254
1256
1257
1260
1261
1264
1265
1266
1267
1268
1269
1270
1271
1273
1275
1276
1278
1279
1282
1283
1284
1285
1286
1288
1290
1291
1292
1293
1294
1297
1298
1299
1300
1301
1302
1303
1305
1308
1309
1310
1311
1312
1313
1315
1317
1320
1321
1322
1323
1325
1326
1331
1333
1334
1335
1336
1338
1339
1341
1344
1345
1346
1347
1348
1349
1350
1351
1353
1355
1357
1358
1359
1361
1362
1363
1364
1365
1367
1370
1372
1375
1377
1378
1379
1380
1381
1382
1383
1387
1389
1390
1392
1394
1396
1397
1398
1399
1401
1402
1403
1404
1405
1406
1407
1408
1409
1410
1411
1412
1413
1414
1417
1419
1421
1422
1423
1424
1425
1426
1427
1430
1431
1432
1433
1434
1442
1443
1444
1446
1447
1448
1449
1450
1451
1452
1454
1455
1458
1460
1461
1462
1463
1465
1467
1468
1471
1472
1473
1474
1476
1477
1478
1479
1480
1481
1482
1483
1484
1485
1486
1487
1488
1489
1490
1491
1492
1493
1494
1495
1496
1497
1498
1499
1500
1501
1502
1503
1504
1506
1507
1508
1509
1514
1516
1517
1518
1522
1524
1525
1527
1528
1532
1534
1537
1538
1539
1540
1541
1542
1544
1545
1546
1549
1550
1551
1552
1553
1554
1555
1557
1558
1559
1562
1563
1564
1565
1566
1567
1568
1569
1570
1571
1574
1575
1576
1577
1578
1579
1580
1581
1582
1583
1586
1588
1590
1591
1592
1593
1594
1595
1600
1602
1603
1605
1606
1607
1609
1610
1611
1612
1614
1616
1621
1622
1623
1624
1625
1626
1628
1629
1631
1633
1636
1637
1638
1639
1640
1641
1642
1643
1644
1646
1649
1650
1651
1652
1653
1654
1656
1657
1658
1659
1660
1661
1663
1665
1667
1671
1672
1673
1674
1675
1676
1677
1678
1679
1680
1681
1682
1683
1684
1685
1686
1687
1688