1
3
5
6
7
8
9
10
12
14
15
16
17
18
20
22
24
26
27
28
29
30
31
32
34
36
38
40
41
43
44
45
47
48
49
50
51
53
55
56
57
58
59
61
62
63
64
66
67
68
69
70
71
72
73
74
76
78
80
81
84
85
86
87
88
89
90
92
94
97
98
99
101
102
103
104
106
109
110
111
112
114
117
118
119
120
121
123
124
126
131
132
133
134
135
136
137
139
141
142
143
144
145
146
147
148
149
150
151
152
154
155
156
158
160
161
164
165
167
169
174
177
178
179
180
181
182
183
184
185
186
187
188
190
191
193
194
195
197
199
201
202
206
209
210
211
212
213
214
215
216
217
219
220
222
223
224
225
226
227
228
230
231
232
234
236
238
239
243
246
247
248
249
250
251
252
253
254
255
256
257
258
259
260
262
263
264
266
267
269
271
273
275
278
281
282
283
284
285
286
287
288
289
290
292
293
294
296
298
299
300
301
302
303
304
305
306
307
309
310
311
312
313
314
315
316
317
319
321
322
323
324
325
329
330
331
332
333
334
335
337
338
340
342
343
345
347
348
349
350
351
355
356
357
358
359
360
361
362
363
364
366
367
369
371
372
373
375
376
377
379
382
383
384
387
388
389
390
391
392
393
395
397
398
400
401
402
405
408
409
410
411
412
413
414
415
416
417
418
419
420
421
422
423
424
425
426
427
428
429
430
431
432
433
434
435
436
437
438
439
440
441
442
443
445
446
447
448
450
451
452
453
454
455
456
457
459
460
461
462
463
465
466
468
469
473
477
479
480
482
483
484
485
486
487
490
491
492
493
494
495
497
499
502
503
504
505
507
509
511
514
515
516
517
519
523
524
525
526
528
531
534
535
536
537
538
539
540
541
542
543
544
545
546
547
548
549
550
551
552
553
554
555
556
557
558
559
561
562
564
565
566
567
568
569
570
571
573
574
575
576
577
578
579
581
583
584
585
586
587
589
591
594
596
599
600
602
604
606
608
609
610
611
612
613
614
615
616
617
618
619
620
621
623
624
626
628
629
633
634
635
636
637
638
641
644
645
646
647
648
649
650
652
654
656
657
659
660
664
665
666
667
669
671
673
675
677
680
681
682
683
684
685
686
687
688
689
690
691
692
693
694
695
696
697
698
699
700
702
704
705
707
709
710
711
712
716
717
718
719
720
721
722
723
724
725
726
727
728
729
730
731
732
734
735
737
739
741
743
747
748
749
750
751
752
754
756
758
760
761
762
764
765
767
768
769
770
771
772
773
774
775
777
778
782
784
786
787
789
792
794
795
796
797
798
800
805
806
807
808
810
812
813
815
816
818
825
826
827
828
829
830
831
832
833
835
837
841
842
843
844
845
846
848
849
851
852
856
857
858
859
860
861
863
865
867
869
871
872
874
875
880
881
882
883
884
885
886
888
889
891
892
896
897
898
899
900
901
902
903
904
906
908
909
911
913
915
919
921
924
927
928
929
930
931
932
934
936
937
938
939
940
941
942
944
945
947
949
951
953
955
957
959
962
964
966
968
970
972
974
977
979
984
985
987
989
991
993
996
997
998
999
1000
1001
1002
1003
1005
1007
1008
1010
1014
1017
1018
1019
1020
1022
1023
1024
1025
1029
1030
1031
1033
1034
1035
1036
1037
1040
1041
1043
1047
1048
1050
1053
1054
1056
1059
1060
1062
1064
1065
1067
1068
1069
1071
1074
1077
1078
1080
1081
1083
1084
1088
1089
1090
1091
1092
1093
1094
1095
1096
1098
1099
1101
1102
1106
1107
1108
1109
1110
1111
1112
1113
1115
1116
1118
1119
1121
1122
1123
1124
1125
1126
1127
1129
1135
1136
1137
1138
1139
1140
1141
1142
1143
1144
1145
1146
1147
1148
1149
1150
1151
1152
1153
1154
1155
1156
1157
1158
1159
1160
1161
1162
1163
1164
1165
1166
1167
1168
1169
1170
1171
1172
1173
1174
1175
1176
1177
1178
1179
1180
1181
1182
1183
1184
1185
1186
1187
1188
1189
1190
1191
1192
1193
1194
1195
1196
1197
1198
1199
1200
1201
1202
1203
1204
1205
1206
1207
1208
1209
1210
1211
1212
1213
1214
1215
1216
1217
1218
1219
1221
1222
1223
1225
1226
1227
1228
1229
1230
1232
1233
1234
1235
1236
1237
1238
1240
1241
1243
1247
1248
1249
1250
1251
1253
1254
1256
1259
1261
1263
1265
1266
1267
1268
1269
1270
1271
1272
1273
1274
1275
1276
1277
1278
1279
1280
1281
1282
1283
1284
1285
1286
1287
1288
1289
1290
1291
1292
1293
1294
1295
1296
1297
1298
1299
1300
1301
1302
1304
1305
1306
1307
1309
1310
1312
1313
1315
1316
1318
1319
1320
1321
1322
1324
1327
1328
1330
1331
1338
1339
1340
1341
1342
1343
1344
1345
1346
1348
1349
1351
1352
1354
1355
1357
1358
1361
1362
1363
1364
1365
1366
1368
1369
1371
1372
1375
1376
1377
1378
1380
1381
1382
1385
1386
1387
1388
1389
1390
1392
1393
1394
1395
1396
1398
1399
1400
1403
1404
1405
1406
1408
1411
1412
1413
1414
1415
1417
1418
1422
1423
1425
1426
1427
1428
1429
1431
1432
1434
1436
1438
1439
1440
1441
1443
1444
1450
1451
1453
1455
1456
1460
1463
1465
1466
1467
1469
1470
1472
1474
1475
1478
1481
1482
1483
1484
1485
1486
1487
1488
1489
1490
1491
1492
1493
1494
1496
1498
1499
1501
1503
1504
1508
1509
1510
1512
1513
1515
1519
1520
1521
1522
1523
1524
1525
1526
1527
1528
1530
1531
1532
1535
1536
1538
1539
1541
1542
1544
1545
1551
1552
1553
1554
1555
1556
1557
1558
1559
1560
1561
1562
1563
1564
1565
1566
1567
1568
1569
1570
1571
1573
1574
1576
1577
1579
1581
1582
1583
1585
1587
1588
1589
1590
1591
1592
1593
1594
1596
1598
1600
1604
1607
1608
1609
1610
1611
1612
1613
1614
1616
1617
1619
1620
1622
1624
1628
1631
1632
1633
1634
1635
1636
1637
1639
1642
1643
1644
1645
1646
1647
1648
1649
1650
1651
1653
1654
1656
1657
1660