1
2
4
5
6
7
8
9
11
13
14
15
16
17
19
21
24
25
26
27
28
30
31
32
33
34
35
36
37
38
39
40
41
42
43
44
45
46
47
48
49
50
51
52
53
54
55
56
57
58
59
60
61
62
64
65
66
67
68
70
72
73
74
76
77
78
79
80
81
82
83
84
85
86
87
88
89
90
91
92
93
94
95
96
98
99
100
101
102
104
105
107
108
109
111
115
116
117
118
119
120
122
124
125
126
129
130
131
132
133
134
135
136
137
138
140
141
143
144
145
146
147
148
149
150
152
153
154
157
159
161
163
167
168
169
170
171
172
173
175
177
178
179
180
181
183
184
185
186
188
192
193
194
195
196
198
199
201
204
207
208
209
210
211
212
213
214
215
216
217
218
219
220
221
223
224
226
227
228
230
232
233
235
236
237
240
241
242
244
245
246
250
253
254
255
256
257
258
259
260
261
263
264
265
267
270
271
272
273
274
275
276
277
279
281
284
285
286
287
288
289
290
291
292
294
296
297
299
301
303
304
305
308
311
312
313
314
315
316
317
318
319
321
323
324
326
328
329
330
331
332
334
336
339
341
344
346
347
348
351
354
355
356
357
358
359
360
361
362
363
364
365
366
367
368
369
370
372
373
374
375
376
378
379
380
382
384
386
388
389
391
392
394
395
397
398
399
402
405
406
407
408
409
410
411
412
413
414
415
416
417
418
419
420
421
422
423
424
425
426
427
428
429
430
431
432
433
434
435
436
437
438
439
440
441
442
443
444
445
446
447
449
450
452
454
456
457
458
459
460
461
462
463
464
466
467
468
470
471
472
473
474
476
477
478
481
482
483
484
485
486
487
488
489
490
491
492
493
494
495
496
497
498
500
502
504
506
508
509
510
511
512
513
514
515
519
522
523
524
525
526
527
528
529
530
531
532
534
535
539
540
541
542
543
544
545
546
547
548
549
550
551
552
553
554
555
556
557
558
559
560
561
562
563
564
565
566
567
568
569
570
571
572
573
574
576
577
579
581
583
584
585
586
587
588
590
591
593
595
596
597
598
599
601
602
603
605
606
607
608
610
612
614
616
618
620
621
623
627
630
631
632
633
634
635
636
637
638
639
640
642
644
645
646
647
649
651
653
657
658
660
661
662
663
664
668
669
670
671
672
673
674
676
678
680
682
687
688
689
690
691
692
693
694
695
696
697
698
699
700
701
703
704
706
707
708
710
711
712
713
714
718
719
720
721
722
723
724
725
726
727
729
730
732
736
737
738
739
740
741
742
743
744
745
746
748
750
752
754
755
756
759
761
762
763
764
765
766
767
768
769
770
771
772
773
774
775
776
777
778
779
781
782
784
786
788
789
790
792
793
794
795
796
797
799
801
803
805
807
810
812
815
816
817
818
819
820
821
822
823
824
825
826
827
828
829
830
831
833
834
836
838
839
841
842
844
846
847
849
851
852
855
857
859
861
865
866
868
869
870
873
874
875
876
877
878
879
880
881
882
883
884
885
886
890
891
892
893
894
895
896
897
898
899
900
901
903
905
907
908
909
910
911
912
913
917
918
919
920
921
922
923
924
925
926
927
928
929
930
931
932
933
934
935
937
939
941
942
943
944
945
946
950
951
952
954
955
956
957
959
961
963
965
969
970
971
972
973
974
975
976
977
978
979
980
982
983
985
986
987
989
991
993
995
996
997
1001
1003
1005
1006
1007
1009
1010
1013
1016
1017
1018
1019
1021
1022
1023
1024
1026
1028
1030
1035
1036
1037
1038
1039
1040
1041
1042
1043
1044
1046
1049
1050
1051
1052
1053
1054
1055
1056
1057
1058
1059
1061
1064
1065
1066
1067
1068
1069
1070
1071
1072
1073
1074
1075
1077
1078
1079
1080
1081
1082
1083
1084
1085
1086
1087
1089
1090
1092
1093
1095
1096
1098
1099
1101
1103
1105
1106
1107
1108
1110
1111
1112
1113
1115
1117
1119
1122
1124
1126
1127
1128
1133
1134
1136
1138
1140
1142
1147
1148
1149
1150
1151
1152
1153
1154
1156
1159
1161
1162
1163
1164
1165
1166
1167
1168
1169
1170
1171
1172
1173
1177
1178
1180
1181
1182
1183
1186
1187
1189
1190
1191
1192
1193
1195
1197
1198
1200
1202
1203
1205
1206
1207
1210
1211
1212
1214
1215
1216
1217
1219
1220
1222
1224
1226
1227
1229
1232
1233
1235
1236
1238
1239
1242
1243
1244
1245
1246
1247
1248
1249
1251
1252
1253
1255
1257
1258
1259
1261
1264
1267
1268
1269
1270
1271
1272
1273
1274
1275
1276
1277
1279
1281
1283
1285
1289
1290
1292
1294
1295
1297
1298
1299
1300
1302
1305
1307
1309
1313
1314
1316
1317
1318
1320
1321
1323
1324
1325
1326
1327
1329
1332
1333
1335
1336
1337
1339
1340
1342
1343
1344
1345
1346
1347
1348
1350
1351
1354
1355
1356
1357
1358
1359
1360
1361
1363
1365
1366
1367
1368
1370
1373
1375
1378
1379
1380
1381
1382
1383
1384
1385
1386
1388
1389
1391
1392
1393
1395
1396
1398
1400
1401
1403
1405
1406
1407
1408
1410
1412
1414
1415
1416
1417
1418
1419
1420
1422
1424
1426
1427
1428
1429
1431
1432
1433
1435
1436
1437
1438
1439
1440
1441
1442
1444
1446
1448
1450
1454
1456
1457
1458
1460
1461
1462
1463
1465
1466
1467
1468
1471
1472
1473
1474
1475
1476
1477
1478
1479
1480
1481
1483
1484
1485
1486
1488
1490
1491
1492
1493
1497
1498
1499
1500
1501
1502
1503
1504
1505
1507
1509
1510
1511
1512
1513
1514
1515
1518
1519
1520
1521
1522
1524
1525
1527
1530
1531
1532
1533
1534
1535
1536
1537
1538
1539
1540
1541
1542
1543
1544
1545
1546
1548
1549
1551
1553
1554
1555
1556
1557
1558
1559
1560
1561
1562
1563
1566
1567
1568
1569
1570
1571
1572
1573
1575
1576
1578
1580
1581
1584
1587
1588
1589
1590
1591
1592
1593
1594
1596
1597
1599
1600
1601
1603
1604
1606
1607
1609
1611
1612
1613
1614
1615
1616
1618
1619
1620
1622
1623
1625
1626
1627
1628
1629
1631
1634
1635
1636
1637
1639
1641
1642
1646
1647
1649
1651
1653
1654
1659
1660
1661
1662
1663
1664
1665
1666
1668
1670
1672
1674
1679
1680
1681
1682
1683
1684
1685
1686
1687
1688
1689
1690
1691
1693
1694
1696
1698
1700
1702
1703
1705
1708
1709
1712
1715
1716
1718
1720
1721
1722
1723
1724
1725
1727
1729
1731
1732
1734
1737
1739
1743
1746
1747
1748
1749
1750
1751
1752
1753
1754
1755
1757
1758
1759
1760
1761
1762
1764
1767
1768
1769
1770
1771
1772
1773
1774
1776
1777
1779
1780
1781
1782
1783
1785
1786
1787
1789
1791
1792
1793
1795
1797
1800
1802
1804
1808
1811
1812
1813
1814
1815
1816
1817
1818
1819
1820
1821
1823
1824
1825
1827
1828
1829
1830
1832
1833
1834
1835
1837
1839
1841
1843
1845
1846
1849
1850
1851
1852
1853
1854
1855
1856
1857
1859
1860
1861
1863
1866
1867
1868
1869
1870
1871
1872
1873
1874
1875
1876
1877
1878
1880
1885
1886
1887
1888
1889
1890
1891
1892
1893
1894
1895
1896
1897
1898
1899
1901
1903
1905
1907
1908
1910
1911
1912
1913
1914
1915
1916
1918
1919
1921
1926
1927
1928
1929
1930
1931
1932
1933
1935
1937
1939
1940
1941
1943
1944
1946
1950
1954
1958
1959
1960
1961
1962
1963
1964
1965
1967
1968
1969
1970
1972
1974
1975
1976
1977
1978
1979
1980
1981
1983
1984
1986
1987
1988
1989
1990
1992
1994
1995
1996
1997
1998
1999
2000
2004
2005
2007
2011
2012
2013
2014
2015
2016
2017
2018
2019
2021
2022
2023
2025
2027
2028
2029
2030
2031
2033
2035
2036
2038
2042
2043
2046
2047
2048
2049
2050
2051
2052
2053
2054
2055
2056
2058
2060
2061
2062
2064
2065
2069
2070
2071
2073
2076
2077
2080
2081
2082
2083
2084
2085
2086
2088
2090
2092
2094
2095
2099
2100
2101
2102
2103
2104
2105
2106
2107
2108
2109
2110
2111
2112
2113
2114
2115
2116
2117
2118
2119
2120
2121
2122
2123
2124
2125
2126
2127
2128
2129
2130
2131
2132
2133
2134
2135
2136
2137
2138
2139
2140
2142
2143
2144
2146
2147
2148
2149
2151
2152
2153
2154
2155
2156
2162
2163
2164
2165
2166
2167
2169
2171
2173
2177
2178
2179
2180
2181
2182
2184
2186
2188
2192
2193
2194
2195
2196
2197
2198
2199
2200
2201
2202
2204
2206
2208
2210
2211
2213
2214
2215
2220
2221
2222
2223
2224
2225
2226
2227
2228
2229
2230
2231
2232
2233
2234
2235
2236
2237
2238
2239
2240
2241
2242
2244
2246
2248
2250
2252
2254
2258
2259
2260
2261
2265
2266
2267
2268
2269
2270
2272
2274
2275
2277
2278
2279
2280
2281
2282
2284
2285
2286
2288
2290
2291
2292
2293
2294
2295
2296
2297
2298
2299
2300
2301
2303
2304
2305
2307
2308
2309
2310
2311
2312
2313
2314
2315
2317
2318
2319
2320
2323
2324
2325
2327
2328
2329
2330
2331
2332
2333
2334
2335
2336
2337
2338
2340
2342
2344
2345
2347
2348
2349
2350
2351
2353
2354
2355
2356
2358
2359
2361
2362
2364
2366
2367
2368
2369
2375
2376
2377
2378
2379
2380
2381
2382
2383
2386
2387
2388
2390
2391
2392
2393
2397
2398
2400
2401
2403
2404
2406
2410
2413
2414
2415
2416
2417
2418
2419
2420
2421
2423
2425
2427
2429
2430
2432
2434
2436
2437
2441
2444
2445
2446
2447
2448
2449
2450
2452
2453
2455
2456
2457
2458
2460
2461
2462
2463
2465
2468
2469
2470
2471
2472
2475
2476
2477
2478
2479
2480
2481
2483
2484
2485
2487
2489
2493
2494
2495
2496
2497
2498
2499
2500
2501
2502
2503
2504
2505
2506
2507
2508
2510
2511
2512
2513
2514
2516
2517
2518
2519
2521
2522
2523
2524
2526
2528
2529
2530
2532
2534
2536
2537
2539
2540
2542
2544
2545
2547
2548
2551
2552
2555
2556
2559
2562
2563
2564
2565
2566
2567
2568
2569
2570
2571
2572
2573
2574
2575
2577
2579
2582
2583
2586
2587
2589
2590
2592
2596
2597
2598
2599
2601
2603
2605
2609
2610
2611
2612
2613
2614
2615
2616
2617
2618
2620
2622
2624
2625
2626
2630
2631
2632
2633
2635
2637
2638
2639
2642
2643
2644
2645
2646
2647
2648
2649
2651
2653
2655
2657
2659
2662
2665
2666
2667
2668
2669
2670
2672
2674
2676
2678
2680
2685
2687
2689
2693
2694
2695
2696
2697
2698
2699
2700
2701
2703
2705
2707
2709
2711
2713
2715
2717
2718
2721
2723
2725
2727
2728
2734
2737
2738
2739
2740
2741
2742
2743
2744
2746
2747
2749
2751
2753
2755
2757
2758
2759
2760
2761
2762
2763
2764
2765
2766
2767
2768
2770
2775
2776
2777
2778
2779
2780
2781
2782
2784
2787
2788
2789
2790
2791
2792
2793
2794
2795
2796
2797
2798
2800
2801
2802
2803
2804
2806
2808
2810
2811
2812
2814
2816
2818
2819
2821
2823
2824
2827
2828
2829
2830
2831
2836
2837
2838
2839
2840
2841
2842
2843
2845
2848
2849
2850
2851
2852
2853
2854
2855
2856
2858
2862
2863
2864
2865
2866
2867
2868
2870
2871
2873
2875
2877
2879
2880
2884
2887
2888
2889
2890
2891
2892
2893
2895
2896
2898
2900
2901
2902
2903
2904
2905
2906
2907
2911
2912
2913
2914
2915
2916
2917
2919
2920
2921
2924
2926
2927
2928
2929
2930
2931
2932
2933
2935
2937
2939
2940
2942
2943
2944
2945
2947
2949
2950
2953
2954
2956
2957
2962
2965
2966
2967
2968
2969
2970
2971
2972
2973
2975
2977
2978
2980
2982
2983
2987
2990
2991
2992
2993
2994
2995
2997
2999
3000
3002
3003
3005
3008
3011
3012
3013
3014
3015
3016
3017
3019
3020
3021
3023
3025
3027
3032
3033
3034
3035
3036
3037
3038
3040
3041
3043
3045
3047
3051
3054
3055
3056
3057
3058
3059
3060
3061
3062
3063
3064
3065
3066
3067
3069
3070
3072
3073
3075
3077
3080
3081
3082
3086
3087
3088
3089
3090
3091
3092
3093
3094
3095
3096
3097
3099
3101
3102
3104
3105
3106
3108
3111
3112
3113
3115
3117
3119
3122
3125
3126
3127
3128
3129
3131
3132
3134
3136
3138
3143
3144
3145
3146
3147
3148
3150
3151
3153
3155
3157
3162
3163
3164
3165
3166
3167
3168
3170
3171
3173
3174
3176
3182
3183
3184
3185
3186
3187
3189
3190
3191
3193
3194
3196
3199
3202
3203
3204
3205
3206
3207
3209
3210
3212
3213
3215
3217
3219
3220
3222
3223
3227
3228
3229
3230
3231
3232
3233
3234
3235
3237
3240
3241
3242
3243
3244
3245
3246
3247
3249
3251
3254
3255
3256
3257
3258
3259
3260
3261
3262
3263
3265
3266
3267
3269
3271
3274
3275
3276
3277
3278
3279
3280
3281
3282
3283
3284
3285
3286
3287
3289
3291
3292
3293
3295
3297
3298
3301
3303
3304
3306
3308
3310
3311
3312
3314
3315
3317
3319
3320
3324
3325
3327
3330
3331
3333
3334
3335
3336
3337
3339
3341
3342
3344
3346
3348
3351
3352
3353
3354
3355
3356
3357
3358
3361
3363
3365
3367
3369
3374
3375
3376
3377
3378
3379
3381
3382
3383
3384
3385
3386
3387
3388
3389
3390
3391
3392
3393
3396
3397
3398
3399
3400
3401
3402
3403
3404
3405
3406
3408
3409
3411
3412
3413
3414
3415
3416
3417
3419
3420
3421
3423
3424
3427
3428
3429
3430
3431
3432
3433
3434
3435
3436
3438
3440
3442
3443
3447
3448
3449
3450
3451
3452
3453
3454
3455
3456
3458
3460
3462
3463
3465
3466
3467
3468
3470
3473
3474
3475
3476
3477
3479
3480
3482
3483
3487
3488
3490
3491
3493
3497
3500
3501
3502
3503
3504
3505
3506
3507
3508
3509
3510
3512
3513
3515
3517
3519
3520
3522
3524
3525
3527
3529
3531
3532
3535
3537
3539
3540
3542
3544
3546
3547
3550
3552
3556
3559
3560
3561
3563
3565
3567
3568
3572
3573
3574
3575
3576
3577
3578
3579
3580
3581
3582
3583
3584
3586
3588
3589
3590
3592
3594
3595
3596
3597
3598
3600
3602
3603
3605
3608
3610
3612
3616
3618
3619
3621
3622
3623
3624
3626
3628
3629
3633
3634
3635
3636
3638
3640
3642
3646
3647
3648
3649
3650
3651
3652
3653
3654
3655
3656
3657
3658
3659
3660
3661
3662
3663
3664
3665
3667
3668
3670
3671
3672
3673
3674
3676
3679
3680
3681
3683
3684
3686
3687
3689
3690
3694
3695
3696
3697
3699
3701
3703
3707
3708
3709
3710
3711
3712
3713
3714
3716
3717
3719
3720
3722
3723
3725
3729
3731
3732
3734
3739
3740
3741
3742
3743
3744
3745
3746
3747
3748
3750
3752
3753
3754
3755
3756
3758
3759
3761
3762
3764
3768
3770
3771
3773
3776
3777
3778
3779
3780
3782
3784
3786
3787
3791
3792
3793
3794
3795
3796
3797
3798
3799
3801
3803
3805
3807
3808
3810
3812
3814
3817
3818
3819
3820
3821
3822
3823
3824
3825
3826
3827
3829
3830
3831
3832
3834
3836
3837
3838
3840
3842
3843
3846
3849
3852
3853
3854
3855
3856
3857
3858
3860
3862
3864
3866
3867
3869
3872
3873
3874
3875
3876
3877
3878
3879
3880
3881
3883
3885
3887
3889
3891
3892
3893
3894
3896
3898
3900
3901
3904
3905
3907
3908
3911
3913
3914
3916
3918
3919
3920
3921
3922
3923
3924
3925
3926
3927
3929
3930
3931
3933
3934
3935
3936
3937
3939
3941
3942
3943
3944
3945
3947
3952
3953
3954
3955
3956
3957
3958
3959
3960
3961
3962
3964
3966
3968
3970
3971
3973
3975
3980
3981
3982
3983
3984
3985
3986
3988
3990
3992
3993
3997
3998
3999
4000
4001
4002
4003
4004
4005
4006
4008
4009
4011
4013
4015
4016
4017
4018
4019
4021
4023
4024
4026
4028
4033
4034
4036
4038
4039
4040
4041
4044
4047
4049
4050
4052
4054
4055
4057
4059
4060
4061
4063
4064
4065
4066
4068
4071
4074
4075
4076
4077
4078
4079
4080
4081
4082
4084
4086
4088
4089
4090
4091
4093
4095
4097
4100
4103
4105
4106
4108
4110
4111
4112
4113
4119
4121
4124
4126
4129
4131
4134
4136
4139
4140
4141
4142
4143
4144
4145
4146
4147
4150
4152
4153
4154
4156
4157
4159
4162
4165
4166
4167
4168
4170
4171
4172
4173
4174
4176
4179
4182
4183
4184
4185
4187
4188
4190
4191
4193
4198
4199
4200
4201
4202
4203
4205
4208
4209
4210
4211
4212
4213
4215
4216
4217
4218
4219
4222
4225
4226
4227
4228
4229
4230
4231
4232
4233
4234
4237
4238
4239
4240
4241