1
3
5
6
7
8
9
10
12
14
15
16
17
18
20
22
24
25
26
27
28
30
31
32
33
34
35
36
37
38
39
40
41
42
44
45
46
47
48
49
50
51
52
53
54
56
58
59
60
61
62
63
64
65
66
67
68
69
70
72
73
74
75
76
78
79
80
81
82
84
85
86
87
88
90
91
92
93
94
97
98
99
100
101
102
103
104
105
106
107
108
109
110
111
112
113
114
115
116
118
121
124
125
126
127
128
129
130
131
132
133
134
135
136
138
139
142
145
146
147
148
150
152
154
155
157
158
159
161
164
165
166
167
169
171
172
173
174
176
179
180
181
182
183
184
185
186
187
188
189
191
192
194
195
197
198
199
202
203
204
205
206
207
208
209
210
211
212
213
214
215
216
217
218
219
221
222
225
226
228
229
230
231
232
233
237
238
240
243
245
246
247
248
249
250
251
252
253
254
255
256
257
258
260
261
262
265
266
268
271
273
274
275
276
277
278
279
280
281
282
283
284
286
289
291
292
293
294
295
296
297
298
299
300
301
302
304
305
308
310
311
312
313
314
315
316
317
318
319
321
324
327
328
329
330
331
332
333
334
335
336
337
338
340
341
344
345
347
350
353
354
355
356
357
358
359
360
361
362
363
364
365
366
367
368
370
371
372
373
374
377
378
380
383
384
385
386
387
390
391
392
393
394
395
396
397
398
399
401
402
405
406
407
409
410
412
413
414
415
416
419
420
421
422
423
425
426
427
428
429
430
431
432
433
434
435
436
438
439
440
441
442
443
446
447
448
449
450
451
452
453
454
455
456
457
458
459
460
461
462
463
464
465
466
467
469
470
471
472
473
474
475
476
479
480
481
482
483
484
485
486
487
488
490
491
492
493
497
499
500
501
502
503
504
506
508
509
510
511
512
513
514
515
516
517
518
519
520
522
525
526
527
529
530
531
532
533
534
535
536
537
538
539
540
541
543
546
547
548
549
550
551
552
553
554
555
556
557
558
559
560
561
562
564
565
566
567
568
569
570
572
575
576
577
578
579
580
581
582
583
584
586
587
588
589
590
591
592
594
598
599
600
601
602
603
604
606
607
610
611
612
613
615
616
617
618
619
620
622
623
624
626
627
633
635
636
638
639
640
641
642
644
645
647
649
650
651
652
653
654
655
659
662
663
664
665
666
667
668
669
670
671
672
673
674
675
676
677
678
679
680
681
682
683
684
685
686
687
688
689
690
691
692
693
694
695
696
697
698
699
700
701
702
703
704
705
706
707
708
710
711
712
713
714
715
716
717
719
720
722
723
725
726
727
728
729
731
732
733
734
735
737
738
739
741
742
743
744
746
748
749
750
751
754
755
756
758
759
761
762
763
764
765
766
767
768
769
770
771
772
774
775
776
778
779
780
781
782
784
786
787
789
790
791
792
793
794
795
796
797
798
799
800
801
802
803
805
806
808
810
811
812
813
815
817
819
820
821
822
823
825
826
831
832
833
834
835
836
837
838
839
840
841
842
843
844
845
846
847
848
849
850
852
853
855
856
857
858
859
860
861
862
863
865
866
868
869
871
875
877
878
880
881
883
884
886
888
890
891
892
893
894
896
898
900
901
905
906
908
909
910
911
912
913
914
915
916
918
919
920
921
922
923
924
925
926
927
929
930
931
932
933
934
935
936
937
938
942
945
946
947
948
949
950
951
952
953
954
955
957
958
960
962
964
967
969
972
973
975
976
978
981
984
985
987
988
989
991
994
995
996
997
998
999
1001
1004
1005
1006
1007
1008
1009
1010
1011
1012
1013
1014
1015
1016
1017
1018
1019
1020
1022
1024
1027
1028
1031
1032
1033
1034
1035
1036
1037
1039
1042
1043
1044
1045
1046
1047
1048
1049
1050
1051
1053
1056
1057
1058
1059
1060
1061
1062
1063
1064
1066
1069
1070
1071
1072
1073
1074
1075
1076
1077
1078
1080
1083
1084
1085
1086
1087
1088
1090
1093
1094
1095
1096
1097
1098
1099
1100
1101
1102
1103
1104
1105
1106
1107
1108
1109
1110
1111
1112
1114
1115
1116
1117
1118
1119
1122
1123
1124
1125
1126
1127
1128
1129
1130
1131
1132
1133
1134
1135
1136
1137
1138
1139
1140
1141
1142
1143
1144
1145
1146
1147
1148
1149
1150
1151
1152
1153
1154
1155
1156
1157
1158
1159
1161
1164
1165
1166
1167
1168
1169
1170
1171
1172
1174
1177
1178
1179
1180
1181
1182
1183
1184
1186
1187
1189
1192
1193
1194
1195
1196
1197
1198
1199
1200
1201
1202
1204
1205
1207
1208
1209
1211
1212
1213
1216
1217
1218
1219
1220
1221
1222
1223
1224
1225
1226
1227
1228
1229
1230
1231
1233
1235
1237
1239
1240
1242
1243
1244
1246
1248
1249
1250
1251
1252
1255
1258
1259
1260
1262
1263
1264
1267
1268
1269
1270
1271
1273
1274
1276
1277
1278
1281
1282
1283
1284
1285
1286
1287
1288
1289
1290
1291
1292
1294
1295
1297
1298
1299
1300
1301
1302
1303
1304
1305
1307
1308
1309
1311
1312
1313
1314
1315
1316
1318
1319
1320
1321
1322
1324
1325
1326
1327
1328
1329
1330
1331
1332
1333
1334
1335
1338
1339
1340
1342
1343
1344
1345
1346
1347
1349
1350
1351
1352
1353
1354
1355
1356
1358
1359
1360
1361
1362
1363
1364
1365
1367
1368
1369
1370
1371
1372
1373
1374
1376
1377
1378
1379
1380
1381
1382
1383
1384
1386
1387
1389
1390
1391
1395
1398
1399
1400
1401
1402
1403
1404
1405
1406
1407
1408
1409
1410
1411
1412
1413
1414
1415
1416
1417
1418
1419
1420
1421
1422
1423
1424
1425
1426
1427
1428
1429
1430
1431
1432
1433
1434
1435
1436
1437
1440
1441
1442
1443
1444
1445
1446
1447
1448
1449
1450
1451
1452
1453
1455
1458
1459
1460
1461
1462
1464
1467
1468
1469
1470
1471
1473
1474
1475
1477
1478
1480
1481
1483
1484
1485
1487
1488
1489
1491
1492
1493
1494
1495
1496
1498
1499
1501
1502
1504
1505
1507
1508
1510
1511
1513
1514
1516
1517
1518
1520
1521
1522
1523
1525
1526
1527
1528
1530
1531
1535
1536
1537
1538
1539
1540
1541
1542
1543
1544
1546
1548
1549
1550
1552
1553
1554
1555
1557
1558
1560
1563
1564
1566
1567
1569
1570
1573
1574
1575
1576
1577
1578
1579
1583
1587
1588
1590
1591
1593
1596
1597
1598
1599
1601
1602
1604
1607
1608
1609
1610
1612
1613
1615
1618
1619
1620
1622
1625
1627
1628
1629
1630
1631
1632
1633
1634
1635
1636
1637
1638
1639
1640
1641
1645
1646
1647
1648
1649
1650
1651
1652
1653
1654
1655
1656
1657
1658
1659
1660
1661
1662
1664
1665
1666
1667
1668
1669
1670
1674
1675
1676
1677
1678
1679
1680
1681
1682
1683
1684
1685
1686
1687
1688
1689
1690
1691
1692
1693
1694
1698
1699
1700
1701
1702
1703
1704
1705
1706
1707
1710
1711
1712
1713
1714
1715
1716
1717
1718
1719
1722
1723
1724
1725
1726
1727
1728
1729
1730
1731
1732
1733
1736
1738
1741
1743
1744
1745
1746
1747
1748
1749
1750
1751
1752
1754
1756
1758
1761
1762
1763
1764
1765
1766
1767
1768
1769
1771
1772
1775
1776
1777
1778
1779
1780
1782
1783
1784
1785
1786
1787
1788
1789
1790
1791
1792
1793
1794
1795
1796
1797
1798
1799
1800
1801
1802
1803
1804
1805
1806
1807
1809
1811
1812
1813
1814
1815
1816
1817
1818
1819
1821
1824
1825
1826
1827
1828
1829
1831
1832
1834
1835
1836
1837
1838
1840
1842
1843
1844
1847
1850
1851
1852
1853
1854
1855
1856
1858