1
2
3
4
5
6
7
8
9
10
11
12
13
14
15
16
17
19
20
22
23
24
25
26
28
29
30
31
32
33
34
36
37
38
39
40
41
42
43
44
45
46
47
48
49
50
51
52
53
54
55
56
57
58
59
60
61
62
63
64
65
67
70
71
72
75
76
77
80
81
82
85
86
87
90
91
93
94
95
96
97
98
99
100
103
104
105
106
107
108
109
110
111
114
115
116
117
118
119
120
121
124
125
126
127
128
129
130
131
134
135
136
137
138
139
140
141
142
143
144
145
146
147
148
149
152
153
154
157
158
159
162
163
164
165
166
167
168
169
170
171
172
175
176
177
178
179
180
181
182
183
184
185
188
189
190
191
192
193
194
195
196
199
200
201
202
203
204
205
206
207
210
211
212
214
215
216
219
220
222
223
224
226
227
230
231
232
233
234
236
239
240
243
244
245
248
249
252
253
256
257
260
261
264
265
268
269
272
273
276
277
280
281
284
285
288
289
292
293
296
297
300
301
304
305
308
309
312
313
316
317
320
321
324
325
328
329
332
333
336
337
340
341