1
2
3
4
5
6
7
8
9
10
11
12
13
14
15
16
17
19
20
21
22
23
24
25
26
27
28
29
30
31
32
33
34
35
36
38
39
40
41
42
43
44
45
46
47
48
49
50
51
52
53
54
55
56
57
58
59
60
61
62
63
64
65
66
67
68
70
73
74
75
76
77
78
79
80
82
84
85
86
87
88
89
90
91
93
94
95
96
97
100
101
104
105
108
109
110
112
115
116
119
120
123
124
129
130
131
132
133
134
136
137
142
143
144
145
146
147
148
149
150
151
152
153
154
156
157
160
161
164
165
166
167
168
169
170
171
172
173
174
175
176
177
178
179
182
183
184
187
188
191
192
195
196
199
200
201
203
204
205
206
207
209
211
212
213
214
216
217
218
219
220
221
224
225
226
227
229
230
231
232
233
236
237
238
239
240
243
244
246
247
249
250
251
252
253
254
255
258
259
261
262
263
264
265
266
268
269
270
271
272
273
275
277
278
279
280
282
283
284
285
286
287
288
291
292
293
296
297
298
299
302
303
304
305
306
307
308
309
310
311
315
316
320
323
324
325
327
328
329
330
331
333
334
335
336
338
342
343
346
347
348
349
350
351
352
353
354
355
356
357
359
360
361
362
363
364
365
366
368
369
370
371
372
373
374
375
376
377
378
379
382
383
385
386
387
388
389
390
391
393
394
395
396
397
401
402
403
404
405
406
407
408
409
410
411
412
415
416
417
418
419
420
421
422
423
424
426
427
428
429
430
431
432
433
434
438
439
440
441
442
443
444
445
446
447
448
449
451
452
453
454
456
457
459
460
461
462
464
465
466
468
469
470
471
472
473
474
475
476
477
480
481
482
485
488
489
490
492
493
495
496
501
502
503
505
506
507
508
510
511
512
513
515
516
517
520
521
524
525
526
527
528
529
530
531
532
533
534
535
536
540
542
543
546
548
551
552
553
554
556
557
558
560
562
563
565
566
567
568
571
572
574
575
576
577
578
579
580
582
583
584
585
586
587
590
591
592
595
596
598
599
600
601
602
603
604
605
606
607
608
609
611
612
613
616
617
618
619
620
621
622
623
626
628
629
631
632
633
634
635
637
638
639
642
643
644
645
646
647
648
649
650
651
652
653
655
656
657
660
661
662
663
664
665
666
667
668
671
674
675
676
679
680
681
682
686
689
690
691
692
694
696
697
698
699
702
703
704
705
708
709
711
712
713
714
715
716
717
718
719
720
722
723
724
725
726
727
728
733
734
735
736
737
738
739
740
741
742
743
744
745
746
747
748
749
750
751
752
753
755
756
757
759
762
763
764
765
766
767
768
769
770
771
772
773
774
778
779
780
781
782
783
784
788
789
792
793
795
796
797
798
800
801
802
805
806
807
810
811
812
813
816
819
820
821
822
823
824
825
826
827
828
829
830
831
832
833
835
836
838
839
841
842
843
844
845
846
849
852
853
855
856
857
858
859
861
862
864
865
866
867
868
871
872
873
874
875
876
878
879
881
882
883
884
887
888
889
890
891
894
897
898
899
900
901
902
903
904
905
906
907
908
909
910
914
915
916
917
918
919
920
921
922
923
924
927
928
929
931
932
934
935
936
937
938
939
941
944
945
946
947
948
949
950
951
952
953
956
957
958
961
962
963
964
965
967
968
972
973
974
975
979
980
982
983
984
985
986
987
990
991
992
994
997
998
999
1000
1001
1002
1003
1004
1005
1006
1007
1009
1010
1011
1012
1015
1016
1017
1018
1019
1020
1021
1022
1023
1024
1025
1027
1028
1031
1032
1033
1034
1035
1036
1037
1038
1039
1040
1041
1042
1045
1046
1047
1048
1049
1052
1053
1054
1055
1056
1059
1060
1061
1062
1063
1066
1067
1068
1069
1070
1073
1074
1077
1078
1081
1082
1083
1085
1088
1089