1
2
3
4
5
6
7
8
9
10
11
12
13
14
15
16
17
19
20
21
22
23
24
25
26
27
28
29
30
31
32
34
35
36
37
38
39
40
41
42
43
44
45
46
47
48
49
50
51
52
53
54
55
56
57
58
59
60
62
63
64
65
66
67
68
69
70
71
72
73
74
75
76
77
78
79
80
81
82
83
84
85
86
87
88
89
90
91
92
93
94
95
96
97
98
99
100
101
102
103
104
106
107
108
111
112
113
114
117
118
121
122
123
124
125
126
127
128
129
132
133
134
135
136
137
138
140
141
142
147
148
149
150
154
155
156
161
162
163
164
165
166
167
168
169
170
171
172
173
175
176
177
182
183
184
185
186
187
188
189
190
191
192
193
194
195
196
197
198
200
201
202
203
208
209
210
211
212
213
214
215
216
217
218
219
220
221
223
224
225
230
231
232
233
234
235
236
237
238
239
240
241
243
244
245
250
251
252
256
257
260
261
264
265
266
267
268
269
274
275
279
280
282
283
284
285
286
287
288
289
290
291
292
293
294
297
298
299
300
301
302
305
306
307
308
309
310
311
312
313
316
317
318
319
320
321
324
325
326
327
328
329
330
334
335
336
337
338
339
342
343
344
345
346
347
348
349
350
351
352
353
354
355
356
357
361
362
363
364
365
367
368
369
370
372
373
374
377
378
379
382
383
386
387
388
389
394
395
396
397
398
399
400
401
402
403
404
406
407
408
412
413
415
416
417
418
419
420
421
422
423
424
425
427
428
429
433
434
435
436
437
438
439
440
441
444
445
446
447
448
449
450
451
452
453
454
455
456
457
458
459
460
463
464
465
466
467
468
469
470
471
474
475
476
477
478
479
480
481
482
484
486
487
488
489
490
491
492
494
495
496
497
498
501
502
504
511
512
513
514
515
516
517
518
519
521
522
523
526
527
528
529
530
531
532
534
535
536
537
538
541
542
544
551
552
553
554
555
556
557
558
560
561
562
563
564
566
567
568
569
571
573
579
580
581
584
585
586
587
588
589
590
591
592
594
597
598
599
600
601
602
603
604
605
606
607
610
614
615
616
617
618
619
620
623
624
625
626
627
628
629
630
631
633
634
635
637
640
641
644
645
646
647
648
649
650
651
653
654
655
656
657
658
660
661
662
663
669
670
671
672
673
674
675
676
679
680
681
682
683
684
685
688
689
690
691
692
693
694
695
696
697
699
700
701
702
704
705
706
707
708
709
711
714
716
717
718
724
725
726
727
728
729
730
735
736
737
738
739
740
741
742
747
748
749
750
751
752
753
754
757
758
761
762
763
764
765
766
767
768
773
774
775
776
777
778
779
780
783
784
787
788
789
790
791
792
793
794
795
796
797
798
799
800
805
806
807
808
809
810
811
812
815
816
819
820
821
822
823
826
827
828
829
830
833
834
835
836
837
838
839
840
841
842
843
844
845
846
847
849
850
851
852
858
859
860
861
862
863
864
865
866
867
868
873
874
875
876
877
880
881
882
883
884
885
886
887
888
889
892
893
896
897
898
899
900
901
902
903
904
905
906
907
911
912
915
916
917
918
919
920
921
924
925
926
927
930
931
934
935
938
939
942
943
946
947
948
949
950
951
952
953
954
957
958
961
962
963
964
965
966
969
970
971
972
973
974
977
978
979
980
981
982
983
984
985
986
987
988
989
990
991
992
993
997
998
999
1000
1001
1002
1003
1004
1005
1006
1007
1008
1009
1013
1014
1017
1018
1019
1020
1021
1024
1025
1026
1027
1028
1029
1030
1031
1032
1033
1034
1035
1036
1037
1038
1039
1040
1041
1042
1043
1044
1045
1046
1047
1048
1049
1052
1053
1054
1055
1056
1057
1058
1059
1060
1061
1062
1063
1064
1065
1066
1067
1068
1069
1070
1071
1072
1073
1074
1075
1076
1077
1080
1081
1082
1083
1084
1085
1086
1087
1088
1089
1090
1091
1092
1093
1094
1095
1096
1097
1098
1099
1100
1101
1102
1103
1106
1107
1108
1109
1111
1112
1113
1114
1116
1117
1118
1119
1120
1121
1122
1123
1128
1129
1130
1131
1132
1133
1134
1135
1136
1137
1139
1140
1141
1143
1144
1148
1149
1150
1152
1155
1156
1157
1158
1159
1160
1161
1162
1163
1164
1167
1171
1172
1173
1174
1175
1177
1180
1181
1183
1184
1185
1186
1188
1189
1191
1192
1193
1194
1195
1196
1197
1198
1203
1204
1205
1206
1207
1208
1209
1210
1211
1212
1213
1214
1215
1216
1217
1218
1219
1220
1221
1222
1223
1224
1225
1226
1229
1230
1235
1236
1237
1240
1241
1242
1243
1245
1246
1247
1251
1252
1253
1255
1256
1257
1260
1261
1262
1266
1267
1268
1272
1273
1274
1275
1276
1277
1280
1283
1284
1287
1288
1289
1293
1294
1295
1297
1300
1301
1304
1305
1308
1309
1310
1311
1312