1
2
3
4
5
6
7
8
9
10
11
12
13
14
15
16
17
19
20
21
22
23
24
26
27
28
29
30
31
32
33
34
35
36
37
38
39
40
41
42
44
45
47
48
49
50
51
52
53
54
55
56
57
59
61
63
64
66
67
69
70
72
73
74
75
76
77
79
80
82
83
84
85
86
87
88
89
90
91
92
93
95
98
99
100
101
102
103
104
105
106
107
109
110
111
112
115
116
117
118
121
122
123
126
127
128
131
134
135
136
137
138
139
140
141
142
143
145
146
147
148
151
152
153
154
155
158
159
160
163
164
165
168
171
172
173
175
176
177
178
181
182
183
184
185
186
187
188
190
193
194
195
198
199
200
201
204
207
208
209
210
211
212
213
214
216
217
218
219
222
223
224
225
228
229
230
233
234
235
238
241
242
243
244
245
246
247
248
250
251
252
253
256
257
258
259
260
263
264
265
268
269
270
273
276
277
278
279
280
281
282
283
284
285
286
287
288
289
290
292
293
294
295
298
299
300
301
302
305
306
307
308
310
313
314
315
316
319
320
321
324
325
326
329
330
331
334
337
338
339
340
341
342
343
344
345
346
347
348
350
351
352
353
356
357
360
361
362
365
366
367
370
373
374
375
376
377
378
379
380
381
382
383
384
385
386
387
389
390
391
392
395
396
397
398
401
402
405
406
407
410
411
412
415
418
419
420
421
422
423
424
425
426
427
428
429
430
431
433
434
435
436
438
439
442
443
444
445
447
450
451
452
453
455
458
459
462
463
464
465
466
469
470
471
474
477
478
479
480
481
482
483
484
485
486
487
488
489
490
491
493
494
495
496
499
500
503
504
505
508
509
510
513
516
517
518
519
520
521
522
523
524
525
526
527
529
530
531
532
535
536
539
540
541
544
545
546
549
552
553
554
555
556
557
558
559
560
561
562
564
565
566
567
570
571
572
573
576
577
580
581
582
585
586
587
590
593
594
595
596
597
598
599
600
601
602
603
604
606
607
608
609
612
613
616
617
618
621
622
623
626
629
630
631
632
633
634
635
636
637
639
640
641
642
645
646
649
650
651
654
655
656
659
662
663
664
665
666
667
668
669
672
673
674
675
676
677
678
679
682
683
684
686
687
688
689
691
694
695
696
697
699
702
703
704
705
707
710
711
714
715
716
719
720
721
722
723
724
728
731
732
733
734
735
736
737
738
741
742
743
744
745
746
747
748
751
752
753
755
756
757
758
760
763
764
765
766
768
771
772
773
774
776
779
780
783
784
785
788
789
790
791
792
793
797
800
801
802
803
804
805
806
807
808
809
810
811
812
813
814
817
818
819
820
821
822
823
824
825
826
827
828
829
830
831
834
835
836
838
839
840
841
843
846
847
848
849
851
854
855
856
857
859
862
863
864
865
866
868
869
870
874
875
876
877
878
882
883
884
887
888
889
890
891
892
896
899
900
901
902
903
904
905
906
907
908
909
910
911
912
913
916
917
918
919
920
921
922
923
924
925
926
927
928
929
930
933
934
936
938
939
940
941
943
946
947
948
949
951
954
955
956
957
959
962
963
964
965
966
968
969
970
974
975
976
977
978
982
983
984
987
988
989
990
991
992
996
999
1000
1001
1002
1003
1004
1005
1006
1007
1008
1009
1010
1011
1012
1015
1016
1017
1018
1019
1020
1021
1022
1023
1024
1025
1026
1027
1028
1031
1032
1033
1034
1035
1036
1037
1038
1039
1040
1041
1042
1043
1046
1047
1048
1049
1050
1051
1052
1053
1054
1055
1056
1057
1058
1061
1062
1063
1064
1066
1067
1068
1069
1071
1074
1075
1076
1077
1079
1082
1083
1084
1085
1087
1090
1091
1093
1094
1095
1098
1099
1100
1103
1104
1105
1106
1107
1111
1112
1113
1114
1117
1118
1119
1120
1121
1122
1126
1129
1130
1131
1132
1133
1134
1135
1136
1139
1140
1141
1142
1143
1144
1145
1146
1149
1150
1151
1152
1153
1154
1155
1156
1159
1160
1161
1162
1163
1164
1165
1166
1167
1168
1169
1172
1173
1174
1175
1176
1177
1178
1179
1180
1181
1183
1186
1187
1188
1189
1190
1191
1192
1193
1194
1195
1196
1197
1198
1200
1201
1202
1203
1205
1208
1209
1210
1211
1212
1213
1214
1215
1216
1217
1218
1219
1220
1221
1222
1223
1224
1226
1227
1228
1229
1230
1231
1236
1237
1238
1241
1244
1245
1246
1247
1248
1249
1251
1252
1255
1256
1257
1258
1259
1260
1262
1264
1265
1268
1269
1270
1271
1272
1273
1276
1277
1278
1279
1280
1282
1283
1284
1285
1286
1287
1290
1291
1294
1295
1296
1299
1300
1301
1304
1305
1306
1307
1309
1310
1311
1312
1313
1314
1315
1316
1317
1320
1321
1324
1325
1328
1329
1330
1334
1335
1336
1340
1341
1342
1346
1347
1348
1352
1353
1354
1356
1357
1358
1359
1360
1361
1362
1363
1364
1366
1367
1368
1370
1371
1372
1373
1374
1375
1376
1381
1382
1383
1384
1385
1386
1391
1392
1393
1394
1395
1396
1399
1400
1404
1405
1408
1410
1411
1412
1413
1414
1415
1417
1418
1419
1420
1422
1423
1424
1425
1427
1428
1429
1430
1431
1432
1433
1435
1436
1437
1438
1439
1440
1441
1443
1444
1445
1446
1447
1448
1449
1451
1452
1453
1454
1455
1456
1457
1458
1459
1462
1464
1465
1468
1469
1472
1473
1476
1477
1480
1481
1484
1485
1486
1487
1490
1491
1495
1496
1497
1498
1499
1500
1502
1503
1504
1507
1508
1511
1512
1515
1516
1519
1520
1521
1525
1526
1527
1528
1530
1532
1533
1536
1537
1540
1541
1542
1543
1544
1545
1546
1549
1552
1553
1554
1555
1559
1560
1561
1562
1563
1564
1565
1568
1571
1572
1573
1574
1575
1576
1577
1580
1583
1584
1585
1586
1587
1588
1589
1592
1595
1596
1597
1598
1599
1600
1601
1602
1605
1608
1609
1610
1611
1612
1613
1615
1617