1
2
3
4
5
6
7
8
9
10
11
12
13
14
15
16
17
19
20
21
23
24
25
26
27
29
30
31
32
33
34
35
36
37
38
40
41
42
43
44
45
46
47
48
49
50
51
52
53
54
55
56
57
58
59
60
61
62
63
64
65
66
67
68
69
70
71
72
73
75
78
79
82
83
86
87
88
91
92
93
96
97
98
101
102
103
105
106
107
108
109
111
112
113
114
115
116
118
119
121
122
124
125
127
128
131
132
133
134
135
136
137
140
141
142
143
145
146
147
148
149
150
152
153
155
156
157
158
159
160
165
166
167
169
170
171
173
176
177
179
180
181
182
183
186
187
188
189
190
191
192
193
194
197
198
199
200
201
202
203
204
205
208
209
210
211
212
213
214
215
218
219
220
221
222
223
224
225
228
229
230
231
232
233
234
235
238
239
240
241
242
243
244
245
246
247
248
249
250
251
252
253
256
257
258
261
262
263
266
267
268
269
270
271
272
273
274
275
276
279
280
281
282
283
284
285
286
287
288
289
292
293
294
295
296
297
298
299
300
303
304
305
306
307
308
309
310
311
314
315
317
318
321
322
325
326
329
330
333
334
337
338
341
342
345
346
349
350
353
354
357
358
361
362
365
366
369
370
373
374
377
378
381
382
385
386
389
390
393
394
397
398
401
402
405
406
409
410
413
414
417
418
421
422
425
426
429
430
433
434
437
438