1
2
3
4
5
6
7
8
9
10
11
12
13
14
15
16
17
19
20
21
23
24
25
26
27
28
29
31
32
33
34
35
36
37
38
39
41
42
43
44
45
46
49
50
51
52
53
54
55
56
59
60
61
62
63
66
67
69
70
72
73
75
76
77
78
79
80
81
82
84
85
86
87
89
90
91
92
93
98
99
100
101
102
105
106
107
111
112
114
115
116
118
119
120
121
122
123
125
126
127
128
129
130
132
133
134
136
137
138
139
140
143
144
145
146
147
148
151
152
153
154
157
158
159
160
161
162
165
166
167
168
171
172
173
174
177
178
179
180
181
182
183
184
185
186
187
188
189
190
191
193
194