1
2
3
4
5
6
7
8
9
10
11
12
13
14
15
16
17
19
20
22
23
24
25
26
27
28
29
30
31
33
34
35
36
37
38
40
42
45
46
47
48
51
52
53
56
57
58
60
61
62
64
68
69
70
71
74
75
76
79
80
81
83
84
85
87
91
92
93
94
97
98
99
102
103
104
106
107
108
110
114
115
116
117
120
121
122
125
126
127
129
130
131
133
137
138
139
140
143
144
145
148
149
150
152
153
154
156
160
161
162
163
166
167
168
171
172
173
175
176
177
179
183
184
185
186
189
190
191
194
195
196
198
199
200
202
206
207
208
209
212
213
214
217
218
219
221
222
223
225
229
230
231
232
235
236
237
240
241
242
244
245
246
248
252
253
254
255
258
259
260
263
264
265
267
268
269
271
275
276
277
278
281
282
283
286
287
288
291
292
293
295
296
297
299
303
304
305
306
309
310
311
314
315
316
319
320
321
323
324
325
327
331
332
333
334
337
338
339
342
343
344
347
348
349
351
352
353
355
359
360
361
362
363
366
367
368
371
372
373
376
377
378
380
381
382
384
388
389
390
391
394
395
396
399
400
401
404
405
406
408
409
410
412
416
417
418
419
422
423
424
427
428
429
432
433
434
436
437
438
440
444
445
446
447
450
451
452
455
456
457
460
461
462
464
465
466
468
472
473
474
475
478
479
480
483
484
485
487
488
489
491
495
496
497
498
501
502
503
506
507
508
510
511
512
514
518
519
520
521
524
525
526
529
530
531
533
534
535
537
541
542
543
544
547
548
549
552
553
554
556
557
558
560
564
565
566
567
570
571
572
575
576
577
579
580
581
583
587
588
589
590
591
593
594
595
598
599
600
603
604
605
606