1
2
3
4
5
6
7
8
9
10
11
12
13
14
15
16
17
19
21
22
23
24
25
26
27
28
29
30
31
32
33
35
36
37
38
39
40
41
42
43
44
46
47
50
51
54
55
56
57
60
61
62
63
65
66
67
68
69
70
73
74
75
76
77
78
79
80
81
84
85
86
89
90
91
92
93
96
99
100
102
103
106
107
109
110
113
114
116
117
120
121
124
125
126
127
128
129
130
133
134
135
136
137
138
139
140
141
144
145
146
147
148
149
150
151
152
153
154
155
157
160
161
162
163
164
165
166
167
168
169
170
171
173
176
177
178
179
180
181
182
183
184
185
186
187
189
192
193
194
195
196
197
198
202
203
204
205
206
209
210
211
214
215
218
219
220
221