1
2
3
4
5
6
7
8
9
10
11
12
13
14
15
16
17
19
20
21
22
23
24
26
27
28
29
30
31
32
33
34
35
36
37
38
39
40
41
42
43
44
45
46
48
49
50
51
52
53
54
55
56
57
59
60
61
62
63
64
65
66
68
69
70
71
74
75
76
79
80
83
84
85
87
90
91
94
95
98
99
100
101
104
105
106
109
110
111
112
114
115
117
118
119
120
121
126
127
128
129
130
131
133
136
137
138
139
140
141
145
146
147
148
150
151
152
153
154
155
156
157
159
162
163
164
165
166
167
168
169
171
174
175
176
177
178
179
180
181
182
183
184
185
186
187
188
190
191
192
193
195
196
198
199
200
201
203
204
205
206
207
208
209
210
215
216
219
220
221
222
223
224
225
226
227
228
229
230
233
234
235
236
237
238
239
240
241
242
243
244
245
247
248
250
251
252
255
256
259
260
262
263
264
266
267
268
269
270
273
274
275
276
277
283
284
285
287
288
291
292
293
296
297
298
301
302
305
306
307
308
309
310
314
315
316
317
318
320
321
322
325
326
327
328
329