1
2
3
4
5
6
7
8
9
10
11
12
13
14
15
16
17
19
20
21
22
23
24
25
26
28
29
30
31
32
33
34
35
37
38
39
40
41
42
43
44
45
46
48
49
50
51
52
53
55
56
57
58
59
60
61
63
65
67
69
71
73
75
77
78
79
80
83
84
85
86
87
88
89
92
93
94
95
96
97
98
99
100
101
102
103
104
107
108
109
110
111
112
113
114
115
116
117
118
119
122
123
124
125
126
127
131
132
135
136
137
138
139
140
143
144
145
146
147
148
149
150
151
152
153
160
161
162
163
164
165
166
167
168
169
171
172
173
174
175
176
180
181
183
184
185
188
189
190
191
192
193
194
197
198
200
201
203
204
205
207
208
209
212
213
214
215
216
217
218
219
220
221
222
223
224
225
226
227
228
229
230
231
232
233
234
235
236
238
239
240
241
242
247
248
249
250
251
252
253
254
257
258
261
263
264
265
266
270
271
274
275
276
277
278
279
280
281
285
286
287
288
289
290
291
292
293
298
301
302
304
306
307
309
310
311
312
313
315
316
319
323
324
325
326
327
328
329
330
331
332
333
334
335
336
338
339
340
341
342
343
344
346
347
348
349
350
351
352
353
354
357
358
359
360
361
363
365
366
367
368
369
372
373
374
375
378
379
380
381
383
385
386
387
388
389
390
391
392
393
395
396
398
402
403
404
405
408
409
410
411
412
413
414
415
419
420
421
422
423
424
425
428
429
431
434
435
436
437
438
439
440
441
442
443
444
445
446
447
449
450
452
453
454
455
457
458
459
460
461
462
463
464
466
467
471
472
473
474
475
476
477
478
479
480
484
485
488
489