1
2
3
4
5
6
7
8
9
10
11
12
13
14
15
16
17
19
20
22
23
24
25
26
27
28
29
30
31
32
33
34
35
36
37
38
40
41
42
43
44
45
47
48
49
50
51
52
53
54
55
56
57
58
59
60
61
62
63
65
68
69
72
73
76
77
78
81
82
83
84
85
86
87
88
91
92
95
96
99
100
101
102
103
104
106
109
110
113
114
115
116
117
118
119
120
122
124
125
126
127
128
129
130
131
134
135
136
139
140
141
144
145
148
149
152
153
156
157
158
161
162
166
167
169
170
171
172
173
174
177
178
179
180
181
182
185
186
189
190
193
194
195
196
197
198
199
200
203
204
205
207
210
211
214
215
218
219
222
223
226
227
230
231
232
233
234
235
238
241
242
245
246
249
250
253
254
257
258
261
262
265
266
269
270
273
274
277
278
281
282
285
286
289
290
293
294
297
298
301
302
305
306
309
310
313
314
317
318
321
322