1
2
3
4
5
6
7
8
9
10
11
12
13
14
15
16
17
19
20
21
22
24
25
26
27
28
29
30
31
32
33
34
35
36
37
38
39
40
41
42
43
44
45
46
47
48
50
51
52
53
54
55
56
57
58
59
60
61
62
63
65
66
67
68
69
72
73
74
77
78
79
80
81
84
85
88
89
92
93
94
96
97
98
99
100
101
104
105
106
107
110
111
112
116
117
118
119
120
121
122
124
125
126
129
130
131
133
134
137
140
141
142
143
145
146
149
150
151
152
153
156
157
158
159
160
161
162
163
167
168
169
172
173
174
175
176
177
178
180
181
182
183
184
185
186
189
190
191
192
194
195
196
197
198
199
200
201
202
205
206
207
208
209
210
211
212
213
216
217
218
219
221
222
223
225
227
228
229
235
236
239
240
241
242
243
246
247
248
249
250
251
254
255
256
257
258
259
260
261
266
267
268
269
270
271
272
277
278
280
281
282
283
284
285
287
288
289
290
291
292
293
294
295
296
297
298
299
300
302
303
304
305
306
307
308
309
313
314
315
316
317
318
319
320
323
324
325
327
328
329
330
332
333
334
336
337
340
341
342
343
344
347
348
351
352
355
356
359
360
363
364