1
2
3
4
5
6
7
8
9
10
11
12
13
14
15
16
17
19
20
21
22
23
24
25
27
28
29
30
31
32
33
34
35
36
37
38
39
40
41
42
43
44
45
46
47
48
49
50
51
52
53
54
55
56
57
58
60
62
63
65
66
67
69
70
71
73
75
76
77
78
79
80
82
83
84
85
87
88
89
90
91
93
94
95
96
97
98
100
101
102
104
105
106
108
109
110
111
113
114
116
117
118
119
121
122
124
126
127
128
129
130
131
132
133
134
136
138
139
140
141
142
144
145
146
147
148
150
151
152
153
154
155
157
158
159
161
162
164
165
166
167
169
170
172
173
174
175
176
177
179
181
182
183
185
186
187
188
190
191
192
193
194
196
198
199
200
201
202
203
204
205
207
208
209
210
211
212
213
214
215
216
217
218
219
220
221
222
223
224
225
226
227
228
229
230
232
233
234
235
237
238
239
240
241
243
244
245
246
247
248
249
251
252
254
255
257
258
259
260
261
263
265
266
267
268
269
271
272
273
274
276
277
278
279
280
282
283
284
286
287
288
289
290
292
293
294
296
297
298
300
301
302
304
305
306
307
309
310
311
312
313
314
315
316
317
318
319
320
321
322
323
324
325
326
327
328
329
331
332
333
335
336
338
340
342
343
344
346
347
348
349
350
352
353
354
355
356
357
358
360
361
362
363
364
366
368
369
371
372
373
374
375
376
377
378
380
382
383
384
385
387
389
390
391
392
393
394
395
396
397
398
399
400
401
402
403
405
407
408
409
410
412
414
415
416
417
418
419
420
421
422
423
424
426
427
428
429
430
431
432
433
435
436
437
438
439
440
442
443
444
446
447
448
449
450
451
452
453
454
455
456
457
458
460
461
463
464
465
466
467
468
469
470
471
472
473
474
475
476
477
478
479
481
482
483
484
485
486
487
488
489
490
491
493
494
495
496
497
498
499
500
501
502
503
504
505
506
507
509
510
511
513
514
515
516
517
518
519
520
521
522
523
524
525
526
528
529
530
531
532
533
535
536
537
538
539
540
541
542
543
544
545
546
547
548
549
551
552
553
555
556
557
558
559
560
561
563
564
565
567
568
569
570
571
572
573
575
576
577
578
579
580
581
582
584
585
586
588
589
590
591
592
593
594
595
596
597
599
600
601
602
603
604
605
606
607
609
610
612
613
614
616
617
618
619
620
621
622
623
624
625
626
627
628
629
630
631
633
634
635
637
638
639
641
642
643
645
646
647
649
650
651
653
654
655
657
658
659
661
662
663
665
666
667
669
670
671
673
674
675
677
678
679
681
682
683
685
686
687
689
690
691
693
694
695
697
698
699
701
702
703
705
706
707
709
710
711
713
714
715
717
718
719
721
722
723
724
726
727
728
729
730
732
733
734
735
736
737
738
740
741
742
743
744
745
746
747
748
749
750
751
752
753
754
755
757
758
759
760
761
762
764
765
766