1
2
3
4
5
6
7
8
9
10
11
12
13
14
15
16
17
19
20
21
22
23
25
26
27
28
29
30
31
32
33
34
35
36
37
38
40
42
43
44
45
46
47
48
49
50
51
52
53
54
55
56
57
58
59
61
62
63
66
67
69
71
72
73
74
75
76
77
79
80
81
83
84
85
88
89
90
92
93
94
95
96
97
98
99
100
101
103
104
105
106
107
108
110
111
112
113
115
116
117
118
121
122
124
125
128
129
130
131
132
133
134
135
138
141
142
143
144
146
147
148
149
150
152
153
154
155
156
157
158
161
162
163
165
166
167
169
170
171
172
174
175
176
177
178
179
180
181
182
183
184
185
186
187
189
190
191
192
194
195
196
197
198
202
203
204
205
206
207
208
210
213
214
215
216
217
218
219
220
221
222
229
230
231
232
233
235
236
237
238
239
242
245
246
247
248
249
251
254
255
256
257
258
259
260
261
264
265
268
269
272
273
274
276
279
280
283
284
287
288
289
290
291
294
295
298
299
300
301
302
303
304
305
306
309
310
313
314
315
316
317
318
319
320
323
324
326
327
328
329
330
331
332
333
334
335
337
338
339
340
341
342
343
347
348
349
350
351
353
354
355
356
357
359
360
362
367
368
369
370
371
373
374
375
376
377
379
380
382
387
388
389
390
391
393
396
397
398