1
2
3
4
5
6
7
8
9
10
11
12
13
14
15
16
17
19
20
21
22
23
25
26
27
28
29
30
31
32
33
34
35
36
37
38
39
40
41
42
43
44
45
46
47
48
49
50
51
53
54
55
56
57
58
60
61
62
63
64
66
67
68
69
70
71
72
73
75
76
77
78
79
80
81
85
86
87
89
90
91
94
95
96
97
98
101
102
103
104
106
110
111
112
114
115
117
118
120
121
122
123
125
126
127
132
133
134
135
137
139
140
142
143
144
145
147
148
149
150
151
153
154
155
156
157
161
162
163
164
165
169
170
171
172
173
174
175
177
178
180
181
182
183
184
185
187
188
189
190
195
196
197
199
200
202
203
204
205
206
207
209
210
211
216
217
218
219
220
221
222
223
225
227
228
232
235
236
239
240
241
244
245
246
247
248
249
250
251
252
253
254
255
256
260
261
262
263
264
265
266
268
269
272
275
276
277
278
283
284
285
288
289
292
293
296
297
298
299
301
302
303
304
305
306
309
310
313
314
315
316
317
318
319
320
322
325
326
327
328
331
332
333
334
337
338
339
340
341
342
344
345
346
347
348
349
350
354
355
356
357
358
359
362
363
364
365
366
367
370
371
372
374
375
376