1
2
3
4
5
6
7
8
9
10
11
12
13
14
15
16
17
19
20
21
23
24
25
26
27
28
29
30
31
32
33
34
35
37
39
40
41
43
44
45
46
47
48
49
50
51
52
53
54
56
59
60
63
64
67
68
71
72
75
76
79
80
83
84
87
88
91
92
95
96
99
100
103
104
107
108
111
112
115
116
119
120
123
124
127
128
131
132
135
136
139
140
143
144
147
148
151
152
155
156
158
159
160
161
162
163
164
165
168
169
172
173
174
175
178
179
180
182
183
184
185
186
188
189
190
194
195
196
198
199
201
202
206
207
208
212
213
214
215
218
219
222
223
224
225
226
227
228
229
230
231
232
233
237
238
239
242
243
244
245
246
247
248
249
250
251