1
2
3
4
5
6
7
8
9
10
11
12
13
14
15
16
17
19
20
21
22
24
25
26
27
29
30
31
32
33
34
36
37
39
40
41
42
43
44
45
46
47
48
49
50
52
54
55
57
58
59
62
63
64
67
68
69
71
72
73
74
76
77
78
79
80
81
83
84
85
86
87
91
92
93
94
97
99
101
102
103
104
105
110
111
112
113
114
119
120
121
122
123
124
125
126
131
132
133
134
135
136
138
140
142
144
145
146
149
150
151
152
153
155
156
159
160
161
162
163
166
167
170
172
173
174
177
180
181
182
185
186
187
190
191
192
196
197
198
199
201
202
203
204
207
208
209
210
211
212
214
215
216
217
218
219
224
225
226
227
228
229
230