1
2
3
4
5
6
7
8
9
10
11
12
13
14
15
16
17
19
20
21
22
23
24
25
26
27
28
29
30
32
33
34
35
36
37
38
39
40
41
42
43
44
45
46
47
48
49
50
51
52
53
54
55
56
57
58
59
60
62
63
64
65
66
67
68
69
70
71
72
73
74
75
76
77
78
80
81
84
85
86
89
90
91
92
93
96
97
98
99
100
101
102
105
106
107
110
111
112
113
114
117
118
119
120
121
122
123
124
125
128
129
130
131
132
133
134
135
136
137
138
139
143
144
145
146
147
148
152
153
154
155
158
159
162
163
164
165
166
170
171
174
175
176
177
178
179
180
181
182
183
184
185
186
188
190
192
193
195
196
197
199
200
201
202
203
206
207
208
209
214
215
216
217
218
222
223
224
225
226
227
228
229
230
231
233
236
237
238
239
240
241
242
243
244
245
246
247
250
251
252
253
256
257
258
259
260
263
264
265
266
269
270
271
272
273
276
277
278
279
280
283
284
285
288
289
291
292
293
296
297
298
300
303
304
307
308
309
311
314
315
316
317
318
319
320
321
324
325
328
329
332
333
336
337
338
339
340
343
344
347
348
351
352
355
356
357
358
359
362
363
364
365
366
367
369
370
373
374
377
378
379
380
381
382
383
384
385
388
389
390
391
392
393
394
395
396
399
400
401
402
403
404
405
408
409
410
411
412
413
414
416
419
420
421
423
424
427
428
429
430
431
434
435
436
439
440
441
444
445
446
447
448
451
452
453
456
457
458
461
462
463
466
467
468
471
472
473
476
477
478
481
482
485
486
489
490
491
494
495
498
499
502
503
504
507
508
509
512
513
514
517
518
519
522
523
524
527
528
531
532
535
536
537
540
541
542
545
546
549
550
553
554
555
558
559
560
563
564
565
568
569
570
573
574
575
578
579
580
583
584
585
588
589
592
593
596
597
598
601
602
605
606
607
610
611
612
615
616
617
620
621
622
625
626
627
630
631
632
635
636
637
640
641
642
645
646
647
650
651
652
655
656
657
660
661
662
665
666
667
670
671
672
675
676
677
680
681
682
683
686
687
688
691
692
693
696
697
698
699
702
703
704
707
708
709
712
713
714
717
718
719
722
723
724
727
728
729
732
733
734
737
738
739
742
743
744
747
748
749
752
753
754
757
758
761
762
763
766
767
770
771
772
775
776
777
780
781
782
785
786
789
790
793
794
795
798
799
800
803
804
805
808
809
810
813
814
817
818
821
822
823
826
827
828
831
832
835
836
837
840
841
842
845
846
849
850
851
854
855
856
859
860
863
864
865
868
869
870
873
874
875
878
879
880
883
884
885
888
889
890
893
894
895
898
899
900
901
904
905
908
909
912
913
914
917
918
919
922
923
924
925
928
929
930
933
934
937
938
939
942
943
944
947
948
949
952
953
956
957
960
961
964
965
968
969
970
973
974
975
978
979
980
983
984
985
988
989
990
993
994
995
998
999
1000
1003
1004
1005
1008
1009
1010
1013
1014
1015
1018
1019
1020
1023
1024
1025
1028
1029
1030
1033
1034
1035
1038
1039
1040
1043
1044
1045
1048
1049
1050
1051
1052
1053
1057
1058
1059
1060
1063
1064
1065
1068
1069
1070
1071
1074
1075
1076
1077
1078
1079
1081
1084
1085
1087
1088
1089
1090
1091
1092
1093
1095
1096
1097
1099