1
2
3
4
5
6
7
8
9
10
11
12
13
14
15
16
17
19
20
21
22
23
24
25
27
28
29
30
31
32
33
34
35
36
37
38
39
40
41
42
43
44
45
46
48
50
51
54
55
56
57
59
60
61
63
64
65
66
67
68
69
70
71
72
73
74
75
76
77
78
79
80
81
82
83
87
89
90
91
93
94
96
97
99
100
101
102
103
106
107
111
114
115
116
117
118
122
123
125
126
127
128
130
132
133
135
136
137
138
139
142
143
145
146
147
148
149
150
153
156
157
158
159
161
162
163
164
165
168
169
170
171
172
175
176
177
178
179
182
183
184
185
186
188
190
191
192
193
196
197
198
199
202
203
204
205
208
209
210
211
214
215
216
217
220
221
222
223
226
227
228
229
232
233
236
237
238
239
240
241
245
246
247
248
251