1
2
3
4
5
6
7
8
9
10
11
12
13
14
15
16
17
19
20
21
22
23
24
25
26
27
28
29
30
31
33
34
35
36
37
38
39
40
41
42
43
44
45
46
47
48
49
50
51
52
53
54
55
56
57
58
59
61
62
63
64
65
66
67
68
70
71
72
73
74
77
78
79
80
82
83
84
85
86
89
90
91
92
93
94
95
98
100
101
102
103
105
106
107
109
110
112
113
114
115
117
118
119
120
121
122
125
126
130
131
132
133
134
135
140
141
142
143
145
146
148
149
150
151
152
153
154
155
156
157
160
161
165
166
167
170
171
172
173
175
176
178
179
180
181
182
183
184
186
187
188
189
193
194
195
198
199
201
202
203
205
206
207
208
211
212
213
214
217
218
219
220
221
222
223
224
225
227
228
229
232
235
236
237
238
239
240
241
242
243
246
247
248
249
250
251
252
253
254
257
258
259
262
265
266
267
268
269
270
271
272
273
274
275
278
279
281
282
285
286
287
288
289
290
291
293
294
295
296
297
298
302
303
304
305
306
307
308
309
310
311
312
316
317
318
319
320
321
322
323
324
325
327
328
330
331
332
334
335
336
337
339
340
341
343
344
345
348
349
350
351
355
356
357
358
361
364
365
366
367
368
369
370
371
372
373
374
377
378
379
380
381
382
384
385
386
387
388
389
390
391
392
393
394
395
396
398
399
400
401
402
403
404
406
407
408
409
410
413
414
415
416
419
422
423
426
427