1
2
3
4
5
6
7
8
9
10
11
12
13
14
15
16
17
19
20
21
22
23
25
26
27
28
29
30
31
32
33
34
35
36
38
39
40
41
42
43
45
46
47
48
49
50
51
52
53
54
55
56
57
58
59
60
61
62
64
67
68
71
72
75
76
77
80
81
82
83
84
85
86
87
90
91
94
95
98
99
100
101
102
103
105
107
108
109
110
111
112
115
116
117
120
121
122
123
124
125
126
127
128
130
131
132
134
135
139
140
141
142
144
147
148
151
152
155
156
157
160
161
165
166
168
169
170
171
172
173
176
177
178
179
180
181
184
185
188
189
190
191
192
193
194
195
198
199
200
202
205
206
209
210
213
214
215
216
217
218
221
224
225
228
229
232
233
236
237
240
241
244
245
248
249
252
253
256
257
260
261
264
265
268
269
272
273
276
277
280
281
284
285
288
289
292
293
296
297
300
301
304
305
308
309
312
313
316
317
320
321
324
325
328
329