1
2
3
4
5
6
7
8
9
10
11
12
13
14
15
16
17
19
20
21
22
23
24
25
26
27
28
29
30
32
33
34
35
36
37
38
39
40
41
42
44
46
47
50
51
52
53
54
55
56
61
62
63
64
65
66
67
68
69
70
71
72
75
76
77
78
79
80
81
82
83
84
85
86
89
90
91
92
93
94
95
96
97
98
99
102
103
104
105
106
107
110
113
114
115
116
117
118
119
120
121
122
123
126
127
128
129
130
131
132
133
134
135
136
139
140
141
142
143
144
145
149
150
151
152
153
154
155
156
157
158
159
161
162
165
166
167
168
169
172
173
174
175
176
177
178
179
180
181
182
183
184
187
188
189
190
191
192
194
195
197
198
202
203
204
205
206
208
211
214
215
216
217
218
219
220
221
222
223
224
225
226
227
228
229
230
231
233
234
235
237
238
241
242
243
244
245
246
247
248
249
250
251
252
255
258
259
260
261
262
264
265
267
268
269
270
272
273
274
275
277
278
279
280
281
282
284
287
288
291
292
293
294
295
296
297
298
299
300
301
302
303
304
305
306
307
308
309
310
312
313
316
319
320
321
322
323
324
325
326
327
328
329
330
331
332
333
336
337
339
340
341
342
343
344
345
347
350