1
2
3
4
5
6
7
8
9
10
11
12
13
14
15
16
17
19
20
21
22
23
24
25
26
27
28
29
30
32
33
34
35
36
37
38
39
40
41
42
43
44
45
46
47
48
49
50
51
52
54
55
56
57
58
60
61
62
63
64
65
66
67
69
70
72
73
74
75
76
77
78
79
81
84
85
86
89
90
91
94
95
96
97
98
101
102
103
106
107
108
111
112
113
114
116
118
119
120
123
124
125
128
129
130
131
132
135
136
137
140
141
142
145
146
147
150
151
152
153
156
157
158
161
162
163
166
167
168
169
170
171
172
173
177
178
179
180
182
183
185
186
187
188
189
192
195
196
197
198
199
200
203
204
205
208
209
210
211
212
214
215
217
220
221
222
223
224
225
226
229
230
231
234
235
236
237
238
239
241
242
244
247
248
249
250
251
252
253
254
258
259
260
261
262
265
266
267
270
271
272
275
276
277
280
281
282
285
287
288
289
290
291
292
294
295
297
298
299
300
301
302
303
304
305
308
309
310
311
312
316
317
318
319
320
321
322
326
327
328
329
330
331
333
334
335
339
340
341
344
347
348
349
352
353
355
356
357
358
359
360
361
363
364
365
366
370
371
372
373
374
375
377
378
379
383
384
385
388
391
392
393
394
395
396
397
398
399
400
401
402
403
407
410
411
412
413
414
415
416
419
420
421
422
423
427
428
429
432
433
434
435
436
437
438
439
440
441
442
443
444
445
446
447
449
450
451
452
457
458
459
460
461
464
466
467
469
470
471
472
473
474
479
480
481
482
483
484
485
486
487
488
489
490
491
493
494
495
497
498
499
500
501
502
503
504
505
506
507
508
509
512
513
515
516
517
518
519
523
524
525
526
527
528
530
531
532
536
537
540
541
542