1
2
3
4
5
6
7
8
9
10
11
12
13
14
15
16
17
19
20
21
22
23
24
25
26
28
29
30
31
32
33
34
35
36
37
38
39
40
41
42
43
44
45
46
47
49
50
51
52
53
54
55
56
57
58
59
60
61
62
63
64
65
66
67
68
69
71
74
75
78
79
80
81
82
84
87
88
89
92
93
96
97
100
101
102
103
104
105
106
107
108
109
110
111
112
113
114
116
117
118
119
122
125
126
127
128
129
133
134
135
136
137
139
142
143
144
147
148
149
150
151
153
154
155
156
158
159
160
161
163
164
165
166
167
168
172
173
174
177
178
179
182
183
186
187
188
191
192
195
196
197
200
201
204
205
206
209
210
213
214
217
218
219
222
223
226
227
228
231
232
235
236
237
240
241
244
245
248
249
250
251
252
255
256
257
260
261
262
263
264
265
268
269
270
271
272
275
276
277
278
279
282
283
284
287
288
289
290
291
293
294
295
297
298
301
302
303
304
305
307
308
309
312
313
314
315
316
317
320
323
324
325
326
327
329
330
331
334
335
337
340
341
342
345
346
347
350
351
354
355
358
359
360
361
365
366
367
368
372
373
374
376
377
378
381
382
383
384
387
388
389
390
391
393
394
395
396
399
400
402