1
2
3
4
5
6
7
8
9
10
11
12
13
14
15
16
17
20
21
22
23
24
25
26
27
28
30
31
33
34
35
36
38
40
41
42
43
44
45
46
47
50
51
55
56
59
60
61
62
63
64
67
68
69
70
71
72
76
77
78
81
82
85
86
88
89
91
92
93
94
97
98
100
103
104
105
106
107
108
110
111
113
116
117
118
119
120
121
123
124
126
129
130
131
132
133
134
136
137
139
142
143
144
145
146
147
150
152
153
154
157
158
159
160
161
162
163
167
168
169
170
171
172
174
175
176
178
179
181
184
185
186
188
189
190
192
195
196
197
198
199
200
203
204
205
207
208
209
210
211
213
214
217
218
219
220
221
222
225
226
227
228
229
230
231
234
235
236
239
240
242
243
245
246
248
250
251
252
253
254
255
256
257
258
259
260
264
265
267
268
271
272
273
274
278
279
282
285
286
287
290
291
292
293
294
299
300
301
303
304
305
306
309
311
312
313
314
315
318
320
323
324
325
326
328
329
330
331
332
333
336
339
340
341
342
344
345
346
347
349
350
355
356
357
358
359
360
361
362
363
364
365
366
367
370
371
372
373
374
375
376
379
380
381
382
383
384
387
390
391
392
393
394
395
396
397
398
399
403
404
406
409
410
411
412
413
414
417
418
419
420
422
423
424
428
429
430
431
434
435
436
437
438
439
441
442
443
444
445
446
449
453
454
456
459
460
461
462
463
464
465
466
467
468
469
470
471
472
473
476
479
480
481
482
483
484
485
486
487
488
489
490
491
492
493