1
2
3
4
5
6
7
8
9
10
11
12
13
14
15
16
17
19
20
22
23
24
25
26
27
28
29
30
31
32
33
34
35
36
37
39
40
41
42
43
44
45
46
47
48
49
50
51
52
54
55
56
57
58
59
60
61
62
63
65
66
67
68
69
70
71
72
73
74
75
76
79
80
81
82
83
84
85
86
87
88
89
90
91
92
95
96
97
98
99
100
101
102
103
104
105
108
109
110
111
112
113
114
115
116
117
118
121
122
125
126
127
128
129
131
134
135
136
139
140
141
142
143
144
147
148
149
150
151
155
158
159
160
162
165
166
167
168
169
170
171
174
175
176
177
178
179
180
181
182
184
185
186
190
191
194
195
196
197
198
199
200
201
204
205
208
209
212
213
216
217
220
221
224
225
226
227
228
229
230
233
234
235
236
237
238
241
242
243
244
245
246
247
250
251
252
253
254
255
256
257
260
261
262
263
267
268
269
270
271
274
275
276
277
278
279
280
281
282
283
284
286
287
288
290
291
294
295
296
297
298
299
300
301
302
303
307
308
309
310
311
314
315
316
319
320
323
324
327
328
329
330
331
333
334
335
337
338
339
340
341
342
343
344
345
349
350
353
358
359
360
363
364
365