1
2
3
4
5
6
7
8
9
10
11
12
13
14
15
16
17
19
20
21
22
23
25
26
27
28
29
30
31
32
33
34
35
36
38
39
40
41
42
43
45
46
47
48
49
50
51
52
53
54
55
56
57
58
59
60
61
62
63
64
66
69
70
73
74
77
78
79
82
83
84
85
86
87
88
89
92
93
96
97
100
101
102
103
104
105
107
109
110
111
112
113
114
117
118
119
122
123
124
125
126
127
128
129
130
132
133
134
136
137
141
142
143
144
146
149
150
153
154
157
158
159
162
163
167
168
170
171
172
173
174
175
178
179
180
181
182
183
186
187
190
191
192
193
194
195
196
197
200
201
202
204
207
208
211
212
213
216
217
218
219
220
221
224
227
228
231
232
235
236
239
240
243
244
247
248
251
252
255
256
259
260
263
264
267
268
271
272
275
276
279
280
283
284
287
288
291
292
295
296
299
300
303
304
307
308
311
312
315
316
319
320
323
324
327
328
331
332
335
336
339
340
343
344
347
348