1
2
3
4
5
6
7
8
9
10
11
12
13
14
15
16
17
19
20
21
22
23
24
25
26
27
28
29
30
32
33
34
35
36
37
38
39
40
41
42
43
44
45
46
47
48
49
51
53
55
56
59
60
61
62
63
64
65
70
71
72
73
74
75
76
77
78
79
80
81
84
85
86
87
88
89
90
91
92
93
94
95
98
99
100
101
102
103
104
105
106
107
108
111
112
113
114
115
116
119
122
123
124
125
126
127
128
129
130
131
132
135
136
137
138
139
140
141
142
143
144
145
148
149
150
151
152
153
154
158
159
160
161
162
163
164
165
166
167
168
170
171
174
175
176
177
178
181
182
183
184
185
186
188
189
190
191
192
194
198
199
201
204
205
206
207
208
209
210
211
212
213
214
215
216
217
219
220
221
223
224
225
226
228
231
232
233
234
235
236
237
238
239
240
241
242
243
244
245
246
247
248
250
251
252
254
255
258
259
260
261
262
263
264
265
266
267
268
269
272
275
276
277
278
279
281
282
284
285
286
287
289
290
291
292
294
295
296
297
298
299
301
304
305
308
309
310
311
312
313
314
315
316
317
318
319
320
321
322
323
324
325
326
327
329
330
333
336
337
338
339
340
341
342
343
344
345
346
347
348
349
350
353
354
356
357
358
359
360
361
362
364
367
370
371
372
373
374
375
376
377
378
379
380
381
383
384
385
386
387
388
389
390
391
392
393
395
396
397
400
401
402
403
404
405
406
407
410
411
412
414
415
416
417
418
419
420
421
424
425
426
427
428
429
430
431
432
433
434
436
437
438
440
441
442
447