1
2
3
4
5
6
7
8
9
10
11
12
13
14
15
16
17
19
20
21
22
23
24
25
26
27
28
29
30
32
33
34
35
36
37
38
39
40
41
42
43
44
45
46
47
48
49
50
51
52
53
54
55
56
57
58
59
60
62
63
64
65
66
67
68
69
70
71
72
73
74
75
76
77
79
80
83
84
85
88
89
90
91
92
95
96
97
98
99
100
101
104
105
106
109
110
111
112
113
116
117
118
119
120
121
122
123
124
127
128
129
130
131
132
133
134
135
136
137
138
142
143
144
145
146
147
151
152
153
156
157
160
161
162
163
164
165
166
167
168
169
170
171
172
174
176
178
179
181
182
183
185
186
187
188
189
190
192
193
194
195
196
197
198
199
200
201
202
203
204
205
206
209
210
211
212
217
218
219
220
221
225
226
227
228
229
230
231
232
233
234
236
239
240
241
242
243
244
245
246
247
248
249
250
253
254
255
256
259
260
261
262
263
266
267
268
269
272
273
274
275
276
279
280
281
282
283
286
287
288
291
292
295
296
298
299
300
303
304
305
307
310
311
314
315
316
318
321
322
323
324
325
326
327
328
331
332
335
336
339
340
343
344
345
346
347
350
351
354
355
358
359
362
363
364
365
366
369
370
371
372
373
374
376
377
380
381
384
385
386
387
388
389
390
391
392
395
396
397
398
399
400
401
402
403
406
407
408
409
410
411
412
415
416
417
418
419
420
421
423
426
427
428
430
431
434
435
436
437
438
441
442
443
446
447
448
451
452
453
454
455
458
459
460
463
464
465
468
469
470
473
474
475
478
479
480
483
484
485
488
489
492
493
496
497
498
501
502
505
506
509
510
513
514
515
518
519
520
523
524
525
528
529
530
533
534
537
538
541
542
543
546
547
548
551
552
555
556
559
560
561
564
565
566
569
570
571
574
575
576
579
580
581
584
585
586
589
590
591
594
595
598
599
602
603
604
607
608
611
612
613
616
617
618
621
622
623
626
627
628
631
632
633
636
637
638
641
642
643
646
647
648
651
652
653
656
657
658
661
662
663
666
667
668
671
672
673
676
677
678
681
682
683
686
687
688
689
692
693
694
697
698
699
702
703
704
705
708
709
710
713
714
715
718
719
720
723
724
725
728
729
730
733
734
735
738
739
740
743
744
745
748
749
750
753
754
755
758
759
760
763
764
767
768
769
772
773
776
777
778
781
782
783
786
787
788
791
792
795
796
799
800
801
804
805
806
809
810
811
814
815
816
819
820
823
824
827
828
829
832
833
834
837
838
841
842
843
846
847
848
851
852
855
856
857
860
861
862
865
866
869
870
871
874
875
876
879
880
881
884
885
886
889
890
891
894
895
896
899
900
901
904
905
906
907
910
911
914
915
918
919
920
923
924
925
928
929
930
931
934
935
936
939
940
943
944
945
948
949
950
953
954
955
958
959
962
963
966
967
970
971
974
975
976
979
980
981
984
985
986
989
990
991
994
995
996
999
1000
1001
1004
1005
1006
1009
1010
1011
1014
1015
1016
1019
1020
1021
1024
1025
1026
1029
1030
1031
1034
1035
1036
1039
1040
1041
1044
1045
1046
1049
1050
1051
1054
1055
1056
1059
1060
1061
1064
1065
1066
1069
1070
1071
1074
1075
1076
1079
1080
1083
1084
1087
1088
1089
1092
1093
1094
1095
1096
1097
1101
1102
1103
1104
1107
1108
1109
1112
1113
1114
1115
1118
1119
1120
1121
1122
1123
1125
1128
1129
1131
1132
1133
1134
1135
1136
1137
1139
1140
1141
1143