1
2
3
4
5
6
7
8
9
10
11
12
13
14
15
16
17
19
20
21
22
24
25
26
27
28
30
31
32
33
34
35
36
37
38
39
40
41
42
43
45
46
47
48
49
50
51
52
54
55
56
57
59
60
61
62
64
65
66
67
69
70
71
72
74
75
76
77
79
80
81
82
84
85
86
87
89
90
91
92
94
95
96
97
99
100
101
102
104
105
106
107
109
110
111
112
114
115
116
117
119
120
121
122
124
125
126
127
129
130
131
132
134
135
136
137
139
140
141
142
144
145
146
147
149
150
151
152
154
155
156
157
159
160
161
162
163
166
167
168
169
170
172
173
174
175
177
178
179
180
182
183
184
185
186
187
188
189
191
192
195
196
197
199
200
203
204
206
207
208
210
211
213
214
215
217
218
220
221
224
225
226
227
231
232
235
236
239
240
243
244
247
248
251
252
255
256
259
260
263
264
267
268
271
272
275
276
279
280
283
284
285
287
290
291
294
295
298
299
302
303
306
307
310
311
314
315
318
319
320
321
322
323
324
325
326
327
328
329
330
332
335
336
337
338
340
343
344
347
348
351
352
355
356
359
360
363
364
367
368
371
372
375
376
379
380
383
384
387
388
391
392
395
396
399
400
403
404
407
408
411
412
415
416
419
420
423
424
427
428
431
432
435
436
439
440
443
444
447
448
451
452
455
456
459
460
463
464
467
468
471
472
475
476
479
480
483
484
485
486
487
488
489
491