1
2
3
4
5
6
7
8
9
10
11
12
13
14
15
16
17
19
20
21
22
23
24
25
27
28
29
30
31
32
33
34
35
36
37
38
39
40
41
42
43
44
45
46
47
48
49
50
51
52
53
54
55
56
57
58
60
62
63
65
66
67
69
70
71
73
75
76
77
78
79
80
82
83
84
85
87
88
89
90
91
93
94
95
96
97
98
100
101
102
104
105
106
108
109
110
111
113
114
116
117
118
119
121
122
124
126
127
128
129
130
131
132
133
134
136
138
139
140
141
142
144
145
146
147
148
150
151
152
153
154
155
157
158
159
161
162
164
165
166
167
169
170
172
173
174
175
176
177
179
181
182
183
185
186
187
188
190
192
194
195
196
197
198
199
200
201
203
204
205
206
207
208
209
210
211
212
213
214
215
216
217
218
219
220
221
222
223
224
225
226
228
229
230
231
233
234
235
236
237
239
240
241
242
243
244
245
247
248
250
251
253
254
255
256
257
259
261
262
263
264
265
267
268
269
270
272
273
274
275
276
278
279
280
282
283
284
285
286
288
289
290
292
293
294
296
297
298
300
301
302
303
305
306
307
308
309
310
311
312
313
314
315
316
317
318
319
320
321
322
323
324
325
327
328
329
331
332
334
336
338
339
340
342
343
344
345
346
348
349
350
351
352
353
354
356
357
358
359
360
362
364
365
367
368
369
370
371
372
373
374
376
378
379
380
381
383
385
386
387
388
389
390
391
392
393
394
395
396
397
398
399
401
403
404
405
406
408
410
411
412
413
414
415
416
417
418
419
420
422
423
424
425
426
427
428
429
430
431
433
434
435
436
437
438
440
441
442
444
445
446
447
448
449
450
451
452
453
454
455
456
458
459
461
462
463
464
465
466
467
468
469
470
471
472
473
474
475
476
477
479
480
481
482
483
484
485
486
487
488
489
491
492
493
494
495
496
497
498
499
500
501
502
503
504
505
507
508
509
511
512
513
514
515
516
517
518
519
520
521
522
523
524
526
527
528
529
530
531
533
534
535
536
537
538
539
540
541
542
543
544
545
546
547
549
550
551
553
554
555
556
557
558
559
561
562
563
565
566
567
568
569
570
571
573
574
575
576
577
578
579
580
582
583
584
586
587
588
589
590
591
592
593
594
595
597
598
599
600
601
602
603
604
605
607
608
610
611
612
614
615
616
617
618
619
620
621
622
623
624
625
626
627
628
629
631
632
633
635
636
637
639
640
641
643
644
645
647
648
649
651
652
653
655
656
657
659
660
661
663
664
665
667
668
669
671
672
673
675
676
677
679
680
681
683
684
685
687
688
689
691
692
693
695
696
697
699
700
701
703
704
705
707
708
709
711
712
713
715
716
717
719
720
721
722
724
725
726
727
728
730
731
732
733
734
735
736
738
739
740
741
742
743
744
745
746
747
748
749
750
751
752
753
755
756
757
758
759
760
762
763
764