1
2
3
4
5
6
7
8
9
10
11
12
13
14
15
16
17
19
20
21
22
23
25
26
27
28
29
30
31
32
33
34
35
36
37
38
39
40
42
43
44
45
46
47
48
50
51
52
54
55
56
57
58
59
60
61
62
63
64
65
66
68
69
72
73
74
75
78
79
80
81
82
83
84
86
87
88
90
91
92
95
96
97
98
101
102
103
104
105
108
111
112
113
114
117
118
119
120
121
122
123
124
127
128
129
130
131
134
135
136
138
139
142
143
144
149
150
152
154
155
156
159
160
161
165
166
167
168
169
171
172
175
176
177
180
181
182
183
184
186
191
192
193
194
195
196
197
199
203
204
207
208
209
210
211
212
213
214
216
217
219
220
222
223
225
226
228
229
231
232
234
235
237
238
240
241
243
244
246
247
249
250
252
253
255
256
258
259
260
265
266
269
270
271
273
274
275
276
277
278
279
281
282
283
284
287
288
289
290
291
293
294
295
296
299
300
301
304
305
306
310
311
312
315
316
317
318
319
322
323
326
327
330
331
334
335
338
339
342
343
346
347
350
351
354
355
358
359
362
363
366
367
370
371
374
375
378
379
382
383
386
387
390
391
394
395
398
399
402
403
406
407
410
411
414
415
418
419