1
2
3
4
5
6
7
8
9
10
11
12
13
14
15
16
17
19
20
21
22
23
24
25
26
27
28
29
30
31
33
34
35
36
37
39
40
42
43
44
45
47
48
49
50
51
52
53
54
56
57
58
59
62
63
64
67
68
69
70
73
74
76
77
78
79
83
84
85
86
88
89
90
93
94
95
96
97
98
99
100
103
104
107
108
109
111
112
115
116
118
119
120
123
124
125
126
127
128
129
133
134
135
136
137
138
139
141
142
143
146
147
148
151
152
153
154
155
156
157
158
160
161
164
165
166
168
169
170
171
172
176
177
180
181
182
185
186
187
188
189
190
191
193
194
195
196
197
201
202
203
204
206
208
209
211
212
213
216
217