1
2
3
4
5
6
7
8
9
10
11
12
13
14
15
16
17
19
20
21
22
23
24
25
26
27
29
30
31
32
33
34
36
37
38
39
40
41
42
43
45
46
48
49
50
51
52
53
55
56
57
59
60
61
64
65
66
69
70
71
72
75
76
77
80
81
82
83
86
87
88
89
92
93
94
97
98
99
100
102
103
104
105
107
110
111
112
113
114
115
116
117
121
122
123
124
125
127
128
129
131
132
133
134
135
136
137
138
140
141
142
143
144
145
146
147
150
153
154
155
158
159
160
163
164
165
168
169
170
173
174
175
178
179
180
181
182
183
184
185
188
191
192
193
196
197
198
199
201
204
205
206
207
210
211
212
213
216
217
218
219
220
221
222
223
224
225
226
228
229
230
231
234
235
236
237
238
240
241
242
243
244
245
246
248
249
250
252
255
256
257
259
260
261
262
266
267
268
269
270
271
272
273
274
275
276
277
278
280
282
283
284
285
286
287
288
289
290
291
292
294
295
296
297
298
299
302
303
304
305
306
307
308
310
311
312
313
315
316
317
318
323
324
325
328
329
330
331
332
333
334
335
337
338
339
340
341
342
343
344
345
346
347
349
352
353
354
355
356
357
358
359
361
362
363
364
367
368
371
372
373
376
377
378
379
382
383
386
387
388
389
390
391
392
393
394
395
398
399
400
401
402
405
406
407
408
410
411
412
413
415
416
417
418
420
421
422
423
425
426
427
428
430
431
432
435
436
437
438
439
440
441