1
2
3
4
5
6
7
8
9
10
11
12
13
14
15
16
17
19
20
21
22
23
24
25
26
27
29
30
31
32
33
34
35
36
37
38
39
40
41
42
43
44
45
46
47
48
49
50
51
52
53
54
55
56
57
58
59
60
61
62
63
64
65
66
67
68
69
70
71
72
73
74
75
76
77
78
79
80
81
82
83
84
85
86
87
88
90
91
92
93
94
95
96
97
98
99
101
102
103
104
106
108
109
110
111
113
114
115
118
119
122
124
125
128
129
132
133
134
137
138
139
140
141
144
145
146
148
149
151
153
154
156
157
159
160
162
163
164
165
166
167
169
170
172
173
174
175
177
178
179
180
182
183
184
185
187
188
189
190
192
193
194
195
197
198
199
200
202
203
204
205
207
208
209
210
211
212
213
214
215
219
220
221
222
223
224
225
228
229
230
231
232
234
235
236
237
238
239
240
241
242
246
247
248
249
250
251
252
253
254
259
260
262
263
265
266
268
269
271
272
273
274
276
277
279
281
282
285
286
287
288
289
290
291
292
293
295
296
297
299
300
304
306
307
308
309
310
311
312
313
314
315
316
317
318
319
324
325
327
328
329
332
333
334
335
336
337
338
339
340
341
342
343
344
345
346
347
348
349
350
352
353
355
356
357
358
359
360
361
363
364
365
370
371
372
374
375
377
378
381
382
385
386
387
388
389
392
393
394
395
396
399
400
402
403
406
407
409
410
414
415
416
417
418
419
420
421
422
423
429
431
432
435
436
437
438
441
443
445
447
449
451
453
455
457
459
461
463
465
467
469
471
473
475
477
479
481
483
485
487
488
489
490
491
493
495
497
499
501
503
505
507
509
511
513
515
517
518
520
521
522
523
524
525
526
527
528
530
531
533
534
536
537
539
540
542
543
545
546
548
549
551
552
554
555
557
558
560
561
563
564
566
567
571
572
574
575
576
577
578
579
580
581
582
583
584
585
590
591
592
593
594
595
596
597
598
603
604
605
609
610
611
612
613
614
615
616
617
618
619
620
621
622
623
624
625
626
629
631
632
633
634
635
637
638
639
640
641
642
643
644
645
646
647
648
649
650
656
657
658
661
662
663
664
665
669
671
672
673
674
675
676
677
678
679
680
681
682
683
684
686
687
688
691
692
695
696
697
698
699
700
701
702
703
705
706
707
709
713
715
717
718
720
721
722
723
726
727
732
733
734
735
736
737
738
739
740
743
746
747
748
749
750
752
753
754
755
757
758
759
760
762
763
764
765
767
768
769
770
772
773
774
775
777
778
779
780
782
783
784
785