1
2
3
4
5
6
7
8
9
10
11
12
13
14
15
16
17
19
20
21
22
23
24
25
27
28
29
30
31
32
33
34
35
36
38
39
40
42
43
44
45
46
47
48
49
50
51
52
53
54
55
56
57
58
59
60
62
63
64
65
66
67
68
69
70
71
72
73
74
75
76
77
78
79
80
81
82
83
84
85
86
87
88
89
90
91
92
93
94
95
96
97
98
99
101
102
103
104
105
106
107
109
111
113
114
115
116
117
118
119
120
121
122
123
124
125
126
127
128
129
130
131
132
133
134
135
136
137
138
139
140
141
142
143
144
145
146
147
148
149
151
152
153
154
155
157
158
159
160
163
164
165
168
169
170
171
174
175
176
177
180
183
184
185
186
187
191
192
193
196
197
198
199
200
201
205
206
209
210
213
214
215
216
218
219
221
223
224
225
226
227
228
229
231
232
235
236
239
240
243
244
246
247
249
250
253
254
255
258
259
260
263
264
265
268
269
270
271
272
273
274
275
276
277
278
279
281
282
285
286
287
288
289
293
294
297
298
299
302
303
304
305
306
307
308
310
312
313
314
316
319
320
321
323
326
327
328
329
333
334
335
336
337
338
339
340
341
342
345
346
347
348
349
355
356
357
358
359
361
362
363
366
367
368
373
375
376
377
378
379
381
382
383
384
386
387
388
389
390
391
392
393
394
395
396
397
398
403
407
408
409
411
412
413
414
415
416
417
419
420
423
424
427
428
431
432
434
435
436
439
440
441
444
445
446
449
450
451
452
453
454
455
456
457
458
459
460
463
464
465
466
467
471
472
473
476
477
478
479
480
481
482
484
487
488
489
491
494
495
496
498
501
502
503
507
508
510
511
512
513
515
516
517
520
521
522
523
524
525
526
530
531
532
533
534
535
536
537
538
539
540
541
542
544
545
547
548
549
550
554
555
556
560
561
562
563
565
566
567
570
571
572
573
577
578
581
582
583
584
586
587
588
589
590
591
592
593
596
597
598
601
602
603
604
605
606
608
609
613
614
616
617
620
621
624
625
628
629
632
633
636
637
640
641
644
645
648
649
652
653
656
657
660
661
664
665
666
668
671
672
673
675
678
679
682
683
686
687
690
691
694
695
698
699
702
703
706
707
710
711
714
715
718
719
722
723
726
727
730
731
733
734
737
738
741
742
745
746
747
748
752
753
756
757
760
761
762
763
766
767
768
770
773
774
777
778
781
782
785
786
789
790
793
794
797
798
801
802
805
806
809
810
811
812
813
814
815
816
817
818
819
820
821
826
827
828
829
830
832
833
834
835
836
837
838
839
840
841
842
847
848
849
850
852
853
855
856
860
861
862
865
866
867
870
871
874
875
878
879
882
883
884
885
886
888
889
892
893
896
897
898
900
901
902
903
906
908
909
911
912
913
915
916
917
918
919
920
921
922
928
929
930
934
935
936
937
940
943
944
945
946
947
948
949
951
952
953
954
955
956
957
958
959
960
961
962
964
965
966
967
969
970
972
973
975
977
982
983
986
987
990
991
994
995
998
999
1002
1003
1006
1007
1010
1011
1014
1015
1018
1019
1022
1023
1026
1027
1028
1031
1032
1035
1036
1039
1040
1043
1044
1047
1048
1051
1052
1055
1056
1059
1060
1063
1064
1067
1068
1071
1072
1075
1076
1079
1080
1083
1084
1087
1088
1091
1092