1
2
3
4
5
6
7
8
9
10
11
12
13
14
15
16
17
19
20
21
22
23
24
25
26
27
28
29
30
31
32
33
34
36
37
38
39
40
42
43
44
45
46
47
48
49
50
51
52
53
54
55
56
57
58
60
63
64
65
66
67
68
69
70
74
75
76
79
80
81
83
84
85
86
87
88
89
90
91
93
94
95
99
100
101
102
104
107
108
109
110
111
112
113
115
118
119
120
123
124
125
128
129
130
133
134
135
136
138
141
142
145
146
149
150
153
154
155
156
157
158
159
162
163
164
165
166
167
168
169
172
173
174
175
176
177
178
181
182
183
184
185
186
187
190
191
192
193
194
195
196
199
200
201
202
203
204
205
206
209
210
211
212
213
214
215
216
219
220
221
222
223
224
225
228
229
230
231
232
233
234
235
236
239
240
241
242
243
244
245
248
249
250
251
252
253
254
255
258
259
260
261
262
263
264
267
268
269
270
271
272
273
274
277
278
279
280
281
282
283
286
287
288
289
290
291
292
295
296
297
298
299
300
301
302
305
306
307
308
309
310
311
314
315
316
317
318
319
320
323
324
325
326
327
328
329
332
333
334
335
336
337
338
341
342
343
344
345
346
347
348
351
352
353
354
355
356
357
358
361
362
363
364
365
366
367
370
371
372
373
374
375
376
377
380
381
382
383
384
385
386
387
388
391
392
393
394
395
396
397
400
401
402
403
404
405
406
407
411
412
413
414
415
416
417
420
421
422
423
424
425
426
427
430
431
432
433
434
435
436
439
440
441
442
443
444
445
446
448
451
452
453
454
455
456
457
460
461
462
463
464
465
466
467