1
2
3
4
5
6
7
8
9
10
11
12
13
14
15
16
17
19
20
21
22
24
25
26
27
28
29
30
31
32
33
34
35
36
37
38
39
40
41
42
43
44
45
46
47
48
49
50
52
53
54
55
56
57
58
59
60
61
62
63
65
66
67
68
69
72
73
74
77
78
79
82
83
86
87
90
91
92
94
95
96
97
98
99
100
101
102
103
104
105
106
107
108
110
111
112
114
115
116
117
121
122
123
124
125
126
129
130
131
132
135
136
137
138
142
143
144
145
146
147
148
150
151
152
155
156
157
158
160
161
162
165
166
167
169
170
173
176
177
178
179
181
182
185
186
187
188
189
192
193
194
195
196
197
198
199
203
204
205
208
209
212
213
214
215
216
217
219
220
221
222
225
226
227
228
229
232
233
234
236
237
239
240
241
242
243
244
245
246
247
250
251
252
253
254
255
256
257
258
261
262
263
264
266
267
268
270
272
273
274
280
281
284
285
286
287
288
291
292
293
294
295
296
299
300
301
302
303
304
305
306
311
312
313
314
315
316
317
322
323
325
326
327
328
329
330
331
333
334
335
336
340
341
342
343
344
345
347
348
349
350
351
352
353
354
355
356
357
359
360
361
362
366
367
368
369
370
371
373
374
375
377
381
382
383
384
386
388
389
391
392
393
395
396
398
401
402
405
406
409
410
413
414
417
418
421
422
423
424
426
427
429
430
431
434
435
436
437
438
439
440
441
442
443
444
449
450
451
452
454
455
456
457
458
459
462
463
464
465
466
469
470
471
472
473
474
477
478
479
482
483
484