1
2
3
4
5
6
7
8
9
10
11
12
13
14
15
16
17
19
20
21
22
23
25
26
27
28
29
30
31
32
33
34
35
37
38
39
40
41
42
43
44
45
46
47
49
50
51
52
53
54
55
58
59
60
61
62
63
64
67
68
69
70
71
72
73
74
75
76
77
78
80
81
82
85
86
87
88
89
90
92
93
94
95
96
97
98
99
100
103
104
105
106
107
108
110
111
112
113
114
115
116
117
118
121
124
125
126
127
128
129
130
132
133
134
137
138
139
141
142
143
145
146
148
149
150
151
152
153
154
155
158
161
162
163
164
165
166
167
168
169
170
173
174
175
177
178
179
181
182
184
185
186
187
188
189
190
191
194
197
198
199
200
201
203
204
205
206
207
208
210
211
212
213
214
215
216
217
218
219
221
222
223
224
226
227
228
229
230
231
233
234
235
236
237
240
241
242
243
245
246
248
249
250
251
252
253
255
256
257
258
259
260
261
262
263
264
267
268
269
271
272
273
274
275
276
280
281
284
285
286
289
290
293
294
297
298
301
302
305
306
309
310
313
314
317
318